,target_num,prod_num,similarity
0,3208,3208,0.9999995827674866
1,3208,4997,0.7437557578086853
2,3208,1597,0.7192456722259521
3,3208,4728,0.7183555960655212
4,3208,1540,0.7115353941917419
5,3208,1557,0.7068071365356445
6,3208,3181,0.706291913986206
7,3208,1805,0.6938444375991821
8,3208,4998,0.6938201189041138
9,3208,3182,0.687082827091217
10,3208,3188,0.6867228150367737
11,3208,5629,0.6856663227081299
12,3208,3202,0.685616672039032
13,3208,3119,0.6838077306747437
14,3208,4211,0.6817831993103027
15,3208,2558,0.6809347867965698
16,3208,4133,0.6790010929107666
17,3208,3205,0.6788654923439026
18,3208,4999,0.6782427430152893
19,3208,1716,0.6762271523475647
20,3208,6027,0.674134373664856
21,3208,1255,0.6735065579414368
22,3208,3209,0.6734405159950256
23,3208,3660,0.6717676520347595
24,3208,5329,0.6704033613204956
25,3208,6035,0.6700700521469116
26,3208,4772,0.6699731349945068
27,3208,2560,0.6641129851341248
28,3208,3191,0.6637626886367798
29,3208,5683,0.6629539728164673
30,3208,3210,0.6628534197807312
31,3208,55,0.6619781255722046
32,3208,5792,0.66110759973526
33,3208,3122,0.6600252389907837
34,3208,3637,0.659692108631134
35,3208,3062,0.6579140424728394
36,3208,3213,0.6571676135063171
37,3208,3194,0.6562191247940063
38,3208,4537,0.6554269790649414
39,3208,3048,0.6548953056335449
40,3208,1687,0.6547799110412598
41,3208,5933,0.6546587347984314
42,3208,5651,0.6534509658813477
43,3208,2596,0.6517757177352905
44,3208,3646,0.6507163047790527
45,3208,2638,0.6495909094810486
46,3208,2547,0.6489955186843872
47,3208,2668,0.6479831337928772
48,3208,5026,0.6479367613792419
49,3208,5712,0.6479340195655823
50,3208,3134,0.6476039290428162
51,3208,5978,0.6469540596008301
52,3208,3178,0.6464537382125854
53,3208,4548,0.6462865471839905
54,3208,6030,0.6460159420967102
55,3208,3125,0.6457045674324036
56,3208,4805,0.6455991864204407
57,3208,6026,0.6448306441307068
58,3208,2995,0.6445711255073547
59,3208,3679,0.6445589661598206
60,3208,974,0.644231915473938
61,3208,4552,0.6439628005027771
62,3208,5938,0.6438260674476624
63,3208,3200,0.643744170665741
64,3208,5846,0.6428598761558533
65,3208,5708,0.6419981122016907
66,3208,3199,0.6403864026069641
67,3208,5676,0.6401680111885071
68,3208,1258,0.6397358775138855
69,3208,5057,0.6396666765213013
70,3208,5842,0.6387025117874146
71,3208,5654,0.6385759115219116
72,3208,5149,0.6382208466529846
73,3208,2732,0.6367124319076538
74,3208,5800,0.6358571648597717
75,3208,3622,0.6353417634963989
76,3208,2959,0.6340987682342529
77,3208,3141,0.6340316534042358
78,3208,5823,0.6338620185852051
79,3208,3061,0.6332324743270874
80,3208,5087,0.6331003904342651
81,3208,5618,0.6329342722892761
82,3208,5837,0.6328137516975403
83,3208,4864,0.631597638130188
84,3208,5915,0.631288468837738
85,3208,3196,0.6309036016464233
86,3208,3661,0.6307244896888733
87,3208,1796,0.6305384635925293
88,3208,1717,0.630475640296936
89,3208,3183,0.6301072239875793
90,3208,1034,0.6276911497116089
91,3208,4518,0.6274089217185974
92,3208,5814,0.6265909075737
93,3208,4904,0.6263413429260254
94,3208,5071,0.625779390335083
95,3208,3154,0.6255776286125183
96,3208,2753,0.6253724694252014
97,3208,1598,0.6251702308654785
98,3208,3045,0.6251652836799622
99,3208,5252,0.6246257424354553
100,3208,1271,0.6237713694572449
101,3208,4008,0.622705340385437
102,3208,2591,0.622300386428833
103,3208,5688,0.6222991943359375
104,3208,2778,0.622232973575592
105,3208,3137,0.6221858859062195
106,3208,3110,0.6210523843765259
107,3208,3192,0.6203134655952454
108,3208,2577,0.6196874380111694
109,3208,4227,0.619003415107727
110,3208,5107,0.6189436316490173
111,3208,1610,0.618685781955719
112,3208,5711,0.6176974177360535
113,3208,4977,0.6170871257781982
114,3208,5851,0.6170022487640381
115,3208,3158,0.6155468821525574
116,3208,3735,0.6154423952102661
117,3208,5919,0.6152467131614685
118,3208,3124,0.6151555180549622
119,3208,4976,0.6149062514305115
120,3208,5803,0.6148820519447327
121,3208,4065,0.6147665977478027
122,3208,3211,0.6147097945213318
123,3208,4131,0.6146233081817627
124,3208,2617,0.613957941532135
125,3208,5614,0.6139467358589172
126,3208,4040,0.613304078578949
127,3208,6019,0.6128091216087341
128,3208,2649,0.612765908241272
129,3208,1433,0.6126251220703125
130,3208,2686,0.6117116212844849
131,3208,3667,0.6113522052764893
132,3208,5826,0.6113421320915222
133,3208,3601,0.6111931800842285
134,3208,4535,0.6111596822738647
135,3208,2551,0.6105077266693115
136,3208,3986,0.6103928089141846
137,3208,4247,0.6102602481842041
138,3208,6044,0.6101969480514526
139,3208,4867,0.6092560291290283
140,3208,2751,0.6089111566543579
141,3208,5655,0.6087856888771057
142,3208,5037,0.6087284088134766
143,3208,4139,0.6086922883987427
144,3208,896,0.608522891998291
145,3208,5935,0.6082593202590942
146,3208,2579,0.6076216697692871
147,3208,3123,0.6074466109275818
148,3208,1731,0.6068961024284363
149,3208,3207,0.6064911484718323
150,3208,4546,0.6061580777168274
151,3208,5829,0.6056580543518066
152,3208,5707,0.6056073904037476
153,3208,5781,0.6053398847579956
154,3208,3914,0.6042076349258423
155,3208,5058,0.6038677096366882
156,3208,2565,0.6030120849609375
157,3208,5706,0.6028808355331421
158,3208,5534,0.602742075920105
159,3208,4775,0.6021814942359924
160,3208,1257,0.6016083359718323
161,3208,3203,0.6010629534721375
162,3208,3329,0.600657045841217
163,3208,1600,0.6005911827087402
164,3208,2578,0.6005285382270813
165,3208,2961,0.5998713970184326
166,3208,3946,0.5997095108032227
167,3208,3000,0.5994796752929688
168,3208,3206,0.5994167923927307
169,3208,5607,0.5993553996086121
170,3208,3991,0.5991702079772949
171,3208,5504,0.5989706516265869
172,3208,5032,0.598781943321228
173,3208,3198,0.5986696481704712
174,3208,4768,0.5985283255577087
175,3208,3923,0.5975169539451599
176,3208,3044,0.597427248954773
177,3208,4558,0.5971596240997314
178,3208,4517,0.5965541005134583
179,3208,5076,0.5962937474250793
180,3208,1718,0.5961102247238159
181,3208,6025,0.5958353877067566
182,3208,4219,0.5954726338386536
183,3208,3157,0.5954434871673584
184,3208,3912,0.5949378609657288
185,3208,3605,0.594694972038269
186,3208,3166,0.5946400165557861
187,3208,4190,0.5939058661460876
188,3208,6048,0.5935661792755127
189,3208,5790,0.5934450626373291
190,3208,4197,0.5934273600578308
191,3208,5668,0.5934219360351562
192,3208,3043,0.5931659936904907
193,3208,3413,0.5930041670799255
194,3208,3138,0.5927714705467224
195,3208,5705,0.5918077826499939
196,3208,5024,0.5916323661804199
197,3208,5681,0.5912889838218689
198,3208,3193,0.5912378430366516
199,3208,4709,0.5910638570785522
200,3208,4185,0.5908863544464111
201,3208,4801,0.5902113914489746
202,3208,5926,0.589990496635437
203,3208,999,0.5899214744567871
204,3208,4776,0.5896105766296387
205,3208,1560,0.5895373225212097
206,3208,3904,0.5892496109008789
207,3208,4942,0.5890648365020752
208,3208,1448,0.5886980891227722
209,3208,1404,0.5886585712432861
210,3208,989,0.588528037071228
211,3208,2609,0.5881951451301575
212,3208,5704,0.5875417590141296
213,3208,4241,0.5874984860420227
214,3208,3042,0.5872287154197693
215,3208,3905,0.5871662497520447
216,3208,5975,0.5867140889167786
217,3208,2731,0.5865246057510376
218,3208,2590,0.5864695310592651
219,3208,2765,0.5863186717033386
220,3208,5131,0.5863045454025269
221,3208,5168,0.5859796404838562
222,3208,6040,0.5857990384101868
223,3208,5004,0.585228443145752
224,3208,4218,0.5852143168449402
225,3208,2559,0.5851760506629944
226,3208,5035,0.5848605036735535
227,3208,2992,0.5847793817520142
228,3208,6031,0.5847484469413757
229,3208,5589,0.5841473340988159
230,3208,3168,0.5838804244995117
231,3208,4543,0.583414614200592
232,3208,1585,0.5831095576286316
233,3208,2954,0.5826537609100342
234,3208,2715,0.5824700593948364
235,3208,5898,0.5821478366851807
236,3208,3151,0.5820934176445007
237,3208,4194,0.581798791885376
238,3208,2568,0.5812674760818481
239,3208,4764,0.5807340741157532
240,3208,5962,0.5804510116577148
241,3208,2586,0.5801711082458496
242,3208,3911,0.5801331996917725
243,3208,1025,0.5800375938415527
244,3208,5813,0.5794470310211182
245,3208,3990,0.5794342756271362
246,3208,5765,0.5794122815132141
247,3208,5963,0.5791244506835938
248,3208,1746,0.5791229009628296
249,3208,2563,0.5790395736694336
250,3208,5908,0.5788319110870361
251,3208,4731,0.5787188410758972
252,3208,3148,0.5786474943161011
253,3208,3129,0.5784669518470764
254,3208,2972,0.5781515836715698
255,3208,2564,0.5780259370803833
256,3208,3604,0.5779796242713928
257,3208,2994,0.5778685808181763
258,3208,2993,0.5778396129608154
259,3208,6046,0.5778002142906189
260,3208,5865,0.5777597427368164
261,3208,6020,0.5776376128196716
262,3208,5988,0.5773851275444031
263,3208,4132,0.5769927501678467
264,3208,3670,0.5766297578811646
265,3208,4549,0.5765709280967712
266,3208,3937,0.576481819152832
267,3208,5699,0.5763238072395325
268,3208,4769,0.5760068893432617
269,3208,4203,0.575988233089447
270,3208,5690,0.5758342742919922
271,3208,4017,0.5755095481872559
272,3208,3060,0.5754773616790771
273,3208,4974,0.5754194259643555
274,3208,2582,0.5750846862792969
275,3208,1527,0.5748703479766846
276,3208,1406,0.5748170018196106
277,3208,2766,0.5746998190879822
278,3208,5940,0.5744836926460266
279,3208,2999,0.574455738067627
280,3208,2728,0.5742716789245605
281,3208,2764,0.5741943120956421
282,3208,6042,0.5741698145866394
283,3208,5220,0.5735108256340027
284,3208,3926,0.5734549164772034
285,3208,5649,0.5731520652770996
286,3208,4200,0.5728469491004944
287,3208,5841,0.5722967982292175
288,3208,5234,0.5720497369766235
289,3208,5692,0.5720053911209106
290,3208,6049,0.5717034935951233
291,3208,5002,0.5716060400009155
292,3208,892,0.5711049437522888
293,3208,2566,0.5709922909736633
294,3208,5817,0.5706103444099426
295,3208,4939,0.5705642700195312
296,3208,5949,0.5704264640808105
297,3208,2879,0.5702704787254333
298,3208,5000,0.5701537728309631
299,3208,3521,0.5699851512908936
300,3208,3665,0.5698902010917664
301,3208,3972,0.5698712468147278
302,3208,1086,0.5697628259658813
303,3208,2642,0.5694727301597595
304,3208,2572,0.5692452192306519
305,3208,1565,0.5690813660621643
306,3208,3156,0.5690262913703918
307,3208,3187,0.5688952207565308
308,3208,5247,0.5684378147125244
309,3208,3162,0.5683801174163818
310,3208,887,0.5683324933052063
311,3208,729,0.5679076313972473
312,3208,1427,0.5678908824920654
313,3208,895,0.5676159858703613
314,3208,4510,0.5674984455108643
315,3208,3522,0.5672938227653503
316,3208,4204,0.5664658546447754
317,3208,2749,0.5664554238319397
318,3208,2985,0.5663687586784363
319,3208,3801,0.5663495659828186
320,3208,5702,0.5662127733230591
321,3208,3607,0.5662097930908203
322,3208,1774,0.5659576654434204
323,3208,3115,0.5659452676773071
324,3208,4727,0.5658245086669922
325,3208,5647,0.5657886862754822
326,3208,2744,0.5657593011856079
327,3208,2798,0.5656518936157227
328,3208,5818,0.5651537775993347
329,3208,4983,0.5649558305740356
330,3208,3028,0.5646694302558899
331,3208,2965,0.5644834041595459
332,3208,5820,0.5643616914749146
333,3208,3059,0.5640743970870972
334,3208,5075,0.5637303590774536
335,3208,1519,0.5636489987373352
336,3208,6018,0.5636215209960938
337,3208,3649,0.5634666085243225
338,3208,3144,0.5634137392044067
339,3208,3654,0.5632871389389038
340,3208,3201,0.5632196068763733
341,3208,4538,0.5626987814903259
342,3208,2587,0.5625938773155212
343,3208,4553,0.5625508427619934
344,3208,1745,0.5624557137489319
345,3208,4555,0.5621864795684814
346,3208,3922,0.5620383024215698
347,3208,3150,0.5620021224021912
348,3208,3606,0.5618433952331543
349,3208,3916,0.5614727139472961
350,3208,5161,0.5613420605659485
351,3208,1285,0.5612727999687195
352,3208,2599,0.5610645413398743
353,3208,3333,0.560869038105011
354,3208,2584,0.5608296394348145
355,3208,5959,0.5606625080108643
356,3208,5339,0.5606481432914734
357,3208,5588,0.5605577230453491
358,3208,2672,0.5605071783065796
359,3208,3118,0.5603011846542358
360,3208,6005,0.5601399540901184
361,3208,4126,0.5599040985107422
362,3208,5785,0.5598571300506592
363,3208,3659,0.5598019957542419
364,3208,1799,0.5595359206199646
365,3208,3619,0.5593270659446716
366,3208,6219,0.5593002438545227
367,3208,4010,0.5591590404510498
368,3208,1495,0.5585642457008362
369,3208,5904,0.558495819568634
370,3208,5154,0.5584954023361206
371,3208,2729,0.5584065318107605
372,3208,5679,0.558313250541687
373,3208,5056,0.5580595135688782
374,3208,3669,0.5578773617744446
375,3208,3297,0.5578322410583496
376,3208,2598,0.5577643513679504
377,3208,3685,0.5577124357223511
378,3208,5163,0.5573093891143799
379,3208,1411,0.5571601986885071
380,3208,4157,0.5563927292823792
381,3208,5034,0.556130051612854
382,3208,3567,0.5561296939849854
383,3208,1475,0.5557166934013367
384,3208,3557,0.5557038187980652
385,3208,3858,0.5556381940841675
386,3208,4845,0.5556289553642273
387,3208,2762,0.5556170344352722
388,3208,2639,0.5553261041641235
389,3208,5838,0.5552551746368408
390,3208,4224,0.5551820397377014
391,3208,4542,0.5551770329475403
392,3208,5797,0.5550814270973206
393,3208,5928,0.5549933910369873
394,3208,5819,0.554899275302887
395,3208,1732,0.5548810958862305
396,3208,5789,0.5548787117004395
397,3208,4175,0.5545403957366943
398,3208,3116,0.5542168617248535
399,3208,3684,0.5541673302650452
400,3208,1552,0.5540884137153625
401,3208,6217,0.5540584921836853
402,3208,891,0.5540104508399963
403,3208,3189,0.5539397597312927
404,3208,4789,0.5537736415863037
405,3208,3330,0.5534001588821411
406,3208,4025,0.5530440211296082
407,3208,1719,0.5529380440711975
408,3208,1019,0.5528939962387085
409,3208,886,0.5528501868247986
410,3208,3552,0.55284583568573
411,3208,2554,0.5527061820030212
412,3208,3147,0.5526682138442993
413,3208,5493,0.5523731112480164
414,3208,2794,0.5523051619529724
415,3208,5182,0.5522989630699158
416,3208,2544,0.5522563457489014
417,3208,1390,0.5521988272666931
418,3208,5580,0.5519718527793884
419,3208,5551,0.5519052147865295
420,3208,3247,0.5516840815544128
421,3208,3082,0.5510270595550537
422,3208,3409,0.5508056879043579
423,3208,4908,0.550746738910675
424,3208,5678,0.5505176782608032
425,3208,1058,0.5504000186920166
426,3208,2734,0.5503957867622375
427,3208,5784,0.5502926111221313
428,3208,5815,0.5501910448074341
429,3208,4550,0.5501042008399963
430,3208,5757,0.5500705242156982
431,3208,5455,0.5498843789100647
432,3208,4148,0.5498839616775513
433,3208,4719,0.5498601198196411
434,3208,5971,0.5498147010803223
435,3208,5973,0.5497293472290039
436,3208,3416,0.5493376851081848
437,3208,5638,0.5492150187492371
438,3208,3143,0.5489549040794373
439,3208,5788,0.5488231778144836
440,3208,2716,0.5487032532691956
441,3208,3165,0.5486747026443481
442,3208,1277,0.5486348867416382
443,3208,3180,0.5485727787017822
444,3208,1109,0.5484870076179504
445,3208,5059,0.5483270883560181
446,3208,5604,0.5479491949081421
447,3208,5343,0.5479291677474976
448,3208,4198,0.5478267073631287
449,3208,2944,0.5477755069732666
450,3208,1807,0.5477625727653503
451,3208,5941,0.5477413535118103
452,3208,4207,0.5475823283195496
453,3208,3002,0.5475509762763977
454,3208,2713,0.5471699833869934
455,3208,2685,0.5471456050872803
456,3208,1712,0.5469909906387329
457,3208,4747,0.5466845035552979
458,3208,4954,0.5466763973236084
459,3208,3332,0.5464341640472412
460,3208,3652,0.5464266538619995
461,3208,5761,0.546362578868866
462,3208,1570,0.5462455749511719
463,3208,4188,0.546173095703125
464,3208,3826,0.5460515022277832
465,3208,1794,0.5459659695625305
466,3208,3016,0.5459619760513306
467,3208,4871,0.5459107756614685
468,3208,960,0.5456570982933044
469,3208,5537,0.5456292629241943
470,3208,2727,0.5451815724372864
471,3208,1457,0.5450665950775146
472,3208,1607,0.5449463129043579
473,3208,5648,0.5448945760726929
474,3208,6355,0.5443628430366516
475,3208,3653,0.5443364977836609
476,3208,1275,0.5442907810211182
477,3208,1493,0.5441654324531555
478,3208,4089,0.5440646409988403
479,3208,5894,0.5439295172691345
480,3208,6295,0.5437547564506531
481,3208,5608,0.5437487959861755
482,3208,5989,0.5436708331108093
483,3208,6004,0.5432390570640564
484,3208,5737,0.5431446433067322
485,3208,5750,0.5430850982666016
486,3208,5664,0.5430566668510437
487,3208,5150,0.5427889227867126
488,3208,4824,0.5423967838287354
489,3208,5771,0.5422964692115784
490,3208,530,0.5422643423080444
491,3208,4780,0.5419942736625671
492,3208,5619,0.5415417551994324
493,3208,4181,0.5414064526557922
494,3208,4159,0.5411631464958191
495,3208,3325,0.5409436225891113
496,3208,3121,0.5408507585525513
497,3208,3252,0.5408025979995728
498,3208,1563,0.5406849980354309
499,3208,6002,0.5405725836753845
500,3208,4243,0.5403966903686523
501,3208,5276,0.5401368141174316
502,3208,1605,0.5401289463043213
503,3208,1572,0.5400189757347107
504,3208,3177,0.5397760272026062
505,3208,1714,0.5397282838821411
506,3208,3175,0.5393659472465515
507,3208,3417,0.5391364097595215
508,3208,3693,0.5388779640197754
509,3208,1722,0.5388404726982117
510,3208,2494,0.5386470556259155
511,3208,1465,0.5386447310447693
512,3208,831,0.5385938286781311
513,3208,4199,0.538463830947876
514,3208,769,0.5383530855178833
515,3208,3750,0.5382668375968933
516,3208,4036,0.5382460951805115
517,3208,3970,0.5381808876991272
518,3208,4030,0.5369517207145691
519,3208,1413,0.5368397831916809
520,3208,556,0.5367575287818909
521,3208,1618,0.5363635420799255
522,3208,6008,0.5362446308135986
523,3208,2581,0.5361238121986389
524,3208,5001,0.5360971093177795
525,3208,2592,0.5356686115264893
526,3208,4058,0.5356277227401733
527,3208,5912,0.5354790091514587
528,3208,748,0.5351214408874512
529,3208,3677,0.5350486040115356
530,3208,4534,0.5350247025489807
531,3208,3969,0.534927487373352
532,3208,3128,0.534850001335144
533,3208,1742,0.5347964763641357
534,3208,4523,0.5346807241439819
535,3208,3254,0.5343269109725952
536,3208,3650,0.5342105627059937
537,3208,5027,0.5340838432312012
538,3208,6109,0.534074604511261
539,3208,4831,0.5340298414230347
540,3208,3925,0.5339214205741882
541,3208,1569,0.5337841510772705
542,3208,4233,0.533685564994812
543,3208,986,0.5335928201675415
544,3208,5685,0.5335791110992432
545,3208,3184,0.5333697199821472
546,3208,1051,0.533149778842926
547,3208,5189,0.5331296920776367
548,3208,88,0.5330951809883118
549,3208,4248,0.5329999327659607
550,3208,5964,0.532987117767334
551,3208,5902,0.5328064560890198
552,3208,3645,0.5326717495918274
553,3208,1446,0.5325672626495361
554,3208,5049,0.5324532389640808
555,3208,1721,0.5323554873466492
556,3208,4778,0.5323411226272583
557,3208,6007,0.5322564840316772
558,3208,2660,0.532209038734436
559,3208,2768,0.532058835029602
560,3208,210,0.5319995284080505
561,3208,4191,0.5317307114601135
562,3208,4792,0.5314525961875916
563,3208,4187,0.5312081575393677
564,3208,5777,0.5311616063117981
565,3208,1028,0.5309098362922668
566,3208,5669,0.5307091474533081
567,3208,5122,0.5305360555648804
568,3208,3959,0.5304806232452393
569,3208,1547,0.5304036736488342
570,3208,4980,0.5302553772926331
571,3208,1750,0.5301249027252197
572,3208,3171,0.5301058888435364
573,3208,3498,0.5298200845718384
574,3208,4422,0.5297892689704895
575,3208,5294,0.5297443270683289
576,3208,5848,0.5287725329399109
577,3208,6251,0.528675377368927
578,3208,5153,0.5281745195388794
579,3208,897,0.5281496644020081
580,3208,5650,0.5280792117118835
581,3208,4516,0.528034508228302
582,3208,4019,0.5280143618583679
583,3208,2967,0.5279132723808289
584,3208,4744,0.5278687477111816
585,3208,4540,0.527833104133606
586,3208,4151,0.5277284979820251
587,3208,4012,0.527657151222229
588,3208,1394,0.5274774432182312
589,3208,1038,0.5273157358169556
590,3208,3120,0.5273092985153198
591,3208,4962,0.5272241234779358
592,3208,2025,0.5267796516418457
593,3208,5754,0.5267410278320312
594,3208,5224,0.5266755819320679
595,3208,3545,0.5266141891479492
596,3208,5986,0.5263373851776123
597,3208,4403,0.5263293981552124
598,3208,5643,0.5261841416358948
599,3208,5275,0.5261722803115845
600,3208,4526,0.5261081457138062
601,3208,4143,0.5258817672729492
602,3208,3088,0.5258563756942749
603,3208,2847,0.5254179835319519
604,3208,3856,0.5252780318260193
605,3208,5590,0.5250478386878967
606,3208,4984,0.5247232913970947
607,3208,5312,0.5246814489364624
608,3208,5698,0.524644136428833
609,3208,5901,0.5245063900947571
610,3208,5854,0.5244203209877014
611,3208,5036,0.5243614912033081
612,3208,533,0.524133563041687
613,3208,5621,0.5241016745567322
614,3208,1824,0.5238534808158875
615,3208,1713,0.5237619876861572
616,3208,5887,0.5237258672714233
617,3208,5061,0.5237104296684265
618,3208,5556,0.5234792232513428
619,3208,5836,0.5233762860298157
620,3208,5465,0.5233547687530518
621,3208,5078,0.5232947468757629
622,3208,5892,0.5231221318244934
623,3208,4823,0.5229964852333069
624,3208,5791,0.5229666233062744
625,3208,5899,0.5229079723358154
626,3208,1789,0.5229001045227051
627,3208,5228,0.52280592918396
628,3208,5709,0.5226893424987793
629,3208,4712,0.5226815342903137
630,3208,3176,0.5226627588272095
631,3208,297,0.5226262807846069
632,3208,3458,0.5222910642623901
633,3208,3611,0.5221807360649109
634,3208,3022,0.5220558047294617
635,3208,3172,0.5218635201454163
636,3208,3704,0.5217515826225281
637,3208,4861,0.5216740369796753
638,3208,2550,0.5215925574302673
639,3208,5744,0.52152419090271
640,3208,5216,0.5213872790336609
641,3208,1107,0.5213168263435364
642,3208,5952,0.5212551355361938
643,3208,6028,0.5211859941482544
644,3208,5689,0.5207439064979553
645,3208,5665,0.520707368850708
646,3208,5013,0.5204141736030579
647,3208,5512,0.5204082131385803
648,3208,3040,0.5202661752700806
649,3208,2607,0.5193994641304016
650,3208,17,0.519277811050415
651,3208,3759,0.5191986560821533
652,3208,5309,0.519180178642273
653,3208,5811,0.5191689729690552
654,3208,2980,0.5191498398780823
655,3208,2044,0.5191429853439331
656,3208,5956,0.519110918045044
657,3208,4863,0.5189861059188843
658,3208,2676,0.518943727016449
659,3208,3920,0.5188896059989929
660,3208,2786,0.5187487006187439
661,3208,5918,0.5186889171600342
662,3208,3632,0.518666684627533
663,3208,828,0.51859450340271
664,3208,5635,0.5183977484703064
665,3208,2589,0.5183298587799072
666,3208,6300,0.5181998014450073
667,3208,3079,0.518016517162323
668,3208,3055,0.517898440361023
669,3208,2723,0.5178903937339783
670,3208,2593,0.5176214575767517
671,3208,3989,0.5176142454147339
672,3208,5183,0.5175870060920715
673,3208,4905,0.5174320340156555
674,3208,6136,0.5171934962272644
675,3208,4140,0.5171427130699158
676,3208,5809,0.5170876979827881
677,3208,2681,0.5170824527740479
678,3208,5780,0.5169883370399475
679,3208,5701,0.5169329047203064
680,3208,3862,0.5168849229812622
681,3208,4412,0.516846776008606
682,3208,1407,0.5167346596717834
683,3208,2625,0.5167059898376465
684,3208,2585,0.5163169503211975
685,3208,5827,0.516292154788971
686,3208,5779,0.5162714123725891
687,3208,3111,0.5161828398704529
688,3208,2191,0.5159759521484375
689,3208,5507,0.5159729719161987
690,3208,4401,0.5158993005752563
691,3208,1003,0.5156510472297668
692,3208,5620,0.5155953168869019
693,3208,968,0.5153585076332092
694,3208,348,0.5150814652442932
695,3208,5855,0.5149917602539062
696,3208,5090,0.5147786736488342
697,3208,5646,0.5147538781166077
698,3208,5293,0.5147340297698975
699,3208,5031,0.5146434307098389
700,3208,5068,0.5145552158355713
701,3208,4539,0.5142865180969238
702,3208,4545,0.5142658352851868
703,3208,5180,0.5141499042510986
704,3208,4141,0.5140483975410461
705,3208,2557,0.5140276551246643
706,3208,1798,0.5139014720916748
707,3208,4229,0.5138134360313416
708,3208,2022,0.5136033892631531
709,3208,2735,0.5134391188621521
710,3208,5893,0.513219952583313
711,3208,1806,0.5132105946540833
712,3208,1090,0.5132061839103699
713,3208,5672,0.5130854249000549
714,3208,3049,0.5129286050796509
715,3208,5299,0.5129084587097168
716,3208,5822,0.5128462910652161
717,3208,3411,0.5122948288917542
718,3208,1473,0.5119580030441284
719,3208,5782,0.5117635726928711
720,3208,1802,0.51170814037323
721,3208,3657,0.5116792321205139
722,3208,3975,0.5116428136825562
723,3208,4186,0.5115066170692444
724,3208,4940,0.5114815831184387
725,3208,1603,0.5114572048187256
726,3208,5209,0.5113739371299744
727,3208,2561,0.5110398530960083
728,3208,5160,0.5110006332397461
729,3208,3985,0.5108832120895386
730,3208,2646,0.5108258724212646
731,3208,3633,0.5107301473617554
732,3208,4086,0.5106414556503296
733,3208,4987,0.5102327466011047
734,3208,4410,0.5102291107177734
735,3208,5578,0.5101311802864075
736,3208,5289,0.5098738074302673
737,3208,1781,0.509581446647644
738,3208,5939,0.5095168948173523
739,3208,5123,0.5094232559204102
740,3208,3056,0.5093908309936523
741,3208,5927,0.5092227458953857
742,3208,5799,0.5090588331222534
743,3208,2571,0.5090163350105286
744,3208,1272,0.5090022087097168
745,3208,1347,0.5084537863731384
746,3208,2671,0.5082471370697021
747,3208,5254,0.5082301497459412
748,3208,3169,0.5081355571746826
749,3208,4226,0.507908821105957
750,3208,5280,0.507867693901062
751,3208,5936,0.5078394412994385
752,3208,5965,0.5077462792396545
753,3208,5328,0.5075782537460327
754,3208,162,0.5073862671852112
755,3208,4192,0.5072717666625977
756,3208,1791,0.50726717710495
757,3208,5942,0.5071338415145874
758,3208,3126,0.5071237683296204
759,3208,4029,0.5070158243179321
760,3208,5871,0.5069864392280579
761,3208,5694,0.5068395733833313
762,3208,5438,0.5066940784454346
763,3208,1305,0.5065971612930298
764,3208,5663,0.5065152645111084
765,3208,2109,0.506363570690155
766,3208,82,0.5063275694847107
767,3208,5890,0.5062808990478516
768,3208,3872,0.5062201619148254
769,3208,2687,0.5062185525894165
770,3208,3426,0.506117582321167
771,3208,3477,0.5060763955116272
772,3208,5241,0.506033182144165
773,3208,3083,0.5059548616409302
774,3208,5661,0.505930483341217
775,3208,2702,0.5058773159980774
776,3208,911,0.5058394074440002
777,3208,743,0.505801796913147
778,3208,4179,0.5057898163795471
779,3208,2717,0.5057711005210876
780,3208,4024,0.5054859519004822
781,3208,3063,0.5054334402084351
782,3208,5124,0.5052765607833862
783,3208,3260,0.5052579641342163
784,3208,5787,0.5052027702331543
785,3208,4783,0.505064845085144
786,3208,165,0.504775881767273
787,3208,460,0.5047547817230225
788,3208,2714,0.5047412514686584
789,3208,5913,0.5046020150184631
790,3208,5370,0.5045128464698792
791,3208,4985,0.5042460560798645
792,3208,6376,0.504155158996582
793,3208,1808,0.5041087865829468
794,3208,4357,0.5038370490074158
795,3208,5630,0.5038022994995117
796,3208,3007,0.5034981369972229
797,3208,4202,0.5032253861427307
798,3208,5083,0.5031599402427673
799,3208,3186,0.5030919313430786
800,3208,5203,0.5030441284179688
801,3208,6097,0.5029749870300293
802,3208,2080,0.5029678344726562
803,3208,636,0.5029143691062927
804,3208,5227,0.502759575843811
805,3208,3392,0.5027305483818054
806,3208,2947,0.5027068853378296
807,3208,2969,0.5025891065597534
808,3208,962,0.5024503469467163
809,3208,5134,0.5024144053459167
810,3208,5853,0.5023055672645569
811,3208,1110,0.5022516250610352
812,3208,2674,0.5021083950996399
813,3208,3700,0.5018749237060547
814,3208,4005,0.5017414689064026
815,3208,1096,0.5016942024230957
816,3208,3639,0.5016478896141052
817,3208,2073,0.501616895198822
818,3208,5767,0.5016095638275146
819,3208,2949,0.5015935301780701
820,3208,3638,0.5014442801475525
821,3208,4603,0.5013414025306702
822,3208,3955,0.5011954307556152
823,3208,2556,0.5011270642280579
824,3208,3145,0.5010296106338501
825,3208,2770,0.5010070204734802
826,3208,5048,0.5009734630584717
827,3208,1778,0.5008936524391174
828,3208,2669,0.5008664131164551
829,3208,1017,0.5008290410041809
830,3208,4145,0.5004746317863464
831,3208,1104,0.5004259347915649
832,3208,5921,0.50037682056427
833,3208,5909,0.500328004360199
834,3208,1023,0.5003219842910767
835,3208,3599,0.5003173351287842
836,3208,3610,0.5002549290657043
837,3208,3647,0.5002211928367615
838,3208,2856,0.5001967549324036
839,3208,4235,0.5000547170639038
840,3208,912,0.49995461106300354
841,3208,3634,0.49986785650253296
842,3208,1526,0.49970799684524536
843,3208,5040,0.4995870888233185
844,3208,5768,0.49955636262893677
845,3208,4514,0.49947455525398254
846,3208,5380,0.499407559633255
847,3208,5812,0.49933215975761414
848,3208,1208,0.49928802251815796
849,3208,4955,0.49918118119239807
850,3208,5014,0.4991086423397064
851,3208,3487,0.49898847937583923
852,3208,5889,0.49894434213638306
853,3208,1764,0.4987768828868866
854,3208,1351,0.4986531734466553
855,3208,3879,0.49864861369132996
856,3208,5798,0.49861377477645874
857,3208,3320,0.4985792636871338
858,3208,5802,0.49853843450546265
859,3208,5513,0.4985258877277374
860,3208,4556,0.4984690845012665
861,3208,5029,0.4983808398246765
862,3208,5060,0.4982393980026245
863,3208,5133,0.4982021749019623
864,3208,126,0.49816787242889404
865,3208,5184,0.4980916380882263
866,3208,4031,0.49793437123298645
867,3208,4825,0.4978816509246826
868,3208,5954,0.4978398382663727
869,3208,4522,0.4976978003978729
870,3208,1752,0.49768921732902527
871,3208,4815,0.49763187766075134
872,3208,4166,0.4976249039173126
873,3208,5587,0.497598260641098
874,3208,2884,0.4974348843097687
875,3208,5337,0.49736902117729187
876,3208,4946,0.4973651170730591
877,3208,2721,0.4971574544906616
878,3208,5164,0.4970804750919342
879,3208,3146,0.4970046877861023
880,3208,1472,0.49687668681144714
881,3208,393,0.4968489408493042
882,3208,3054,0.4968213140964508
883,3208,1412,0.4967907667160034
884,3208,890,0.49668610095977783
885,3208,1710,0.4965030252933502
886,3208,1793,0.49625739455223083
887,3208,4184,0.49607300758361816
888,3208,4948,0.4960504174232483
889,3208,3195,0.49604785442352295
890,3208,5201,0.49588295817375183
891,3208,3874,0.4957466125488281
892,3208,1333,0.4957211911678314
893,3208,5958,0.49551907181739807
894,3208,4812,0.4953860938549042
895,3208,4015,0.49529585242271423
896,3208,4212,0.49525412917137146
897,3208,3729,0.49516648054122925
898,3208,2187,0.4951326549053192
899,3208,3397,0.49512818455696106
900,3208,4887,0.49506673216819763
901,3208,5673,0.4950336813926697
902,3208,2998,0.49490776658058167
903,3208,4820,0.49474895000457764
904,3208,4811,0.4947139620780945
905,3208,4041,0.4945901930332184
906,3208,5127,0.4945732653141022
907,3208,3006,0.4944857656955719
908,3208,3253,0.4943560063838959
909,3208,3612,0.49405843019485474
910,3208,5839,0.4940531849861145
911,3208,1346,0.49399206042289734
912,3208,5623,0.49390682578086853
913,3208,5652,0.4939008951187134
914,3208,250,0.4938662052154541
915,3208,5639,0.4936877191066742
916,3208,4208,0.49354979395866394
917,3208,4448,0.4932835102081299
918,3208,3664,0.49325457215309143
919,3208,3971,0.49320706725120544
920,3208,5931,0.4931439459323883
921,3208,779,0.49308547377586365
922,3208,1946,0.493085116147995
923,3208,3029,0.4928291141986847
924,3208,5849,0.4928048849105835
925,3208,2154,0.49256691336631775
926,3208,3617,0.49246013164520264
927,3208,3554,0.4924579858779907
928,3208,3173,0.49243125319480896
929,3208,4862,0.4924299716949463
930,3208,4979,0.4923337996006012
931,3208,2076,0.49229156970977783
932,3208,1835,0.4922870397567749
933,3208,5726,0.49221327900886536
934,3208,2552,0.4921964108943939
935,3208,898,0.49215856194496155
936,3208,1739,0.4920566976070404
937,3208,4530,0.4920525550842285
938,3208,1391,0.49197646975517273
939,3208,5331,0.4919408857822418
940,3208,476,0.49190354347229004
941,3208,3142,0.4917999505996704
942,3208,4034,0.49175649881362915
943,3208,876,0.4917322099208832
944,3208,123,0.49165767431259155
945,3208,1108,0.4916389584541321
946,3208,1326,0.491597443819046
947,3208,4234,0.4915890097618103
948,3208,4844,0.4914984107017517
949,3208,2644,0.4914901852607727
950,3208,4436,0.49148523807525635
951,3208,2703,0.4914240539073944
952,3208,1733,0.49129605293273926
953,3208,1421,0.4912900924682617
954,3208,4265,0.4912634491920471
955,3208,767,0.49113380908966064
956,3208,4800,0.4911125600337982
957,3208,3441,0.49107182025909424
958,3208,5961,0.49105244874954224
959,3208,4752,0.49088627099990845
960,3208,1753,0.49087098240852356
961,3208,3825,0.49085330963134766
962,3208,2605,0.49075520038604736
963,3208,987,0.4906797409057617
964,3208,5221,0.49067237973213196
965,3208,5691,0.4906395375728607
966,3208,1720,0.49054720997810364
967,3208,5778,0.4904484152793884
968,3208,3747,0.4904121160507202
969,3208,200,0.4901546537876129
970,3208,4164,0.49010276794433594
971,3208,5807,0.49004942178726196
972,3208,2793,0.4900466203689575
973,3208,3103,0.4898843467235565
974,3208,4821,0.48983827233314514
975,3208,3614,0.48969486355781555
976,3208,991,0.4896107316017151
977,3208,5840,0.48954224586486816
978,3208,2897,0.48945581912994385
979,3208,2976,0.4894285500049591
980,3208,2760,0.4894069731235504
981,3208,3809,0.48937109112739563
982,3208,3500,0.4891585409641266
983,3208,5502,0.48913824558258057
984,3208,4724,0.4888915717601776
985,3208,3025,0.48865872621536255
986,3208,5070,0.48865267634391785
987,3208,3212,0.48847541213035583
988,3208,4231,0.48839646577835083
989,3208,4136,0.48838600516319275
990,3208,6082,0.4883701205253601
991,3208,5323,0.4882643520832062
992,3208,4945,0.4882573187351227
993,3208,5804,0.4882549047470093
994,3208,3995,0.48821818828582764
995,3208,4679,0.48820143938064575
996,3208,4527,0.4881793260574341
997,3208,3598,0.4878825545310974
998,3208,3094,0.4877088963985443
999,3208,5856,0.4876314699649811
1000,3208,3672,0.48739659786224365
1001,3208,3918,0.48726561665534973
1002,3208,5950,0.48726317286491394
1003,3208,6342,0.4872356355190277
1004,3208,884,0.48716938495635986
1005,3208,3287,0.487157940864563
1006,3208,3304,0.48714080452919006
1007,3208,5200,0.48711252212524414
1008,3208,635,0.4869622588157654
1009,3208,4158,0.4868983328342438
1010,3208,4992,0.48686662316322327
1011,3208,5955,0.4866824150085449
1012,3208,995,0.4866606295108795
1013,3208,5734,0.48657965660095215
1014,3208,6252,0.4864499568939209
1015,3208,2996,0.4864422082901001
1016,3208,854,0.48642516136169434
1017,3208,4879,0.48639219999313354
1018,3208,3746,0.48636800050735474
1019,3208,4047,0.4863421618938446
1020,3208,792,0.4863163232803345
1021,3208,1423,0.48601454496383667
1022,3208,979,0.485993355512619
1023,3208,4884,0.4859269857406616
1024,3208,625,0.48579731583595276
1025,3208,3058,0.4857971668243408
1026,3208,1715,0.4857964813709259
1027,3208,2680,0.4854445159435272
1028,3208,5742,0.4854241609573364
1029,3208,5951,0.4854196012020111
1030,3208,6014,0.4852789044380188
1031,3208,4972,0.4852777123451233
1032,3208,1553,0.48519858717918396
1033,3208,2747,0.48501458764076233
1034,3208,5238,0.48501354455947876
1035,3208,3251,0.48497530817985535
1036,3208,816,0.4847821891307831
1037,3208,2626,0.4847281575202942
1038,3208,2724,0.48468971252441406
1039,3208,5340,0.4846751391887665
1040,3208,1751,0.4844483435153961
1041,3208,3352,0.4844198226928711
1042,3208,3047,0.48441341519355774
1043,3208,992,0.4842851758003235
1044,3208,6041,0.4842599332332611
1045,3208,5680,0.48412448167800903
1046,3208,381,0.48412230610847473
1047,3208,3117,0.48409304022789
1048,3208,5267,0.48402413725852966
1049,3208,1267,0.48391637206077576
1050,3208,5404,0.4837404191493988
1051,3208,2615,0.48372089862823486
1052,3208,1568,0.4836423993110657
1053,3208,6307,0.48357251286506653
1054,3208,4513,0.48321962356567383
1055,3208,5548,0.4832081198692322
1056,3208,5235,0.4831896424293518
1057,3208,5073,0.48289552330970764
1058,3208,5508,0.4827420115470886
1059,3208,5169,0.48264604806900024
1060,3208,4512,0.4824656546115875
1061,3208,4796,0.4824289083480835
1062,3208,5656,0.4823647439479828
1063,3208,1040,0.48229748010635376
1064,3208,757,0.48212990164756775
1065,3208,6029,0.48212260007858276
1066,3208,4682,0.4820951223373413
1067,3208,3163,0.48197272419929504
1068,3208,5653,0.48194193840026855
1069,3208,2761,0.4818912446498871
1070,3208,3300,0.481793612241745
1071,3208,802,0.48174384236335754
1072,3208,1951,0.4817047119140625
1073,3208,2570,0.4816606044769287
1074,3208,2971,0.4816424548625946
1075,3208,1344,0.4815865755081177
1076,3208,3340,0.48153647780418396
1077,3208,4225,0.48152267932891846
1078,3208,4328,0.4815211892127991
1079,3208,1749,0.4814070463180542
1080,3208,1306,0.48131224513053894
1081,3208,1711,0.48127251863479614
1082,3208,4528,0.4810290038585663
1083,3208,4953,0.4809917211532593
1084,3208,1383,0.4809245467185974
1085,3208,5760,0.4809158146381378
1086,3208,3644,0.4808892011642456
1087,3208,2624,0.4808862805366516
1088,3208,6033,0.4808497428894043
1089,3208,1435,0.4808361530303955
1090,3208,4963,0.48083025217056274
1091,3208,2871,0.4806881844997406
1092,3208,6115,0.4806675910949707
1093,3208,1266,0.4806210398674011
1094,3208,4366,0.48057156801223755
1095,3208,2658,0.48056262731552124
1096,3208,3542,0.4803498685359955
1097,3208,1322,0.4802476167678833
1098,3208,5522,0.4801577627658844
1099,3208,5085,0.4801170527935028
1100,3208,4950,0.4801021218299866
1101,3208,4873,0.48008495569229126
1102,3208,899,0.47996586561203003
1103,3208,3197,0.4799184799194336
1104,3208,5758,0.47988128662109375
1105,3208,5597,0.479880690574646
1106,3208,5914,0.479865700006485
1107,3208,2600,0.4798571467399597
1108,3208,4717,0.4797816574573517
1109,3208,5571,0.4797554016113281
1110,3208,1007,0.4796398878097534
1111,3208,4741,0.4795213043689728
1112,3208,5064,0.4794403314590454
1113,3208,3902,0.47919410467147827
1114,3208,859,0.47916460037231445
1115,3208,1354,0.47905197739601135
1116,3208,5559,0.4789988696575165
1117,3208,529,0.47890856862068176
1118,3208,761,0.47890225052833557
1119,3208,5186,0.4787912368774414
1120,3208,5700,0.47874754667282104
1121,3208,5005,0.4786941409111023
1122,3208,358,0.4785386919975281
1123,3208,1037,0.4784661531448364
1124,3208,5713,0.4783625304698944
1125,3208,3544,0.4783298671245575
1126,3208,3739,0.4782417118549347
1127,3208,5626,0.4781656563282013
1128,3208,3296,0.4781065881252289
1129,3208,944,0.4779285490512848
1130,3208,2750,0.4777883291244507
1131,3208,3906,0.47777611017227173
1132,3208,5786,0.4777563214302063
1133,3208,2883,0.47770074009895325
1134,3208,1606,0.47769588232040405
1135,3208,5831,0.47767218947410583
1136,3208,3065,0.47766003012657166
1137,3208,2773,0.47764793038368225
1138,3208,2645,0.47762444615364075
1139,3208,4751,0.4776161313056946
1140,3208,3913,0.47758498787879944
1141,3208,5808,0.47754526138305664
1142,3208,1616,0.47745481133461
1143,3208,1010,0.4774082601070404
1144,3208,1268,0.47738662362098694
1145,3208,5660,0.4770946800708771
1146,3208,1289,0.47675052285194397
1147,3208,4051,0.4767116904258728
1148,3208,1349,0.47667399048805237
1149,3208,1005,0.47656089067459106
1150,3208,3078,0.4763111472129822
1151,3208,5917,0.47622185945510864
1152,3208,4758,0.47616538405418396
1153,3208,5017,0.4761020839214325
1154,3208,5210,0.476091206073761
1155,3208,2546,0.4760274589061737
1156,3208,5211,0.47600969672203064
1157,3208,5051,0.4759909510612488
1158,3208,1032,0.47597944736480713
1159,3208,2966,0.47595465183258057
1160,3208,1045,0.4759354591369629
1161,3208,1068,0.47585707902908325
1162,3208,1990,0.47577527165412903
1163,3208,5658,0.47563475370407104
1164,3208,4067,0.47551754117012024
1165,3208,1001,0.47551485896110535
1166,3208,5012,0.4755104184150696
1167,3208,1996,0.4753662645816803
1168,3208,4011,0.47531211376190186
1169,3208,5181,0.4752854108810425
1170,3208,4798,0.47527867555618286
1171,3208,2580,0.47511789202690125
1172,3208,5835,0.47510552406311035
1173,3208,1573,0.47503462433815
1174,3208,24,0.4749804139137268
1175,3208,4020,0.4749056100845337
1176,3208,4493,0.4748440682888031
1177,3208,2780,0.4747990071773529
1178,3208,2569,0.47477319836616516
1179,3208,6009,0.4747564494609833
1180,3208,2664,0.4747330844402313
1181,3208,3594,0.47462350130081177
1182,3208,5749,0.47446879744529724
1183,3208,4710,0.4741777181625366
1184,3208,3008,0.47408461570739746
1185,3208,5903,0.47380539774894714
1186,3208,3976,0.4737866520881653
1187,3208,1205,0.4737100303173065
1188,3208,3794,0.4736711382865906
1189,3208,1389,0.4735924005508423
1190,3208,920,0.47348877787590027
1191,3208,3136,0.4733777642250061
1192,3208,3568,0.47332078218460083
1193,3208,5805,0.4732852876186371
1194,3208,4433,0.47321879863739014
1195,3208,3170,0.47317659854888916
1196,3208,4434,0.47315728664398193
1197,3208,5695,0.4730846881866455
1198,3208,2690,0.4729584753513336
1199,3208,5600,0.47292426228523254
1200,3208,5627,0.472699910402298
1201,3208,2588,0.47266173362731934
1202,3208,4394,0.4726286828517914
1203,3208,4338,0.4725669324398041
1204,3208,4995,0.47249892354011536
1205,3208,6036,0.4724881947040558
1206,3208,278,0.47224855422973633
1207,3208,4336,0.4720439016819
1208,3208,4697,0.4719412326812744
1209,3208,4075,0.47188079357147217
1210,3208,3800,0.4717946946620941
1211,3208,5069,0.47175702452659607
1212,3208,4146,0.4715995788574219
1213,3208,3139,0.4715655744075775
1214,3208,914,0.4714188277721405
1215,3208,5195,0.47137126326560974
1216,3208,5130,0.4713633954524994
1217,3208,3642,0.471218079328537
1218,3208,5023,0.47093042731285095
1219,3208,445,0.4707566797733307
1220,3208,3596,0.47069165110588074
1221,3208,5824,0.47056710720062256
1222,3208,3934,0.47051122784614563
1223,3208,5640,0.47043919563293457
1224,3208,5567,0.4704071581363678
1225,3208,3179,0.47024235129356384
1226,3208,1738,0.4702182114124298
1227,3208,4866,0.47016429901123047
1228,3208,5148,0.4701099097728729
1229,3208,4178,0.47010743618011475
1230,3208,4986,0.4700799286365509
1231,3208,1011,0.47007447481155396
1232,3208,2180,0.4700661897659302
1233,3208,4799,0.470011442899704
1234,3208,2545,0.46994277834892273
1235,3208,3473,0.46991655230522156
1236,3208,4070,0.4699002504348755
1237,3208,5175,0.46988511085510254
1238,3208,1422,0.4698624908924103
1239,3208,1287,0.46978625655174255
1240,3208,5510,0.46964603662490845
1241,3208,3844,0.46954360604286194
1242,3208,2610,0.46951815485954285
1243,3208,4245,0.4694270193576813
1244,3208,6077,0.4693460166454315
1245,3208,3446,0.46923306584358215
1246,3208,4779,0.4692267179489136
1247,3208,3541,0.4692111909389496
1248,3208,5605,0.4691160023212433
1249,3208,4046,0.46907439827919006
1250,3208,3581,0.4690453112125397
1251,3208,208,0.46886974573135376
1252,3208,3470,0.46884456276893616
1253,3208,1640,0.46878910064697266
1254,3208,5891,0.46873828768730164
1255,3208,6013,0.46869587898254395
1256,3208,3731,0.4686598479747772
1257,3208,3497,0.46863269805908203
1258,3208,3819,0.4685315489768982
1259,3208,2661,0.4685018062591553
1260,3208,4398,0.4683869779109955
1261,3208,5577,0.4683597981929779
1262,3208,3629,0.468179315328598
1263,3208,5074,0.4681444466114044
1264,3208,639,0.46812307834625244
1265,3208,4193,0.4681016802787781
1266,3208,5677,0.4680737853050232
1267,3208,4078,0.46805936098098755
1268,3208,2745,0.46805113554000854
1269,3208,4832,0.46798083186149597
1270,3208,3066,0.46791714429855347
1271,3208,3499,0.4677251875400543
1272,3208,223,0.4676875174045563
1273,3208,5231,0.46767014265060425
1274,3208,3603,0.4676075875759125
1275,3208,6034,0.4676074683666229
1276,3208,1634,0.46758267283439636
1277,3208,4544,0.4675334692001343
1278,3208,3290,0.46752336621284485
1279,3208,3232,0.46745792031288147
1280,3208,4009,0.46741387248039246
1281,3208,5810,0.4673753082752228
1282,3208,5584,0.4673265814781189
1283,3208,1103,0.4671502709388733
1284,3208,2549,0.46711811423301697
1285,3208,3190,0.46710917353630066
1286,3208,492,0.46710583567619324
1287,3208,5586,0.46693557500839233
1288,3208,4083,0.4667314291000366
1289,3208,4737,0.4667305052280426
1290,3208,3999,0.4666787385940552
1291,3208,3829,0.46666213870048523
1292,3208,490,0.46661320328712463
1293,3208,5753,0.46659037470817566
1294,3208,3977,0.46657824516296387
1295,3208,3073,0.4665543735027313
1296,3208,4968,0.4664843678474426
1297,3208,5295,0.4663299024105072
1298,3208,5405,0.46631672978401184
1299,3208,3843,0.4662458598613739
1300,3208,4014,0.4662110209465027
1301,3208,5072,0.46607348322868347
1302,3208,1095,0.4660395681858063
1303,3208,1665,0.4659941494464874
1304,3208,3930,0.46599218249320984
1305,3208,2471,0.4659765362739563
1306,3208,3883,0.4659247398376465
1307,3208,3512,0.4657374322414398
1308,3208,4026,0.46571338176727295
1309,3208,5506,0.46567273139953613
1310,3208,5119,0.46560826897621155
1311,3208,3004,0.46556541323661804
1312,3208,5868,0.46551182866096497
1313,3208,3942,0.4654475748538971
1314,3208,3615,0.46520715951919556
1315,3208,3502,0.46518126130104065
1316,3208,2983,0.46514251828193665
1317,3208,4649,0.4650570750236511
1318,3208,4027,0.4649665653705597
1319,3208,4050,0.4648090600967407
1320,3208,3859,0.4647929072380066
1321,3208,2987,0.4647711217403412
1322,3208,5828,0.4647711217403412
1323,3208,4763,0.46476730704307556
1324,3208,5041,0.4647133946418762
1325,3208,3486,0.4646800458431244
1326,3208,2915,0.4646601378917694
1327,3208,4426,0.4646376073360443
1328,3208,1327,0.4645889699459076
1329,3208,2662,0.4644961357116699
1330,3208,2503,0.464325875043869
1331,3208,3728,0.46430811285972595
1332,3208,5693,0.4641927182674408
1333,3208,1725,0.464192658662796
1334,3208,6235,0.4641842842102051
1335,3208,600,0.46413132548332214
1336,3208,1531,0.4639575779438019
1337,3208,5934,0.4639309346675873
1338,3208,5922,0.46384263038635254
1339,3208,1723,0.4638215899467468
1340,3208,3628,0.4637961685657501
1341,3208,5284,0.46366503834724426
1342,3208,872,0.46361392736434937
1343,3208,4920,0.46335655450820923
1344,3208,3017,0.46323147416114807
1345,3208,3987,0.4631391763687134
1346,3208,1026,0.46313220262527466
1347,3208,5751,0.4631108343601227
1348,3208,5644,0.46307384967803955
1349,3208,1456,0.46306127309799194
1350,3208,4033,0.46303465962409973
1351,3208,2701,0.46298232674598694
1352,3208,2606,0.4629179835319519
1353,3208,1875,0.46272292733192444
1354,3208,4869,0.4627055823802948
1355,3208,3328,0.46255218982696533
1356,3208,3960,0.46247634291648865
1357,3208,5603,0.4622144401073456
1358,3208,5285,0.4622134268283844
1359,3208,1930,0.4621688723564148
1360,3208,578,0.46194276213645935
1361,3208,4134,0.46187329292297363
1362,3208,4358,0.4618501365184784
1363,3208,983,0.4617277681827545
1364,3208,6308,0.4615589678287506
1365,3208,5426,0.46152031421661377
1366,3208,5738,0.46143749356269836
1367,3208,1545,0.46140310168266296
1368,3208,5349,0.46136054396629333
1369,3208,467,0.461325079202652
1370,3208,4969,0.46131590008735657
1371,3208,4003,0.4611828923225403
1372,3208,5566,0.46114668250083923
1373,3208,1734,0.461115300655365
1374,3208,3651,0.46111175417900085
1375,3208,3836,0.46107253432273865
1376,3208,1405,0.4609690010547638
1377,3208,764,0.4609139561653137
1378,3208,5157,0.46090322732925415
1379,3208,3623,0.46088963747024536
1380,3208,1447,0.46085166931152344
1381,3208,4762,0.4607114791870117
1382,3208,5550,0.46066486835479736
1383,3208,5615,0.4606607258319855
1384,3208,355,0.4606271982192993
1385,3208,789,0.46061766147613525
1386,3208,5521,0.4605579078197479
1387,3208,3887,0.4605048894882202
1388,3208,513,0.4604714810848236
1389,3208,925,0.46043920516967773
1390,3208,997,0.4604085683822632
1391,3208,1410,0.46035683155059814
1392,3208,5162,0.46026915311813354
1393,3208,4532,0.4602082669734955
1394,3208,4392,0.4602070450782776
1395,3208,1402,0.46018990874290466
1396,3208,3518,0.46018558740615845
1397,3208,3767,0.4601766765117645
1398,3208,5303,0.4600725769996643
1399,3208,5636,0.4600462019443512
1400,3208,3724,0.4599847197532654
1401,3208,527,0.45996618270874023
1402,3208,709,0.45994848012924194
1403,3208,1971,0.45987892150878906
1404,3208,5302,0.4598696231842041
1405,3208,3676,0.4598467946052551
1406,3208,3462,0.45976710319519043
1407,3208,5144,0.45964449644088745
1408,3208,2043,0.4595305621623993
1409,3208,1747,0.4594981372356415
1410,3208,1041,0.4594946801662445
1411,3208,2290,0.4594249129295349
1412,3208,451,0.45928874611854553
1413,3208,4478,0.4592735469341278
1414,3208,1052,0.45924869179725647
1415,3208,5398,0.45924848318099976
1416,3208,2161,0.45924845337867737
1417,3208,1840,0.4592244625091553
1418,3208,3749,0.4591892957687378
1419,3208,5411,0.459119975566864
1420,3208,1828,0.459096223115921
1421,3208,4804,0.45908498764038086
1422,3208,900,0.459066778421402
1423,3208,5568,0.4589104950428009
1424,3208,4689,0.45890796184539795
1425,3208,4917,0.45888370275497437
1426,3208,1273,0.45886531472206116
1427,3208,2755,0.45876017212867737
1428,3208,1057,0.4587431848049164
1429,3208,5696,0.45871248841285706
1430,3208,5858,0.45861977338790894
1431,3208,3012,0.4585884213447571
1432,3208,1632,0.4585694968700409
1433,3208,4451,0.4585307836532593
1434,3208,1758,0.4585306644439697
1435,3208,1544,0.45850956439971924
1436,3208,5878,0.4583654999732971
1437,3208,6266,0.45829060673713684
1438,3208,3096,0.45825618505477905
1439,3208,1757,0.45821908116340637
1440,3208,4240,0.4582167863845825
1441,3208,4104,0.4581817388534546
1442,3208,5867,0.4581656754016876
1443,3208,5387,0.4581303596496582
1444,3208,4201,0.4580604135990143
1445,3208,1724,0.45798516273498535
1446,3208,978,0.45796969532966614
1447,3208,546,0.45783573389053345
1448,3208,1093,0.45779407024383545
1449,3208,1430,0.4577866494655609
1450,3208,5242,0.45772767066955566
1451,3208,3726,0.4577045142650604
1452,3208,3998,0.4576783776283264
1453,3208,1097,0.45756953954696655
1454,3208,5852,0.45754095911979675
1455,3208,2014,0.4575074315071106
1456,3208,3520,0.4574486315250397
1457,3208,5117,0.45739758014678955
1458,3208,5995,0.45735666155815125
1459,3208,1055,0.4573158323764801
1460,3208,1904,0.45714887976646423
1461,3208,3052,0.4571467936038971
1462,3208,790,0.4570319354534149
1463,3208,5687,0.4570169746875763
1464,3208,998,0.4569670557975769
1465,3208,5159,0.456952303647995
1466,3208,3810,0.4569341242313385
1467,3208,4297,0.45673948526382446
1468,3208,4739,0.456590861082077
1469,3208,207,0.4565533697605133
1470,3208,928,0.4565362334251404
1471,3208,2807,0.45649319887161255
1472,3208,4827,0.4564421772956848
1473,3208,5929,0.4564341604709625
1474,3208,2742,0.4563608467578888
1475,3208,1551,0.4563573896884918
1476,3208,2726,0.45628297328948975
1477,3208,2955,0.4562489688396454
1478,3208,2608,0.45621052384376526
1479,3208,4736,0.4561949372291565
1480,3208,6225,0.4561610519886017
1481,3208,3706,0.4560984671115875
1482,3208,334,0.45605480670928955
1483,3208,205,0.45604804158210754
1484,3208,5142,0.4560185372829437
1485,3208,3921,0.45597532391548157
1486,3208,2779,0.4559638798236847
1487,3208,6055,0.45592623949050903
1488,3208,5801,0.4557479918003082
1489,3208,4444,0.45568665862083435
1490,3208,5763,0.4556804597377777
1491,3208,2023,0.45565590262413025
1492,3208,3403,0.4554325342178345
1493,3208,5880,0.45534801483154297
1494,3208,3095,0.4552876949310303
1495,3208,2788,0.4552763104438782
1496,3208,264,0.455240398645401
1497,3208,5598,0.4551737904548645
1498,3208,1259,0.45510563254356384
1499,3208,4745,0.455049604177475
1500,3208,1564,0.4550328552722931
1501,3208,3848,0.4549715518951416
1502,3208,3374,0.45495671033859253
1503,3208,4809,0.4548749625682831
1504,3208,5261,0.4548223912715912
1505,3208,1558,0.4547422528266907
1506,3208,2573,0.4547317624092102
1507,3208,2166,0.45469930768013
1508,3208,3978,0.45469462871551514
1509,3208,6094,0.45469197630882263
1510,3208,4606,0.454678475856781
1511,3208,4860,0.45460766553878784
1512,3208,2799,0.4545448422431946
1513,3208,83,0.45449891686439514
1514,3208,3682,0.45440495014190674
1515,3208,3105,0.4542260468006134
1516,3208,3389,0.45422276854515076
1517,3208,5662,0.45421797037124634
1518,3208,4129,0.45415180921554565
1519,3208,216,0.4541417360305786
1520,3208,4834,0.45412930846214294
1521,3208,3102,0.45397618412971497
1522,3208,1728,0.4537152945995331
1523,3208,2630,0.453651487827301
1524,3208,5682,0.453637957572937
1525,3208,2801,0.453623503446579
1526,3208,5916,0.45356130599975586
1527,3208,5288,0.4535256326198578
1528,3208,4931,0.4533407986164093
1529,3208,4767,0.45329901576042175
1530,3208,766,0.4531650245189667
1531,3208,1396,0.45311033725738525
1532,3208,4439,0.45310017466545105
1533,3208,2741,0.45302101969718933
1534,3208,1762,0.4529668986797333
1535,3208,3050,0.4528931677341461
1536,3208,1261,0.4528770446777344
1537,3208,3299,0.4528564512729645
1538,3208,1462,0.4528183341026306
1539,3208,3436,0.45266157388687134
1540,3208,5007,0.4526461958885193
1541,3208,3243,0.4526338279247284
1542,3208,2739,0.4525001645088196
1543,3208,178,0.45243918895721436
1544,3208,2736,0.4524241089820862
1545,3208,2185,0.4524153172969818
1546,3208,4991,0.452409952878952
1547,3208,3248,0.45239385962486267
1548,3208,1334,0.4523821473121643
1549,3208,6166,0.4520398676395416
1550,3208,4911,0.45203888416290283
1551,3208,3831,0.4519755244255066
1552,3208,2926,0.45193803310394287
1553,3208,3220,0.45189476013183594
1554,3208,3283,0.4518946409225464
1555,3208,2689,0.45186686515808105
1556,3208,5257,0.45170682668685913
1557,3208,3009,0.4516950845718384
1558,3208,1022,0.45156577229499817
1559,3208,4926,0.4515080749988556
1560,3208,3256,0.45138826966285706
1561,3208,3420,0.45113447308540344
1562,3208,3423,0.45109283924102783
1563,3208,778,0.45106467604637146
1564,3208,3524,0.45098409056663513
1565,3208,5645,0.4508482813835144
1566,3208,4250,0.4508105516433716
1567,3208,2930,0.4507535696029663
1568,3208,4242,0.4505690932273865
1569,3208,1800,0.45031753182411194
1570,3208,5747,0.4502570331096649
1571,3208,1642,0.4500691890716553
1572,3208,6122,0.45004555583000183
1573,3208,797,0.44999468326568604
1574,3208,6240,0.44996631145477295
1575,3208,6021,0.44995760917663574
1576,3208,3894,0.4497906565666199
1577,3208,119,0.4497239887714386
1578,3208,4843,0.4496491551399231
1579,3208,4511,0.4496070444583893
1580,3208,5796,0.4494979977607727
1581,3208,6107,0.44947245717048645
1582,3208,4028,0.4494529068470001
1583,3208,4172,0.4493904411792755
1584,3208,658,0.4493653476238251
1585,3208,1417,0.4493544399738312
1586,3208,437,0.44928112626075745
1587,3208,5981,0.4492354393005371
1588,3208,1021,0.44923529028892517
1589,3208,6032,0.4490819275379181
1590,3208,5104,0.4490429759025574
1591,3208,2527,0.44903069734573364
1592,3208,3776,0.4490094482898712
1593,3208,1328,0.4489300549030304
1594,3208,2643,0.4488960802555084
1595,3208,4165,0.4488774836063385
1596,3208,5924,0.4487902522087097
1597,3208,780,0.44877123832702637
1598,3208,3033,0.44867220520973206
1599,3208,5563,0.44863614439964294
1600,3208,5622,0.44859856367111206
1601,3208,5167,0.44859519600868225
1602,3208,2733,0.4485752284526825
1603,3208,3730,0.44855397939682007
1604,3208,5282,0.44854918122291565
1605,3208,2338,0.4485418498516083
1606,3208,2540,0.4484746754169464
1607,3208,645,0.4483371078968048
1608,3208,2916,0.44832003116607666
1609,3208,1567,0.4482748508453369
1610,3208,3842,0.4482572674751282
1611,3208,91,0.4482293128967285
1612,3208,5120,0.44821682572364807
1613,3208,501,0.4481821060180664
1614,3208,1754,0.448089599609375
1615,3208,427,0.4480777382850647
1616,3208,5552,0.44803696870803833
1617,3208,3084,0.4479961395263672
1618,3208,4947,0.4479181170463562
1619,3208,276,0.44783470034599304
1620,3208,1504,0.44773319363594055
1621,3208,984,0.4477115869522095
1622,3208,1517,0.44768157601356506
1623,3208,967,0.4476747214794159
1624,3208,2704,0.44766807556152344
1625,3208,4147,0.4475691616535187
1626,3208,722,0.44747358560562134
1627,3208,4916,0.44721248745918274
1628,3208,3311,0.44720882177352905
1629,3208,637,0.44714120030403137
1630,3208,1761,0.4470645785331726
1631,3208,604,0.44705837965011597
1632,3208,3984,0.4469788372516632
1633,3208,5599,0.4468901455402374
1634,3208,5006,0.44676071405410767
1635,3208,1947,0.44670429825782776
1636,3208,3038,0.4466727375984192
1637,3208,701,0.4466308355331421
1638,3208,6182,0.4466208517551422
1639,3208,1838,0.44660452008247375
1640,3208,5861,0.44658780097961426
1641,3208,3091,0.4465748965740204
1642,3208,469,0.4465702474117279
1643,3208,2574,0.4465278685092926
1644,3208,5286,0.44639715552330017
1645,3208,5236,0.44635462760925293
1646,3208,3046,0.44635385274887085
1647,3208,2678,0.44632476568222046
1648,3208,5099,0.446165531873703
1649,3208,3506,0.44613176584243774
1650,3208,4052,0.44609782099723816
1651,3208,6022,0.4460669159889221
1652,3208,5718,0.4460434019565582
1653,3208,4135,0.4458106458187103
1654,3208,5030,0.44563552737236023
1655,3208,3897,0.4453948736190796
1656,3208,3569,0.44532936811447144
1657,3208,1521,0.4452882409095764
1658,3208,3368,0.44524893164634705
1659,3208,2521,0.4451526701450348
1660,3208,5874,0.4450262188911438
1661,3208,5583,0.44502317905426025
1662,3208,4829,0.4450039863586426
1663,3208,6015,0.4448544681072235
1664,3208,5864,0.4448029398918152
1665,3208,1622,0.44469860196113586
1666,3208,963,0.44467100501060486
1667,3208,3108,0.444662481546402
1668,3208,1735,0.444660484790802
1669,3208,4170,0.44454872608184814
1670,3208,4090,0.44452378153800964
1671,3208,3597,0.4444296658039093
1672,3208,3616,0.4443967938423157
1673,3208,1294,0.4443897306919098
1674,3208,3537,0.44431814551353455
1675,3208,883,0.4442879557609558
1676,3208,2241,0.4442371428012848
1677,3208,5960,0.4442208409309387
1678,3208,1476,0.44421255588531494
1679,3208,4130,0.4441848695278168
1680,3208,292,0.4441816806793213
1681,3208,5240,0.4441569745540619
1682,3208,948,0.44412434101104736
1683,3208,4057,0.44409579038619995
1684,3208,95,0.44407185912132263
1685,3208,4943,0.44406330585479736
1686,3208,1296,0.44401851296424866
1687,3208,5341,0.4440169334411621
1688,3208,1524,0.4439866542816162
1689,3208,2978,0.443943053483963
1690,3208,4042,0.44385406374931335
1691,3208,2684,0.4437401592731476
1692,3208,5449,0.44372549653053284
1693,3208,2757,0.44365590810775757
1694,3208,5769,0.44352611899375916
1695,3208,6229,0.44348159432411194
1696,3208,2631,0.443442702293396
1697,3208,5775,0.44343578815460205
1698,3208,2774,0.4434049129486084
1699,3208,1124,0.44335228204727173
1700,3208,5632,0.44334280490875244
1701,3208,6043,0.44332462549209595
1702,3208,5364,0.4432927072048187
1703,3208,5907,0.44328129291534424
1704,3208,4038,0.44327908754348755
1705,3208,3140,0.44322529435157776
1706,3208,5287,0.44316399097442627
1707,3208,3255,0.4431499242782593
1708,3208,2492,0.4431339502334595
1709,3208,3301,0.4430611729621887
1710,3208,3239,0.4430557191371918
1711,3208,3719,0.443011075258255
1712,3208,5096,0.44300657510757446
1713,3208,4335,0.4429795444011688
1714,3208,1471,0.44290634989738464
1715,3208,4661,0.4427928328514099
1716,3208,5028,0.4427151679992676
1717,3208,5258,0.4426639974117279
1718,3208,1954,0.442594975233078
1719,3208,5196,0.4425855875015259
1720,3208,956,0.44258353114128113
1721,3208,3057,0.44253775477409363
1722,3208,982,0.44248515367507935
1723,3208,6242,0.44247961044311523
1724,3208,5857,0.44246166944503784
1725,3208,4703,0.44238874316215515
1726,3208,6150,0.4420051574707031
1727,3208,870,0.4419669210910797
1728,3208,3919,0.4419068396091461
1729,3208,5872,0.4418219029903412
1730,3208,3425,0.44179514050483704
1731,3208,168,0.44175249338150024
1732,3208,2612,0.44175073504447937
1733,3208,2692,0.4417094588279724
1734,3208,1730,0.44161471724510193
1735,3208,2286,0.441588431596756
1736,3208,844,0.4415764808654785
1737,3208,1611,0.4415551424026489
1738,3208,1348,0.44151923060417175
1739,3208,3090,0.44146502017974854
1740,3208,3011,0.4414428174495697
1741,3208,885,0.4414297342300415
1742,3208,48,0.4414159655570984
1743,3208,5055,0.44137516617774963
1744,3208,4023,0.44134142994880676
1745,3208,4919,0.44132548570632935
1746,3208,796,0.4412802457809448
1747,3208,6131,0.44114819169044495
1748,3208,3312,0.44114455580711365
1749,3208,5816,0.4411315619945526
1750,3208,5733,0.44112348556518555
1751,3208,4264,0.4410921335220337
1752,3208,4729,0.4409348964691162
1753,3208,4236,0.4408755302429199
1754,3208,2719,0.44085219502449036
1755,3208,4004,0.44085073471069336
1756,3208,5879,0.44084835052490234
1757,3208,3797,0.4408002197742462
1758,3208,5601,0.44077444076538086
1759,3208,4155,0.440641313791275
1760,3208,5137,0.4406205117702484
1761,3208,5393,0.44057297706604004
1762,3208,1142,0.4405364990234375
1763,3208,2746,0.4405007064342499
1764,3208,5549,0.4404948651790619
1765,3208,1981,0.4404554069042206
1766,3208,4308,0.44032639265060425
1767,3208,3327,0.44029897451400757
1768,3208,3106,0.44023942947387695
1769,3208,4162,0.4402138888835907
1770,3208,1279,0.4401562511920929
1771,3208,7,0.4400678277015686
1772,3208,4407,0.4400651156902313
1773,3208,2654,0.440049409866333
1774,3208,6071,0.44001102447509766
1775,3208,4839,0.4399803876876831
1776,3208,2870,0.43985068798065186
1777,3208,4698,0.4398127496242523
1778,3208,3590,0.43980422616004944
1779,3208,1297,0.4396589398384094
1780,3208,6354,0.4396141469478607
1781,3208,2007,0.43955472111701965
1782,3208,3204,0.43945854902267456
1783,3208,6069,0.4394402503967285
1784,3208,5966,0.4394252598285675
1785,3208,3742,0.4394086003303528
1786,3208,157,0.43931451439857483
1787,3208,5595,0.43930768966674805
1788,3208,4708,0.4392727017402649
1789,3208,2636,0.4392154812812805
1790,3208,2905,0.43913692235946655
1791,3208,3924,0.43911275267601013
1792,3208,3086,0.4390617609024048
1793,3208,3346,0.4387761950492859
1794,3208,32,0.43877482414245605
1795,3208,3881,0.43876999616622925
1796,3208,2018,0.4387282729148865
1797,3208,5489,0.4386889338493347
1798,3208,5991,0.4386585056781769
1799,3208,1594,0.4386478662490845
1800,3208,1841,0.4386410415172577
1801,3208,5527,0.4385816752910614
1802,3208,5145,0.4384516477584839
1803,3208,6247,0.4383701682090759
1804,3208,1489,0.4383612275123596
1805,3208,581,0.43824535608291626
1806,3208,4094,0.43807825446128845
1807,3208,2657,0.4380764365196228
1808,3208,5674,0.43788278102874756
1809,3208,3481,0.43787533044815063
1810,3208,3967,0.43775177001953125
1811,3208,5517,0.4376615285873413
1812,3208,1018,0.4375486373901367
1813,3208,4363,0.4374864399433136
1814,3208,4852,0.43731197714805603
1815,3208,5053,0.43718093633651733
1816,3208,517,0.43716681003570557
1817,3208,3863,0.43710964918136597
1818,3208,3185,0.43708088994026184
1819,3208,337,0.437060683965683
1820,3208,6353,0.437024861574173
1821,3208,3282,0.43694251775741577
1822,3208,4691,0.4368603825569153
1823,3208,5594,0.43680065870285034
1824,3208,3003,0.43670156598091125
1825,3208,4903,0.4366714358329773
1826,3208,1015,0.43660011887550354
1827,3208,464,0.43659713864326477
1828,3208,6051,0.43659707903862
1829,3208,3051,0.4365338981151581
1830,3208,1282,0.43648040294647217
1831,3208,1048,0.43644270300865173
1832,3208,3099,0.43641868233680725
1833,3208,1847,0.4363572299480438
1834,3208,973,0.4363549053668976
1835,3208,3274,0.43624427914619446
1836,3208,1820,0.43622320890426636
1837,3208,5112,0.43619009852409363
1838,3208,5491,0.43617984652519226
1839,3208,2806,0.436139851808548
1840,3208,3641,0.4361288249492645
1841,3208,6169,0.43604135513305664
1842,3208,5985,0.4360407888889313
1843,3208,3164,0.4358425438404083
1844,3208,5633,0.43583571910858154
1845,3208,5376,0.43579724431037903
1846,3208,3822,0.4357835650444031
1847,3208,686,0.4357825815677643
1848,3208,4928,0.43566077947616577
1849,3208,3308,0.4356483519077301
1850,3208,3222,0.43548813462257385
1851,3208,3505,0.4353962242603302
1852,3208,2224,0.4353877902030945
1853,3208,1513,0.43526142835617065
1854,3208,3249,0.43517497181892395
1855,3208,6329,0.43513718247413635
1856,3208,4035,0.43509581685066223
1857,3208,2274,0.43500086665153503
1858,3208,4260,0.4349789023399353
1859,3208,5980,0.43490076065063477
1860,3208,2754,0.43487414717674255
1861,3208,2740,0.4347993731498718
1862,3208,5520,0.43479323387145996
1863,3208,5098,0.4347699284553528
1864,3208,4906,0.43476423621177673
1865,3208,6011,0.4345959722995758
1866,3208,6137,0.4345841109752655
1867,3208,4952,0.4345749318599701
1868,3208,177,0.43455517292022705
1869,3208,1470,0.434532105922699
1870,3208,5844,0.4344961643218994
1871,3208,49,0.4344526529312134
1872,3208,3613,0.434420108795166
1873,3208,2461,0.43434152007102966
1874,3208,4921,0.43433359265327454
1875,3208,621,0.43430691957473755
1876,3208,2603,0.4343023896217346
1877,3208,552,0.434295117855072
1878,3208,4949,0.4342394471168518
1879,3208,2932,0.43418532609939575
1880,3208,19,0.4341607987880707
1881,3208,1434,0.43416064977645874
1882,3208,4515,0.43414539098739624
1883,3208,3577,0.4340765178203583
1884,3208,1217,0.4340639114379883
1885,3208,133,0.43405792117118835
1886,3208,4966,0.4338935613632202
1887,3208,1595,0.4338921010494232
1888,3208,2800,0.4338904023170471
1889,3208,554,0.4338628351688385
1890,3208,2277,0.43381431698799133
1891,3208,5084,0.43378886580467224
1892,3208,2653,0.4337770640850067
1893,3208,1523,0.43372559547424316
1894,3208,4013,0.4336773157119751
1895,3208,3331,0.4335712790489197
1896,3208,3655,0.43355679512023926
1897,3208,3832,0.4335551857948303
1898,3208,5538,0.4335083067417145
1899,3208,5497,0.43342018127441406
1900,3208,4049,0.4333277940750122
1901,3208,814,0.43329334259033203
1902,3208,6092,0.4332793056964874
1903,3208,3513,0.4331977963447571
1904,3208,873,0.4331810772418976
1905,3208,3466,0.43316659331321716
1906,3208,298,0.43306854367256165
1907,3208,304,0.43301650881767273
1908,3208,5745,0.43296903371810913
1909,3208,4970,0.43288150429725647
1910,3208,5847,0.43278998136520386
1911,3208,3585,0.43278610706329346
1912,3208,4503,0.4327011704444885
1913,3208,2094,0.432666540145874
1914,3208,1889,0.432666540145874
1915,3208,3540,0.4326443672180176
1916,3208,5727,0.43262746930122375
1917,3208,893,0.432584285736084
1918,3208,3630,0.4325636923313141
1919,3208,1498,0.43254345655441284
1920,3208,1851,0.4325404167175293
1921,3208,5582,0.4323950707912445
1922,3208,3785,0.43229129910469055
1923,3208,1461,0.43224120140075684
1924,3208,1030,0.4321470856666565
1925,3208,3673,0.432076096534729
1926,3208,6012,0.43204864859580994
1927,3208,3432,0.432036429643631
1928,3208,4774,0.43198177218437195
1929,3208,3341,0.4318922758102417
1930,3208,3364,0.43187642097473145
1931,3208,1120,0.4318165183067322
1932,3208,3407,0.4317561388015747
1933,3208,1797,0.43174123764038086
1934,3208,3681,0.4316115081310272
1935,3208,6111,0.4315909743309021
1936,3208,1428,0.43158411979675293
1937,3208,310,0.4315379858016968
1938,3208,3910,0.43151214718818665
1939,3208,5967,0.43150800466537476
1940,3208,3484,0.43150490522384644
1941,3208,3114,0.4313405752182007
1942,3208,4018,0.4313310980796814
1943,3208,1393,0.43129217624664307
1944,3208,4688,0.4311136305332184
1945,3208,516,0.43108564615249634
1946,3208,4803,0.4310816824436188
1947,3208,2920,0.4309707581996918
1948,3208,3302,0.43095889687538147
1949,3208,2784,0.4308808445930481
1950,3208,1027,0.43086084723472595
1951,3208,3167,0.4308452308177948
1952,3208,5570,0.43073099851608276
1953,3208,5492,0.4306962490081787
1954,3208,6010,0.43060773611068726
1955,3208,3861,0.43060386180877686
1956,3208,3758,0.4306011497974396
1957,3208,5065,0.43058010935783386
1958,3208,2233,0.4305739104747772
1959,3208,2670,0.43054452538490295
1960,3208,4209,0.43052607774734497
1961,3208,4364,0.43039044737815857
1962,3208,3662,0.4303792417049408
1963,3208,994,0.4303458631038666
1964,3208,4704,0.4302399456501007
1965,3208,6271,0.4301711618900299
1966,3208,4826,0.430156409740448
1967,3208,5886,0.43004733324050903
1968,3208,863,0.4300152659416199
1969,3208,1886,0.43001312017440796
1970,3208,2708,0.429958701133728
1971,3208,3721,0.42989373207092285
1972,3208,3806,0.42988958954811096
1973,3208,6274,0.4298766553401947
1974,3208,5321,0.4298691749572754
1975,3208,2604,0.4297872483730316
1976,3208,5906,0.4297705590724945
1977,3208,5997,0.4297236502170563
1978,3208,1036,0.4296872019767761
1979,3208,1857,0.429669588804245
1980,3208,4152,0.42954039573669434
1981,3208,6236,0.42953944206237793
1982,3208,3217,0.42952272295951843
1983,3208,5392,0.4294925034046173
1984,3208,3878,0.42942965030670166
1985,3208,3762,0.42936235666275024
1986,3208,3495,0.4292818307876587
1987,3208,4215,0.42926809191703796
1988,3208,1844,0.4292292296886444
1989,3208,5198,0.4290723502635956
1990,3208,4054,0.42902040481567383
1991,3208,5773,0.42900481820106506
1992,3208,3705,0.4288384020328522
1993,3208,5667,0.42880579829216003
1994,3208,5330,0.42880573868751526
1995,3208,260,0.4287183880805969
1996,3208,1982,0.42865705490112305
1997,3208,5565,0.428621381521225
1998,3208,2250,0.4285646975040436
1999,3208,2880,0.4285040497779846
2000,3208,4918,0.4284553825855255
2001,3208,5703,0.42827048897743225
2002,3208,4144,0.42821165919303894
2003,3208,5063,0.4281638264656067
2004,3208,3812,0.4280856251716614
2005,3208,4711,0.42804577946662903
2006,3208,2133,0.42803043127059937
2007,3208,4958,0.42799901962280273
2008,3208,6142,0.42779019474983215
2009,3208,877,0.4277619421482086
2010,3208,5363,0.42774006724357605
2011,3208,1056,0.4277280569076538
2012,3208,3089,0.42771273851394653
2013,3208,1571,0.4276975691318512
2014,3208,2737,0.42767325043678284
2015,3208,903,0.4275283217430115
2016,3208,3648,0.42752212285995483
2017,3208,1312,0.4275023639202118
2018,3208,5830,0.42748764157295227
2019,3208,2106,0.42748361825942993
2020,3208,4082,0.42747098207473755
2021,3208,3756,0.4274689853191376
2022,3208,186,0.42745476961135864
2023,3208,4836,0.42744651436805725
2024,3208,5992,0.42742615938186646
2025,3208,1855,0.4274241030216217
2026,3208,6050,0.42737361788749695
2027,3208,139,0.42735764384269714
2028,3208,3077,0.4272620975971222
2029,3208,3376,0.4272240698337555
2030,3208,5729,0.4271326959133148
2031,3208,3419,0.42712363600730896
2032,3208,3689,0.42707499861717224
2033,3208,763,0.426969438791275
2034,3208,1649,0.42690780758857727
2035,3208,3415,0.42687416076660156
2036,3208,3548,0.42683956027030945
2037,3208,3744,0.4268217384815216
2038,3208,25,0.4265044629573822
2039,3208,3421,0.4264279901981354
2040,3208,5572,0.4263002574443817
2041,3208,5345,0.4262888729572296
2042,3208,4723,0.4262741506099701
2043,3208,5731,0.4261493980884552
2044,3208,5739,0.42609021067619324
2045,3208,5579,0.42605504393577576
2046,3208,4074,0.4260140359401703
2047,3208,6154,0.42600974440574646
2048,3208,4701,0.4259558618068695
2049,3208,5628,0.4259384870529175
2050,3208,5271,0.42586982250213623
2051,3208,99,0.42586052417755127
2052,3208,1914,0.42584389448165894
2053,3208,4479,0.425802618265152
2054,3208,1006,0.42579519748687744
2055,3208,5020,0.42575109004974365
2056,3208,4007,0.42572689056396484
2057,3208,3429,0.42562136054039
2058,3208,5873,0.42562028765678406
2059,3208,5371,0.4255911707878113
2060,3208,985,0.4255784749984741
2061,3208,2619,0.42557352781295776
2062,3208,2641,0.42539387941360474
2063,3208,3393,0.4253668487071991
2064,3208,4785,0.4253333806991577
2065,3208,2977,0.42527592182159424
2066,3208,4934,0.4252736568450928
2067,3208,2322,0.42525485157966614
2068,3208,4994,0.42525023221969604
2069,3208,6280,0.42521780729293823
2070,3208,1601,0.4252162575721741
2071,3208,630,0.4251643419265747
2072,3208,744,0.42507246136665344
2073,3208,3448,0.4250400960445404
2074,3208,2192,0.42503833770751953
2075,3208,4420,0.4250265061855316
2076,3208,1116,0.42495647072792053
2077,3208,4076,0.4249529540538788
2078,3208,557,0.424941748380661
2079,3208,1596,0.4249367117881775
2080,3208,6302,0.4249095916748047
2081,3208,5710,0.42485377192497253
2082,3208,312,0.42477813363075256
2083,3208,3334,0.4247461259365082
2084,3208,4666,0.4247136414051056
2085,3208,594,0.42453908920288086
2086,3208,563,0.4245321750640869
2087,3208,6316,0.4245019853115082
2088,3208,629,0.42448005080223083
2089,3208,1345,0.4244517385959625
2090,3208,1186,0.4244292378425598
2091,3208,2298,0.4243893027305603
2092,3208,1281,0.4243481159210205
2093,3208,972,0.4242837131023407
2094,3208,3075,0.4242052733898163
2095,3208,3668,0.42414796352386475
2096,3208,952,0.42405739426612854
2097,3208,3857,0.4239729940891266
2098,3208,6000,0.42397022247314453
2099,3208,3510,0.423879474401474
2100,3208,5233,0.42377832531929016
2101,3208,3591,0.4237557053565979
2102,3208,5770,0.42375120520591736
2103,3208,957,0.42371076345443726
2104,3208,4272,0.423644483089447
2105,3208,3763,0.4235929250717163
2106,3208,5248,0.42353367805480957
2107,3208,90,0.42348477244377136
2108,3208,2781,0.42342209815979004
2109,3208,6334,0.4234159588813782
2110,3208,5957,0.4233725070953369
2111,3208,5945,0.4233541786670685
2112,3208,2921,0.42333176732063293
2113,3208,4167,0.42325955629348755
2114,3208,2070,0.42311304807662964
2115,3208,1877,0.42311304807662964
2116,3208,1756,0.4230882227420807
2117,3208,6288,0.4230862557888031
2118,3208,488,0.42296263575553894
2119,3208,2990,0.4229580760002136
2120,3208,4912,0.4229480028152466
2121,3208,3799,0.42284566164016724
2122,3208,3870,0.4227828085422516
2123,3208,3961,0.4227699637413025
2124,3208,4743,0.4227657616138458
2125,3208,904,0.42274215817451477
2126,3208,5243,0.4227170944213867
2127,3208,1452,0.42270442843437195
2128,3208,2914,0.4227033853530884
2129,3208,279,0.4227002263069153
2130,3208,5884,0.42269137501716614
2131,3208,2752,0.4226824939250946
2132,3208,4156,0.42263245582580566
2133,3208,2024,0.42258933186531067
2134,3208,6320,0.42255449295043945
2135,3208,3335,0.42250964045524597
2136,3208,5535,0.4224436283111572
2137,3208,6164,0.4223538339138031
2138,3208,4849,0.42232397198677063
2139,3208,3354,0.42228084802627563
2140,3208,5194,0.4222283363342285
2141,3208,3107,0.4221951961517334
2142,3208,4154,0.4221850335597992
2143,3208,5166,0.4221610724925995
2144,3208,4520,0.4220511317253113
2145,3208,3489,0.42204710841178894
2146,3208,281,0.4220404624938965
2147,3208,6177,0.4220356047153473
2148,3208,277,0.4219706356525421
2149,3208,392,0.42192408442497253
2150,3208,3369,0.42192405462265015
2151,3208,2469,0.42185357213020325
2152,3208,971,0.42179057002067566
2153,3208,5602,0.42172595858573914
2154,3208,922,0.42170387506484985
2155,3208,163,0.4216510057449341
2156,3208,138,0.42163944244384766
2157,3208,1247,0.42158088088035583
2158,3208,247,0.42157724499702454
2159,3208,6317,0.4215536415576935
2160,3208,2974,0.4215333163738251
2161,3208,4064,0.4214746654033661
2162,3208,804,0.4214465022087097
2163,3208,3875,0.42144566774368286
2164,3208,3027,0.42141228914260864
2165,3208,3226,0.4213368892669678
2166,3208,4892,0.4211680591106415
2167,3208,5170,0.4211495816707611
2168,3208,5171,0.42111971974372864
2169,3208,1535,0.4210697114467621
2170,3208,3808,0.4210587441921234
2171,3208,3133,0.4210289716720581
2172,3208,690,0.4209015965461731
2173,3208,2790,0.42083004117012024
2174,3208,6165,0.4208292067050934
2175,3208,4876,0.4207967519760132
2176,3208,68,0.42073631286621094
2177,3208,2366,0.4205506145954132
2178,3208,2925,0.42054837942123413
2179,3208,3903,0.4204571545124054
2180,3208,5292,0.42040175199508667
2181,3208,3562,0.4203212857246399
2182,3208,4715,0.4202973246574402
2183,3208,3479,0.4201803207397461
2184,3208,5402,0.42017367482185364
2185,3208,3866,0.4201677441596985
2186,3208,3135,0.4201633334159851
2187,3208,5569,0.42014968395233154
2188,3208,575,0.42010530829429626
2189,3208,3236,0.42007383704185486
2190,3208,3265,0.4200294613838196
2191,3208,5897,0.4199625253677368
2192,3208,5260,0.41995522379875183
2193,3208,466,0.4199061691761017
2194,3208,5050,0.4198770523071289
2195,3208,525,0.4197687804698944
2196,3208,2655,0.41975489258766174
2197,3208,1450,0.4196961522102356
2198,3208,1887,0.4196912944316864
2199,3208,5461,0.4196811616420746
2200,3208,5245,0.4196751117706299
2201,3208,3250,0.4195573925971985
2202,3208,1029,0.4195151627063751
2203,3208,5173,0.4194045960903168
2204,3208,3699,0.4193878471851349
2205,3208,2659,0.41932302713394165
2206,3208,1050,0.41918492317199707
2207,3208,3531,0.41907745599746704
2208,3208,3939,0.41903072595596313
2209,3208,1497,0.41899189352989197
2210,3208,2956,0.4189259707927704
2211,3208,4732,0.41881033778190613
2212,3208,841,0.41877877712249756
2213,3208,1550,0.41864013671875
2214,3208,5741,0.4185871183872223
2215,3208,4072,0.4185838997364044
2216,3208,1127,0.41857030987739563
2217,3208,2555,0.41845375299453735
2218,3208,721,0.41841408610343933
2219,3208,1156,0.41836559772491455
2220,3208,3072,0.41833314299583435
2221,3208,5560,0.4182898998260498
2222,3208,5246,0.41828665137290955
2223,3208,5609,0.4182853698730469
2224,3208,3885,0.4181698262691498
2225,3208,4956,0.4181382358074188
2226,3208,4978,0.4181370437145233
2227,3208,1478,0.41812989115715027
2228,3208,2663,0.41803306341171265
2229,3208,1397,0.4179285764694214
2230,3208,4819,0.4178597927093506
2231,3208,3816,0.4178507626056671
2232,3208,1342,0.4178398549556732
2233,3208,4807,0.41778936982154846
2234,3208,3032,0.41778209805488586
2235,3208,390,0.41776734590530396
2236,3208,2777,0.41776424646377563
2237,3208,3711,0.41773876547813416
2238,3208,2148,0.4176720678806305
2239,3208,300,0.41763150691986084
2240,3208,2691,0.4176027774810791
2241,3208,6091,0.4175599217414856
2242,3208,1330,0.417441725730896
2243,3208,3793,0.41740289330482483
2244,3208,5593,0.4173796772956848
2245,3208,3231,0.4172808825969696
2246,3208,1318,0.41727951169013977
2247,3208,1525,0.41721630096435547
2248,3208,5625,0.41720932722091675
2249,3208,1740,0.4171963930130005
2250,3208,6284,0.417158842086792
2251,3208,738,0.41714927554130554
2252,3208,245,0.4170703589916229
2253,3208,4795,0.41705554723739624
2254,3208,3068,0.4170139729976654
2255,3208,4321,0.4170101284980774
2256,3208,5045,0.4169185161590576
2257,3208,1482,0.41690197587013245
2258,3208,5277,0.4168890118598938
2259,3208,5403,0.41682419180870056
2260,3208,419,0.41671615839004517
2261,3208,535,0.41664108633995056
2262,3208,251,0.4166387915611267
2263,3208,2887,0.4166184961795807
2264,3208,1964,0.4165390133857727
2265,3208,369,0.4165193438529968
2266,3208,2936,0.41650116443634033
2267,3208,5772,0.41649869084358215
2268,3208,6160,0.4164700508117676
2269,3208,3093,0.41645538806915283
2270,3208,3608,0.4164170026779175
2271,3208,5358,0.4163903594017029
2272,3208,733,0.4163590967655182
2273,3208,5740,0.41631993651390076
2274,3208,770,0.41630011796951294
2275,3208,5003,0.41628333926200867
2276,3208,4989,0.41625890135765076
2277,3208,4797,0.4161517024040222
2278,3208,5776,0.41609445214271545
2279,3208,5384,0.41604867577552795
2280,3208,1846,0.4160018861293793
2281,3208,4044,0.41585102677345276
2282,3208,1534,0.41584476828575134
2283,3208,2183,0.4158276319503784
2284,3208,5439,0.41579750180244446
2285,3208,3965,0.41572055220603943
2286,3208,5187,0.4156913161277771
2287,3208,4833,0.41560864448547363
2288,3208,6024,0.41557571291923523
2289,3208,598,0.4155674874782562
2290,3208,1099,0.41540539264678955
2291,3208,3947,0.4153718650341034
2292,3208,3702,0.41536203026771545
2293,3208,902,0.41532936692237854
2294,3208,1399,0.41526520252227783
2295,3208,5592,0.41525009274482727
2296,3208,4961,0.41518494486808777
2297,3208,6123,0.4151032567024231
2298,3208,356,0.41509535908699036
2299,3208,799,0.41500988602638245
2300,3208,4251,0.4149564504623413
2301,3208,3994,0.41493725776672363
2302,3208,2618,0.41492515802383423
2303,3208,5896,0.4148935079574585
2304,3208,158,0.41473472118377686
2305,3208,3037,0.4147334694862366
2306,3208,131,0.4147143065929413
2307,3208,4435,0.4146974980831146
2308,3208,1265,0.414696604013443
2309,3208,2597,0.41469070315361023
2310,3208,5860,0.4146660566329956
2311,3208,5558,0.4145834147930145
2312,3208,5990,0.4145369529724121
2313,3208,5301,0.41452309489250183
2314,3208,5752,0.4145089387893677
2315,3208,6187,0.41443100571632385
2316,3208,1083,0.4143930971622467
2317,3208,2918,0.41437003016471863
2318,3208,894,0.4143105745315552
2319,3208,5377,0.4142247140407562
2320,3208,1105,0.41419517993927
2321,3208,3225,0.4141333997249603
2322,3208,2110,0.4141128659248352
2323,3208,4438,0.4139980673789978
2324,3208,5518,0.41397517919540405
2325,3208,21,0.41396892070770264
2326,3208,6134,0.41395485401153564
2327,3208,628,0.4138738512992859
2328,3208,1401,0.41380104422569275
2329,3208,3748,0.413785845041275
2330,3208,5511,0.4137832224369049
2331,3208,1727,0.4137810170650482
2332,3208,3278,0.4137720465660095
2333,3208,6079,0.41375237703323364
2334,3208,242,0.41371631622314453
2335,3208,4759,0.41364678740501404
2336,3208,2048,0.4135858714580536
2337,3208,1331,0.41357821226119995
2338,3208,874,0.41355985403060913
2339,3208,5054,0.41354650259017944
2340,3208,2575,0.4135410189628601
2341,3208,1812,0.41351112723350525
2342,3208,6369,0.4134880602359772
2343,3208,6228,0.41344350576400757
2344,3208,1357,0.4134240448474884
2345,3208,5253,0.41341274976730347
2346,3208,3530,0.4133678376674652
2347,3208,2730,0.41329634189605713
2348,3208,2015,0.41327571868896484
2349,3208,3656,0.4131467342376709
2350,3208,5373,0.4130895435810089
2351,3208,4975,0.41308271884918213
2352,3208,2634,0.4130784273147583
2353,3208,5178,0.413069486618042
2354,3208,6262,0.41291484236717224
2355,3208,3152,0.41291236877441406
2356,3208,5251,0.4128909409046173
2357,3208,4350,0.4127851724624634
2358,3208,6108,0.4127117395401001
2359,3208,5091,0.41270801424980164
2360,3208,5574,0.41269204020500183
2361,3208,5671,0.4126918911933899
2362,3208,5156,0.4125807583332062
2363,3208,1254,0.41250088810920715
2364,3208,4274,0.4124806821346283
2365,3208,4786,0.4124491810798645
2366,3208,5066,0.4124337434768677
2367,3208,3737,0.4123828411102295
2368,3208,3337,0.4123612642288208
2369,3208,2201,0.4123603403568268
2370,3208,692,0.41234132647514343
2371,3208,988,0.4122968912124634
2372,3208,4056,0.4121862053871155
2373,3208,4673,0.41212692856788635
2374,3208,2725,0.41210389137268066
2375,3208,543,0.41210323572158813
2376,3208,3388,0.4120267331600189
2377,3208,5531,0.4119856059551239
2378,3208,3030,0.411978155374527
2379,3208,5408,0.41191717982292175
2380,3208,3624,0.4119007885456085
2381,3208,6173,0.4118971526622772
2382,3208,562,0.4118514358997345
2383,3208,5215,0.4118490517139435
2384,3208,3069,0.41183310747146606
2385,3208,1008,0.41175034642219543
2386,3208,4756,0.4117177426815033
2387,3208,3483,0.41164398193359375
2388,3208,5080,0.41155847907066345
2389,3208,564,0.41147932410240173
2390,3208,1910,0.4114522337913513
2391,3208,4814,0.4113577902317047
2392,3208,5885,0.41126754879951477
2393,3208,5591,0.41125592589378357
2394,3208,5009,0.411241352558136
2395,3208,3149,0.41123998165130615
2396,3208,4173,0.41118550300598145
2397,3208,5147,0.4111196994781494
2398,3208,5042,0.41101181507110596
2399,3208,4393,0.41100171208381653
2400,3208,1284,0.4109379053115845
2401,3208,4706,0.41092219948768616
2402,3208,1809,0.4109143912792206
2403,3208,6221,0.410770446062088
2404,3208,5875,0.41075313091278076
2405,3208,2889,0.41073450446128845
2406,3208,2474,0.4107333719730377
2407,3208,4850,0.4107316732406616
2408,3208,3754,0.4107237458229065
2409,3208,4702,0.4107154905796051
2410,3208,3494,0.4106310307979584
2411,3208,3851,0.4106268286705017
2412,3208,5564,0.410601407289505
2413,3208,2158,0.4105709195137024
2414,3208,3517,0.41056472063064575
2415,3208,4043,0.41056257486343384
2416,3208,951,0.41051724553108215
2417,3208,1646,0.41051700711250305
2418,3208,5025,0.4104589521884918
2419,3208,3391,0.41043519973754883
2420,3208,5052,0.4104226529598236
2421,3208,4045,0.4103739857673645
2422,3208,275,0.4103473722934723
2423,3208,774,0.4102725386619568
2424,3208,1290,0.41022488474845886
2425,3208,1992,0.41021275520324707
2426,3208,1485,0.4101845324039459
2427,3208,3572,0.41010332107543945
2428,3208,145,0.4100891947746277
2429,3208,5368,0.410021036863327
2430,3208,1576,0.409920334815979
2431,3208,3558,0.4098733961582184
2432,3208,5202,0.40982547402381897
2433,3208,2706,0.4097588062286377
2434,3208,5274,0.40974512696266174
2435,3208,2867,0.409713476896286
2436,3208,4788,0.409681499004364
2437,3208,6023,0.40959203243255615
2438,3208,1604,0.40958431363105774
2439,3208,1361,0.40956488251686096
2440,3208,2682,0.4095582365989685
2441,3208,5327,0.4095042049884796
2442,3208,1066,0.409397691488266
2443,3208,1324,0.4093712866306305
2444,3208,4929,0.40929481387138367
2445,3208,1566,0.4092753827571869
2446,3208,5092,0.4092736542224884
2447,3208,5686,0.4091288447380066
2448,3208,5930,0.409123033285141
2449,3208,3450,0.40909937024116516
2450,3208,3830,0.40909695625305176
2451,3208,5994,0.40902936458587646
2452,3208,2047,0.40892452001571655
2453,3208,6197,0.4089173674583435
2454,3208,5244,0.4088929295539856
2455,3208,2928,0.4088340103626251
2456,3208,5905,0.40883195400238037
2457,3208,882,0.40878480672836304
2458,3208,5843,0.4087623357772827
2459,3208,3687,0.4087159335613251
2460,3208,1085,0.40871426463127136
2461,3208,6139,0.4087059795856476
2462,3208,4476,0.40867578983306885
2463,3208,3588,0.40864884853363037
2464,3208,5336,0.4086226224899292
2465,3208,5863,0.40858015418052673
2466,3208,2696,0.4085536599159241
2467,3208,5427,0.40854984521865845
2468,3208,3845,0.4085482656955719
2469,3208,2710,0.4085428714752197
2470,3208,6275,0.40853628516197205
2471,3208,4060,0.4084961414337158
2472,3208,2769,0.40846842527389526
2473,3208,1928,0.4084022641181946
2474,3208,3882,0.4084015190601349
2475,3208,1467,0.4083636403083801
2476,3208,3589,0.4083196818828583
2477,3208,2785,0.40831342339515686
2478,3208,1013,0.40826311707496643
2479,3208,1341,0.40825608372688293
2480,3208,41,0.4082341194152832
2481,3208,3898,0.40809381008148193
2482,3208,3294,0.40806180238723755
2483,3208,259,0.4079228937625885
2484,3208,1621,0.40789100527763367
2485,3208,185,0.40785035490989685
2486,3208,749,0.4078413248062134
2487,3208,4746,0.4077983498573303
2488,3208,4153,0.40779152512550354
2489,3208,5212,0.4077177941799164
2490,3208,2797,0.4076029062271118
2491,3208,2613,0.4075828492641449
2492,3208,3101,0.4075510501861572
2493,3208,3370,0.40748268365859985
2494,3208,4838,0.4074215888977051
2495,3208,6038,0.40739351511001587
2496,3208,4692,0.4073696732521057
2497,3208,5418,0.4073483943939209
2498,3208,29,0.40731388330459595
2499,3208,6226,0.407308965921402
2500,3208,6222,0.4072188436985016
2501,3208,3021,0.40720322728157043
2502,3208,3992,0.4071754217147827
2503,3208,2216,0.407137930393219
2504,3208,4066,0.40711912512779236
2505,3208,4249,0.407108873128891
2506,3208,5993,0.4070989489555359
2507,3208,4121,0.4070677161216736
2508,3208,1923,0.4070269465446472
2509,3208,3490,0.40692874789237976
2510,3208,540,0.4068402647972107
2511,3208,538,0.4068056344985962
2512,3208,399,0.40676772594451904
2513,3208,643,0.406737744808197
2514,3208,2020,0.40660637617111206
2515,3208,5190,0.4065830707550049
2516,3208,4002,0.40657708048820496
2517,3208,307,0.40636706352233887
2518,3208,3496,0.40628522634506226
2519,3208,3993,0.40626397728919983
2520,3208,1669,0.4062187373638153
2521,3208,5044,0.40621843934059143
2522,3208,2046,0.40616998076438904
2523,3208,2705,0.4061567187309265
2524,3208,1436,0.4061407744884491
2525,3208,2982,0.4061329960823059
2526,3208,1132,0.4060996472835541
2527,3208,2035,0.4060899615287781
2528,3208,3686,0.40596577525138855
2529,3208,947,0.4058772027492523
2530,3208,5505,0.40587565302848816
2531,3208,1648,0.40586456656455994
2532,3208,3966,0.405852735042572
2533,3208,4591,0.4058445692062378
2534,3208,1307,0.40581268072128296
2535,3208,596,0.4057811498641968
2536,3208,2009,0.40573379397392273
2537,3208,707,0.4057267904281616
2538,3208,4149,0.40559160709381104
2539,3208,2367,0.40558087825775146
2540,3208,3741,0.4055147171020508
2541,3208,888,0.4055013358592987
2542,3208,4077,0.40548989176750183
2543,3208,487,0.40548330545425415
2544,3208,582,0.40547579526901245
2545,3208,1487,0.4054482877254486
2546,3208,4760,0.40544068813323975
2547,3208,1619,0.4054011106491089
2548,3208,2679,0.4053562581539154
2549,3208,4125,0.4053436815738678
2550,3208,4087,0.4053240716457367
2551,3208,3837,0.4052986204624176
2552,3208,2827,0.4052746891975403
2553,3208,5011,0.4052666127681732
2554,3208,4021,0.40525388717651367
2555,3208,4006,0.4051688015460968
2556,3208,6311,0.4051628112792969
2557,3208,3418,0.40515512228012085
2558,3208,5501,0.40514838695526123
2559,3208,2748,0.40511393547058105
2560,3208,6263,0.40505051612854004
2561,3208,3503,0.4050287902355194
2562,3208,3383,0.40502285957336426
2563,3208,4525,0.4050127863883972
2564,3208,4567,0.4049875736236572
2565,3208,3288,0.40493106842041016
2566,3208,2698,0.40487879514694214
2567,3208,3519,0.40487241744995117
2568,3208,5832,0.4047713875770569
2569,3208,2104,0.4047617018222809
2570,3208,623,0.404759019613266
2571,3208,3732,0.40470317006111145
2572,3208,4269,0.40451616048812866
2573,3208,1726,0.4044877588748932
2574,3208,4,0.40447261929512024
2575,3208,3933,0.4044640362262726
2576,3208,1825,0.40445229411125183
2577,3208,4519,0.4044288694858551
2578,3208,647,0.4043651521205902
2579,3208,5494,0.40433835983276367
2580,3208,1830,0.4043349027633667
2581,3208,5631,0.40431374311447144
2582,3208,2472,0.4042949974536896
2583,3208,776,0.4042888581752777
2584,3208,1736,0.4042328894138336
2585,3208,1684,0.4042207598686218
2586,3208,567,0.4041720926761627
2587,3208,1304,0.4041690230369568
2588,3208,5172,0.4041420817375183
2589,3208,1246,0.404019296169281
2590,3208,3734,0.4039628803730011
2591,3208,3275,0.40395769476890564
2592,3208,3092,0.4039205014705658
2593,3208,2100,0.40390175580978394
2594,3208,4368,0.403856486082077
2595,3208,3838,0.40382587909698486
2596,3208,4372,0.40379798412323
2597,3208,1494,0.4037880599498749
2598,3208,2877,0.4037814140319824
2599,3208,2637,0.40376412868499756
2600,3208,4339,0.4036813974380493
2601,3208,682,0.40363842248916626
2602,3208,5735,0.4035840630531311
2603,3208,4676,0.40357980132102966
2604,3208,5946,0.4035007953643799
2605,3208,5179,0.4034571051597595
2606,3208,990,0.40339094400405884
2607,3208,3514,0.4033849537372589
2608,3208,2813,0.4033695161342621
2609,3208,3087,0.40328678488731384
2610,3208,1118,0.4032575786113739
2611,3208,174,0.4032573103904724
2612,3208,6237,0.40325692296028137
2613,3208,4454,0.40322262048721313
2614,3208,5089,0.403213769197464
2615,3208,605,0.4032110273838043
2616,3208,4161,0.40311065316200256
2617,3208,5910,0.40305495262145996
2618,3208,4317,0.40303149819374084
2619,3208,3609,0.40301722288131714
2620,3208,5118,0.40298980474472046
2621,3208,1556,0.40288496017456055
2622,3208,3847,0.4027183949947357
2623,3208,5033,0.40269961953163147
2624,3208,233,0.4026615619659424
2625,3208,3307,0.40260249376296997
2626,3208,6340,0.4025687575340271
2627,3208,5255,0.402556836605072
2628,3208,1082,0.40252313017845154
2629,3208,3643,0.40251150727272034
2630,3208,1054,0.4024856388568878
2631,3208,5146,0.4024508595466614
2632,3208,4137,0.4024144411087036
2633,3208,5642,0.4024137854576111
2634,3208,4572,0.40232083201408386
2635,3208,4854,0.402269184589386
2636,3208,2895,0.40226027369499207
2637,3208,6338,0.4022500813007355
2638,3208,4378,0.4021050035953522
2639,3208,730,0.4021017253398895
2640,3208,3827,0.4020971655845642
2641,3208,2775,0.4020872414112091
2642,3208,5016,0.402051717042923
2643,3208,700,0.4020439386367798
2644,3208,5115,0.4020414650440216
2645,3208,624,0.40199312567710876
2646,3208,1541,0.40198877453804016
2647,3208,5616,0.4019831120967865
2648,3208,4982,0.40192338824272156
2649,3208,6045,0.4019150733947754
2650,3208,2772,0.4018684923648834
2651,3208,4935,0.4018600881099701
2652,3208,1375,0.40176817774772644
2653,3208,1202,0.40175241231918335
2654,3208,3064,0.401741623878479
2655,3208,829,0.40160858631134033
2656,3208,3938,0.4015180766582489
2657,3208,2132,0.4014956057071686
2658,3208,3286,0.401469349861145
2659,3208,2830,0.4014680087566376
2660,3208,634,0.4014574885368347
2661,3208,614,0.4014180600643158
2662,3208,4652,0.401408314704895
2663,3208,2650,0.4013480246067047
2664,3208,3153,0.4013238847255707
2665,3208,4851,0.40128228068351746
2666,3208,164,0.40126582980155945
2667,3208,4295,0.40120169520378113
2668,3208,211,0.40119248628616333
2669,3208,3733,0.40118423104286194
2670,3208,1426,0.40118128061294556
2671,3208,4524,0.40116187930107117
2672,3208,5400,0.4011453092098236
2673,3208,5977,0.40113502740859985
2674,3208,5509,0.40112391114234924
2675,3208,4053,0.40111401677131653
2676,3208,853,0.4010949432849884
2677,3208,4907,0.40107211470603943
2678,3208,1647,0.40105828642845154
2679,3208,350,0.4010547995567322
2680,3208,537,0.4010172188282013
2681,3208,4533,0.4009263813495636
2682,3208,1147,0.40092572569847107
2683,3208,1933,0.40087419748306274
2684,3208,5010,0.40084603428840637
2685,3208,3818,0.4008314907550812
2686,3208,3454,0.40082791447639465
2687,3208,787,0.40082377195358276
2688,3208,5596,0.4007720649242401
2689,3208,5657,0.4007716476917267
2690,3208,3636,0.4006931185722351
2691,3208,1343,0.40067100524902344
2692,3208,3727,0.4006510376930237
2693,3208,5987,0.4006463885307312
2694,3208,2873,0.40060412883758545
2695,3208,3080,0.4005972146987915
2696,3208,1319,0.4005224406719208
2697,3208,10,0.40050384402275085
2698,3208,3580,0.40040329098701477
2699,3208,3355,0.40037745237350464
2700,3208,4932,0.4003598988056183
2701,3208,4220,0.4003556966781616
2702,3208,4109,0.4002787172794342
2703,3208,2099,0.40024885535240173
2704,3208,4449,0.4002237021923065
2705,3208,2942,0.4001721739768982
2706,3208,5585,0.40017014741897583
2707,3208,4896,0.40012457966804504
2708,3208,1790,0.40012413263320923
2709,3208,5759,0.4000597298145294
2710,3208,5128,0.39999958872795105
2711,3208,3081,0.39992910623550415
2712,3208,4951,0.39992210268974304
2713,3208,1445,0.3998914659023285
2714,3208,4259,0.39987221360206604
2715,3208,1900,0.3998245596885681
2716,3208,169,0.399677038192749
2717,3208,5542,0.39963388442993164
2718,3208,3775,0.3996322751045227
2719,3208,3316,0.39962509274482727
2720,3208,4472,0.39959508180618286
2721,3208,4096,0.399590402841568
2722,3208,2260,0.39956146478652954
2723,3208,4870,0.39954546093940735
2724,3208,2478,0.3994748294353485
2725,3208,4073,0.3994560241699219
2726,3208,3988,0.3994467854499817
2727,3208,4275,0.39934584498405457
2728,3208,4627,0.39932042360305786
2729,3208,3493,0.39929914474487305
2730,3208,116,0.3992873430252075
2731,3208,4176,0.3991928696632385
2732,3208,474,0.39917731285095215
2733,3208,23,0.3990435004234314
2734,3208,1316,0.39900991320610046
2735,3208,591,0.3989996016025543
2736,3208,3357,0.39898747205734253
2737,3208,6272,0.3989869952201843
2738,3208,5870,0.39896360039711
2739,3208,929,0.3988991379737854
2740,3208,234,0.39889058470726013
2741,3208,1966,0.3988775312900543
2742,3208,5193,0.39886680245399475
2743,3208,4276,0.39882418513298035
2744,3208,727,0.39881524443626404
2745,3208,2622,0.39880892634391785
2746,3208,2135,0.3987525701522827
2747,3208,1146,0.3987467586994171
2748,3208,2952,0.39874449372291565
2749,3208,1861,0.3987151086330414
2750,3208,4463,0.3987080454826355
2751,3208,3570,0.39868608117103577
2752,3208,5139,0.3986475467681885
2753,3208,3908,0.3986462652683258
2754,3208,5270,0.39864063262939453
2755,3208,2243,0.3986096978187561
2756,3208,3755,0.3986087739467621
2757,3208,341,0.39859363436698914
2758,3208,953,0.3985867500305176
2759,3208,4529,0.3985670506954193
2760,3208,5881,0.3985336124897003
2761,3208,4440,0.3984985649585724
2762,3208,2759,0.3984978497028351
2763,3208,3640,0.3984447419643402
2764,3208,916,0.39844343066215515
2765,3208,4714,0.39844244718551636
2766,3208,2621,0.3984021544456482
2767,3208,6310,0.3983827233314514
2768,3208,5018,0.3983565866947174
2769,3208,573,0.3983398973941803
2770,3208,2583,0.39821040630340576
2771,3208,3010,0.398147314786911
2772,3208,3723,0.398112952709198
2773,3208,5610,0.39809146523475647
2774,3208,6423,0.39808517694473267
2775,3208,5606,0.39805129170417786
2776,3208,536,0.39803144335746765
2777,3208,382,0.3979877829551697
2778,3208,4085,0.39797675609588623
2779,3208,4306,0.3979388475418091
2780,3208,1077,0.3978516161441803
2781,3208,5968,0.39785057306289673
2782,3208,117,0.3977810740470886
2783,3208,2150,0.3977784216403961
2784,3208,1876,0.3977784216403961
2785,3208,3973,0.3977490961551666
2786,3208,3215,0.3977105915546417
2787,3208,2349,0.39766281843185425
2788,3208,5125,0.39759591221809387
2789,3208,5764,0.397559255361557
2790,3208,649,0.3975332975387573
2791,3208,5736,0.39751848578453064
2792,3208,5806,0.3974870443344116
2793,3208,2640,0.39746859669685364
2794,3208,73,0.39746591448783875
2795,3208,3031,0.3974515199661255
2796,3208,976,0.39744848012924194
2797,3208,1155,0.3973914384841919
2798,3208,4359,0.3972409665584564
2799,3208,5335,0.3971303403377533
2800,3208,4071,0.39710208773612976
2801,3208,2459,0.3970578908920288
2802,3208,231,0.39694809913635254
2803,3208,1562,0.3969225585460663
2804,3208,6095,0.39687076210975647
2805,3208,921,0.3967735767364502
2806,3208,4541,0.39675047993659973
2807,3208,1801,0.39671778678894043
2808,3208,868,0.39667344093322754
2809,3208,4081,0.3966100215911865
2810,3208,2242,0.3966054916381836
2811,3208,1418,0.3965610861778259
2812,3208,5318,0.3964802622795105
2813,3208,1555,0.396454781293869
2814,3208,2511,0.3964273929595947
2815,3208,4458,0.3962734341621399
2816,3208,137,0.39622217416763306
2817,3208,1662,0.3962131142616272
2818,3208,2188,0.3962015211582184
2819,3208,4288,0.39617955684661865
2820,3208,1822,0.39616069197654724
2821,3208,5555,0.3960932195186615
2822,3208,5719,0.3959808647632599
2823,3208,3752,0.39594709873199463
2824,3208,1927,0.3959444463253021
2825,3208,4914,0.39589306712150574
2826,3208,4639,0.3958709239959717
2827,3208,5641,0.3958638906478882
2828,3208,6199,0.3958488702774048
2829,3208,4327,0.3957112431526184
2830,3208,443,0.3956463634967804
2831,3208,1829,0.39564627408981323
2832,3208,4993,0.3956416845321655
2833,3208,2134,0.3955872654914856
2834,3208,2695,0.3955317437648773
2835,3208,3277,0.39551764726638794
2836,3208,4693,0.3955083191394806
2837,3208,809,0.39549338817596436
2838,3208,4696,0.3954712152481079
2839,3208,2576,0.3954346477985382
2840,3208,6297,0.3953946530818939
2841,3208,4032,0.3953911364078522
2842,3208,1460,0.39538952708244324
2843,3208,2113,0.39533817768096924
2844,3208,5307,0.39533811807632446
2845,3208,1315,0.39523255825042725
2846,3208,5998,0.3950844705104828
2847,3208,1392,0.3950478434562683
2848,3208,1074,0.39502888917922974
2849,3208,1204,0.39499762654304504
2850,3208,5207,0.3949105441570282
2851,3208,5386,0.3949007987976074
2852,3208,4168,0.39483842253685
2853,3208,1635,0.39483508467674255
2854,3208,2683,0.39482131600379944
2855,3208,3309,0.3948105275630951
2856,3208,3100,0.3948029577732086
2857,3208,4883,0.39479246735572815
2858,3208,4898,0.39477187395095825
2859,3208,5730,0.394765704870224
2860,3208,6006,0.39473727345466614
2861,3208,3024,0.3947293162345886
2862,3208,5783,0.3946935832500458
2863,3208,3547,0.39468294382095337
2864,3208,3768,0.39467450976371765
2865,3208,1122,0.3946337103843689
2866,3208,1614,0.3946168124675751
2867,3208,1743,0.3945891261100769
2868,3208,3295,0.39458131790161133
2869,3208,1323,0.3945671021938324
2870,3208,593,0.39455851912498474
2871,3208,2363,0.39454442262649536
2872,3208,5114,0.3945372700691223
2873,3208,5862,0.3945212960243225
2874,3208,4213,0.39441046118736267
2875,3208,2542,0.3943607211112976
2876,3208,325,0.39431604743003845
2877,3208,4055,0.3941587209701538
2878,3208,6346,0.3941137194633484
2879,3208,3713,0.39409416913986206
2880,3208,2841,0.3938736021518707
2881,3208,4725,0.39380988478660583
2882,3208,3018,0.3937617540359497
2883,3208,3738,0.3935803771018982
2884,3208,1453,0.3935341238975525
2885,3208,4965,0.3933430314064026
2886,3208,1626,0.39333751797676086
2887,3208,5379,0.3932754397392273
2888,3208,6098,0.39322957396507263
2889,3208,391,0.39321574568748474
2890,3208,2225,0.3931567370891571
2891,3208,2964,0.39311864972114563
2892,3208,3402,0.39299777150154114
2893,3208,5944,0.3929853141307831
2894,3208,5546,0.3929491937160492
2895,3208,3443,0.39294347167015076
2896,3208,509,0.3929295837879181
2897,3208,5399,0.39285874366760254
2898,3208,3463,0.3928026556968689
2899,3208,708,0.3927796483039856
2900,3208,3675,0.39277002215385437
2901,3208,4356,0.39262908697128296
2902,3208,3957,0.3924434781074524
2903,3208,6281,0.39243292808532715
2904,3208,4740,0.3924214541912079
2905,3208,2317,0.3923662602901459
2906,3208,2011,0.39235180616378784
2907,3208,1520,0.3923036754131317
2908,3208,3798,0.3922768831253052
2909,3208,2958,0.3922610580921173
2910,3208,4813,0.3921802341938019
2911,3208,5062,0.39213743805885315
2912,3208,519,0.39213064312934875
2913,3208,2989,0.39208880066871643
2914,3208,1617,0.39208507537841797
2915,3208,1035,0.39203721284866333
2916,3208,5723,0.3920338451862335
2917,3208,4084,0.3919929265975952
2918,3208,4856,0.39197513461112976
2919,3208,2937,0.39196911454200745
2920,3208,193,0.3918883204460144
2921,3208,4878,0.39188191294670105
2922,3208,3850,0.39187005162239075
2923,3208,4106,0.391862690448761
2924,3208,4990,0.39172133803367615
2925,3208,180,0.39168158173561096
2926,3208,5269,0.39166149497032166
2927,3208,327,0.39157602190971375
2928,3208,6312,0.3915255665779114
2929,3208,955,0.39143136143684387
2930,3208,167,0.39141571521759033
2931,3208,415,0.3913751244544983
2932,3208,405,0.3913338780403137
2933,3208,2553,0.39132800698280334
2934,3208,1834,0.3912973403930664
2935,3208,5979,0.3912404179573059
2936,3208,2409,0.3911767601966858
2937,3208,4842,0.3911639451980591
2938,3208,4872,0.3911074101924896
2939,3208,5859,0.391080766916275
2940,3208,5152,0.39104974269866943
2941,3208,6016,0.3910437822341919
2942,3208,3621,0.39099013805389404
2943,3208,849,0.3909236192703247
2944,3208,1633,0.3909197747707367
2945,3208,4664,0.39090675115585327
2946,3208,2077,0.39089035987854004
2947,3208,324,0.39083734154701233
2948,3208,5490,0.3908354938030243
2949,3208,1081,0.39071211218833923
2950,3208,1039,0.3906344473361969
2951,3208,4382,0.39061012864112854
2952,3208,170,0.3905664384365082
2953,3208,5833,0.3904956579208374
2954,3208,4910,0.39046117663383484
2955,3208,4623,0.3904596269130707
2956,3208,2081,0.39044085144996643
2957,3208,6383,0.39043182134628296
2958,3208,1985,0.3903776705265045
2959,3208,5932,0.39034348726272583
2960,3208,2648,0.3903287351131439
2961,3208,2635,0.3902866244316101
2962,3208,313,0.39025118947029114
2963,3208,704,0.3902439773082733
2964,3208,4395,0.3902301788330078
2965,3208,3366,0.3902241289615631
2966,3208,5151,0.39019671082496643
2967,3208,2439,0.39018842577934265
2968,3208,6324,0.3901739716529846
2969,3208,822,0.3900395631790161
2970,3208,5637,0.3900349736213684
2971,3208,2497,0.39003199338912964
2972,3208,5409,0.3900284171104431
2973,3208,3745,0.38994255661964417
2974,3208,1014,0.38986390829086304
2975,3208,6254,0.38978755474090576
2976,3208,5138,0.3896932303905487
2977,3208,1094,0.38968345522880554
2978,3208,4612,0.38967081904411316
2979,3208,1424,0.3896237313747406
2980,3208,1836,0.3895789086818695
2981,3208,4890,0.38956257700920105
2982,3208,1581,0.3895519971847534
2983,3208,2756,0.3895350694656372
2984,3208,1919,0.38951584696769714
2985,3208,5976,0.3894997835159302
2986,3208,1657,0.38947367668151855
2987,3208,5923,0.3894553780555725
2988,3208,5536,0.38943377137184143
2989,3208,697,0.3894065320491791
2990,3208,4171,0.38940224051475525
2991,3208,1767,0.3893958628177643
2992,3208,3546,0.38936758041381836
2993,3208,3285,0.3893462121486664
2994,3208,4344,0.3893227279186249
2995,3208,2699,0.3892984986305237
2996,3208,6070,0.38926681876182556
2997,3208,3997,0.38923999667167664
2998,3208,306,0.3891747295856476
2999,3208,3412,0.3891455829143524
3000,3208,2812,0.3891226351261139
3001,3208,4267,0.3891099691390991
3002,3208,4387,0.3890814185142517
3003,3208,2221,0.3890558183193207
3004,3208,959,0.3889826238155365
3005,3208,5553,0.3889807164669037
3006,3208,3348,0.38887158036231995
3007,3208,2811,0.38886338472366333
3008,3208,5543,0.3888297975063324
3009,3208,4406,0.38874104619026184
3010,3208,2771,0.38873526453971863
3011,3208,5488,0.38871270418167114
3012,3208,2816,0.38862860202789307
3013,3208,3868,0.3886156380176544
3014,3208,4048,0.38856616616249084
3015,3208,4944,0.38841408491134644
3016,3208,653,0.3883695900440216
3017,3208,4554,0.38833919167518616
3018,3208,1575,0.38832423090934753
3019,3208,4266,0.38830775022506714
3020,3208,401,0.3881986439228058
3021,3208,1658,0.38816776871681213
3022,3208,5670,0.3881528377532959
3023,3208,2906,0.38811594247817993
3024,3208,6039,0.38809388875961304
3025,3208,4475,0.38809311389923096
3026,3208,1755,0.3880723714828491
3027,3208,675,0.3880620300769806
3028,3208,1917,0.3880140483379364
3029,3208,3395,0.3880057632923126
3030,3208,1898,0.38794153928756714
3031,3208,3356,0.38792508840560913
3032,3208,3405,0.38784530758857727
3033,3208,4238,0.3878309726715088
3034,3208,548,0.3877648115158081
3035,3208,4602,0.38776010274887085
3036,3208,432,0.3877502977848053
3037,3208,3221,0.38772377371788025
3038,3208,2430,0.38768890500068665
3039,3208,4841,0.3876885771751404
3040,3208,3480,0.3876841962337494
3041,3208,2034,0.3876771926879883
3042,3208,5464,0.3876362442970276
3043,3208,6184,0.3876299262046814
3044,3208,1849,0.38739272952079773
3045,3208,2006,0.38739272952079773
3046,3208,410,0.3873884677886963
3047,3208,2651,0.38730618357658386
3048,3208,1741,0.38729655742645264
3049,3208,3586,0.38728341460227966
3050,3208,5219,0.38727641105651855
3051,3208,1654,0.3872329592704773
3052,3208,3400,0.38714244961738586
3053,3208,3451,0.3871040940284729
3054,3208,212,0.387076735496521
3055,3208,2722,0.3870601952075958
3056,3208,4895,0.38700371980667114
3057,3208,2627,0.3869752883911133
3058,3208,3259,0.38688501715660095
3059,3208,1862,0.38679274916648865
3060,3208,5308,0.38676345348358154
3061,3208,3602,0.38675034046173096
3062,3208,5129,0.386733740568161
3063,3208,318,0.3866788148880005
3064,3208,3823,0.3866536319255829
3065,3208,2197,0.38663047552108765
3066,3208,2869,0.3866214156150818
3067,3208,2858,0.38651448488235474
3068,3208,378,0.38643327355384827
3069,3208,6327,0.38634011149406433
3070,3208,2846,0.38630080223083496
3071,3208,435,0.3862228989601135
3072,3208,547,0.38621100783348083
3073,3208,2036,0.38620537519454956
3074,3208,6085,0.38617467880249023
3075,3208,510,0.3861062228679657
3076,3208,6278,0.3860350549221039
3077,3208,3943,0.38599351048469543
3078,3208,5982,0.38596510887145996
3079,3208,5394,0.38596436381340027
3080,3208,3680,0.38592374324798584
3081,3208,1302,0.38591259717941284
3082,3208,5795,0.38588854670524597
3083,3208,4360,0.38583987951278687
3084,3208,5095,0.38577014207839966
3085,3208,6065,0.38565170764923096
3086,3208,6232,0.3856359124183655
3087,3208,4246,0.38560473918914795
3088,3208,1332,0.3855782449245453
3089,3208,765,0.38556668162345886
3090,3208,60,0.3855316638946533
3091,3208,812,0.38550329208374023
3092,3208,3694,0.38544824719429016
3093,3208,3674,0.3854103684425354
3094,3208,3929,0.38540762662887573
3095,3208,632,0.3853895962238312
3096,3208,4818,0.38532766699790955
3097,3208,6128,0.38531431555747986
3098,3208,737,0.38528990745544434
3099,3208,5281,0.3852798044681549
3100,3208,587,0.38523510098457336
3101,3208,1615,0.3852158188819885
3102,3208,28,0.38519731163978577
3103,3208,1196,0.3851913809776306
3104,3208,3703,0.38518190383911133
3105,3208,3528,0.3851170539855957
3106,3208,5378,0.38508138060569763
3107,3208,5794,0.3850773870944977
3108,3208,5611,0.38506877422332764
3109,3208,650,0.38506507873535156
3110,3208,716,0.38503676652908325
3111,3208,3751,0.3849346339702606
3112,3208,6180,0.38491275906562805
3113,3208,3339,0.38486650586128235
3114,3208,1125,0.3847547471523285
3115,3208,4389,0.3847367763519287
3116,3208,5516,0.3847266137599945
3117,3208,1673,0.3846835494041443
3118,3208,3085,0.3846290111541748
3119,3208,2677,0.38460299372673035
3120,3208,1637,0.3845515251159668
3121,3208,633,0.38450679183006287
3122,3208,6080,0.3844285309314728
3123,3208,1092,0.38442039489746094
3124,3208,1873,0.38433581590652466
3125,3208,2945,0.3843332827091217
3126,3208,1897,0.38432183861732483
3127,3208,2050,0.38432183861732483
3128,3208,2720,0.3842887580394745
3129,3208,4502,0.3842504918575287
3130,3208,4793,0.38419219851493835
3131,3208,1856,0.3841194808483124
3132,3208,3766,0.38410329818725586
3133,3208,5086,0.3840894103050232
3134,3208,2194,0.3840305209159851
3135,3208,2026,0.3840179443359375
3136,3208,570,0.38394594192504883
3137,3208,5996,0.3839223384857178
3138,3208,3434,0.383884459733963
3139,3208,646,0.38387128710746765
3140,3208,1902,0.3837674856185913
3141,3208,1106,0.3836934268474579
3142,3208,610,0.38359877467155457
3143,3208,2927,0.38349103927612305
3144,3208,2899,0.38340601325035095
3145,3208,6238,0.38335150480270386
3146,3208,648,0.3833483159542084
3147,3208,6135,0.38334646821022034
3148,3208,6067,0.38333791494369507
3149,3208,2900,0.38332685828208923
3150,3208,1748,0.383320152759552
3151,3208,354,0.3832962214946747
3152,3208,4631,0.3832857310771942
3153,3208,4092,0.3832853138446808
3154,3208,1817,0.3832584023475647
3155,3208,3917,0.38318362832069397
3156,3208,1425,0.38317885994911194
3157,3208,175,0.3831420838832855
3158,3208,970,0.38312971591949463
3159,3208,6306,0.3831288814544678
3160,3208,918,0.3830731213092804
3161,3208,4278,0.38306787610054016
3162,3208,4079,0.3829997479915619
3163,3208,3371,0.38297805190086365
3164,3208,1408,0.3829687237739563
3165,3208,3361,0.38295847177505493
3166,3208,6075,0.3829224407672882
3167,3208,2095,0.38290634751319885
3168,3208,2213,0.38290634751319885
3169,3208,3468,0.382863312959671
3170,3208,1355,0.38276374340057373
3171,3208,3310,0.38275110721588135
3172,3208,2951,0.38264232873916626
3173,3208,1759,0.3825978636741638
3174,3208,5362,0.38257312774658203
3175,3208,5547,0.38255277276039124
3176,3208,2030,0.38254058361053467
3177,3208,1340,0.382505863904953
3178,3208,667,0.38245150446891785
3179,3208,2524,0.3824354112148285
3180,3208,2427,0.38242971897125244
3181,3208,3358,0.38233768939971924
3182,3208,2656,0.38232359290122986
3183,3208,4447,0.38230958580970764
3184,3208,295,0.38230589032173157
3185,3208,1009,0.3822947144508362
3186,3208,1895,0.38227343559265137
3187,3208,4122,0.3822401165962219
3188,3208,4640,0.3822118639945984
3189,3208,852,0.38208016753196716
3190,3208,2052,0.3820185363292694
3191,3208,4093,0.38200926780700684
3192,3208,1769,0.38197264075279236
3193,3208,4305,0.38192418217658997
3194,3208,1589,0.3818240463733673
3195,3208,5396,0.381823867559433
3196,3208,2931,0.38177669048309326
3197,3208,4957,0.38176795840263367
3198,3208,1518,0.3817356526851654
3199,3208,1088,0.3817320168018341
3200,3208,5346,0.3817252218723297
3201,3208,1000,0.3817223012447357
3202,3208,1084,0.38171324133872986
3203,3208,402,0.3817121088504791
3204,3208,1031,0.3816869556903839
3205,3208,2443,0.3816473186016083
3206,3208,1064,0.3815639019012451
3207,3208,3854,0.38154274225234985
3208,3208,5297,0.38147351145744324
3209,3208,3035,0.3814637064933777
3210,3208,11,0.38144034147262573
3211,3208,495,0.3814032971858978
3212,3208,662,0.3813762366771698
3213,3208,4405,0.38135063648223877
3214,3208,475,0.3813118040561676
3215,3208,4685,0.3812958598136902
3216,3208,2019,0.3812417685985565
3217,3208,3873,0.3812379837036133
3218,3208,2088,0.38121724128723145
3219,3208,1869,0.38121724128723145
3220,3208,1941,0.38119497895240784
3221,3208,5624,0.38118118047714233
3222,3208,1062,0.3811670243740082
3223,3208,6090,0.3811584711074829
3224,3208,4713,0.3811357021331787
3225,3208,720,0.3811236619949341
3226,3208,3945,0.38105642795562744
3227,3208,750,0.3810477554798126
3228,3208,3467,0.3809833526611328
3229,3208,1505,0.38095492124557495
3230,3208,150,0.38094204664230347
3231,3208,4309,0.3809196650981903
3232,3208,5369,0.3808058500289917
3233,3208,2711,0.38078364729881287
3234,3208,2840,0.38073810935020447
3235,3208,3315,0.3807208836078644
3236,3208,3449,0.3807022273540497
3237,3208,2256,0.3806792199611664
3238,3208,4611,0.3806644380092621
3239,3208,4386,0.3806161880493164
3240,3208,5495,0.380601167678833
3241,3208,4016,0.38058459758758545
3242,3208,4380,0.380583792924881
3243,3208,6088,0.38053080439567566
3244,3208,2190,0.38050776720046997
3245,3208,699,0.3804917633533478
3246,3208,4091,0.3804836571216583
3247,3208,4570,0.38043591380119324
3248,3208,5525,0.38039159774780273
3249,3208,3406,0.3803118169307709
3250,3208,1140,0.3802841305732727
3251,3208,2892,0.3802488446235657
3252,3208,5883,0.38021254539489746
3253,3208,889,0.38014352321624756
3254,3208,4490,0.38009926676750183
3255,3208,4531,0.37998276948928833
3256,3208,2117,0.3799728453159332
3257,3208,2220,0.3799728453159332
3258,3208,5067,0.3799452781677246
3259,3208,3720,0.3799436688423157
3260,3208,3438,0.3799232840538025
3261,3208,1629,0.37989839911460876
3262,3208,2633,0.3798881769180298
3263,3208,3464,0.37988370656967163
3264,3208,4142,0.37987256050109863
3265,3208,1069,0.3798626661300659
3266,3208,2910,0.3798505961894989
3267,3208,3279,0.37975314259529114
3268,3208,2108,0.3796895146369934
3269,3208,4270,0.37967944145202637
3270,3208,3160,0.37967362999916077
3271,3208,4588,0.37960314750671387
3272,3208,5351,0.3795892596244812
3273,3208,644,0.37955668568611145
3274,3208,6322,0.379522442817688
3275,3208,1818,0.3795025646686554
3276,3208,3953,0.37950050830841064
3277,3208,2973,0.37947535514831543
3278,3208,4902,0.37943533062934875
3279,3208,3559,0.3793959617614746
3280,3208,2084,0.3793902099132538
3281,3208,4061,0.3793715834617615
3282,3208,4587,0.3792954385280609
3283,3208,2962,0.37924620509147644
3284,3208,417,0.379245787858963
3285,3208,301,0.3792164623737335
3286,3208,5684,0.37917089462280273
3287,3208,1360,0.37916842103004456
3288,3208,153,0.37914779782295227
3289,3208,143,0.37909677624702454
3290,3208,2453,0.37909138202667236
3291,3208,4509,0.37907078862190247
3292,3208,2709,0.3789927363395691
3293,3208,362,0.37895169854164124
3294,3208,1811,0.37886276841163635
3295,3208,2763,0.3788447976112366
3296,3208,321,0.378837525844574
3297,3208,1777,0.3787961006164551
3298,3208,4334,0.3787917196750641
3299,3208,1639,0.3787715435028076
3300,3208,673,0.3787209987640381
3301,3208,4315,0.37869852781295776
3302,3208,4189,0.37869101762771606
3303,3208,3404,0.3786713480949402
3304,3208,2896,0.3786705434322357
3305,3208,5544,0.3786604404449463
3306,3208,6323,0.37861835956573486
3307,3208,4320,0.3785836100578308
3308,3208,1506,0.3785738945007324
3309,3208,2963,0.37851646542549133
3310,3208,4183,0.3785143196582794
3311,3208,1543,0.37849244475364685
3312,3208,913,0.3784548342227936
3313,3208,5359,0.37840160727500916
3314,3208,2997,0.37837114930152893
3315,3208,5634,0.3783370852470398
3316,3208,1409,0.3782753646373749
3317,3208,4726,0.3782598078250885
3318,3208,6174,0.3781946003437042
3319,3208,1848,0.37816524505615234
3320,3208,2838,0.3781434893608093
3321,3208,3983,0.37813621759414673
3322,3208,3534,0.3781265318393707
3323,3208,272,0.37811699509620667
3324,3208,3714,0.37809041142463684
3325,3208,5263,0.37802621722221375
3326,3208,4859,0.37800779938697815
3327,3208,3257,0.37792131304740906
3328,3208,2059,0.37791141867637634
3329,3208,1888,0.377894788980484
3330,3208,2013,0.3778633773326874
3331,3208,3907,0.3778406083583832
3332,3208,2098,0.3778171241283417
3333,3208,1530,0.3777123987674713
3334,3208,3127,0.3776915371417999
3335,3208,4601,0.37768369913101196
3336,3208,6391,0.37763410806655884
3337,3208,3712,0.37762150168418884
3338,3208,4923,0.3775783181190491
3339,3208,5722,0.3775441646575928
3340,3208,4853,0.37750038504600525
3341,3208,3886,0.37747254967689514
3342,3208,5347,0.377445787191391
3343,3208,4222,0.3774277865886688
3344,3208,2264,0.37741878628730774
3345,3208,2055,0.377382755279541
3346,3208,651,0.37736132740974426
3347,3208,1592,0.3773030936717987
3348,3208,2508,0.3772924840450287
3349,3208,683,0.37728172540664673
3350,3208,4581,0.37725576758384705
3351,3208,4617,0.3772030472755432
3352,3208,151,0.37715184688568115
3353,3208,756,0.377139687538147
3354,3208,851,0.37708863615989685
3355,3208,4915,0.3770102858543396
3356,3208,996,0.3769722580909729
3357,3208,6241,0.3769397437572479
3358,3208,5109,0.3769155442714691
3359,3208,1652,0.3769111931324005
3360,3208,4694,0.3768652677536011
3361,3208,2855,0.37685638666152954
3362,3208,1870,0.3768440783023834
3363,3208,5766,0.3768067955970764
3364,3208,5479,0.3767922818660736
3365,3208,2291,0.3767642080783844
3366,3208,6299,0.3767426311969757
3367,3208,4718,0.37667128443717957
3368,3208,215,0.3765246868133545
3369,3208,1816,0.37641966342926025
3370,3208,2991,0.3763943612575531
3371,3208,909,0.3763843774795532
3372,3208,4988,0.37634122371673584
3373,3208,2697,0.37632548809051514
3374,3208,1379,0.3762963116168976
3375,3208,4254,0.37619784474372864
3376,3208,4971,0.3761395215988159
3377,3208,5222,0.37607061862945557
3378,3208,3761,0.37604111433029175
3379,3208,1311,0.376028835773468
3380,3208,4128,0.3759678304195404
3381,3208,657,0.3759210705757141
3382,3208,4196,0.37590160965919495
3383,3208,240,0.37589573860168457
3384,3208,1630,0.3758583068847656
3385,3208,977,0.3758525550365448
3386,3208,1033,0.3758264183998108
3387,3208,6261,0.3757982552051544
3388,3208,4681,0.3757723867893219
3389,3208,2694,0.37575674057006836
3390,3208,961,0.3757455348968506
3391,3208,2405,0.3757307827472687
3392,3208,3864,0.37572771310806274
3393,3208,4687,0.375636488199234
3394,3208,3789,0.37562286853790283
3395,3208,4960,0.3756016492843628
3396,3208,5612,0.37556594610214233
3397,3208,2054,0.37554696202278137
3398,3208,4068,0.37552082538604736
3399,3208,917,0.37550607323646545
3400,3208,676,0.37548401951789856
3401,3208,255,0.37546291947364807
3402,3208,6243,0.3754223883152008
3403,3208,370,0.3753291666507721
3404,3208,5412,0.37532711029052734
3405,3208,2067,0.3753223419189453
3406,3208,1935,0.37532171607017517
3407,3208,939,0.3753105700016022
3408,3208,3707,0.37526166439056396
3409,3208,696,0.3752588629722595
3410,3208,6294,0.3751886487007141
3411,3208,1264,0.3751368522644043
3412,3208,2198,0.3750896453857422
3413,3208,4319,0.375042587518692
3414,3208,752,0.3750298023223877
3415,3208,2143,0.3749576807022095
3416,3208,5793,0.3748677670955658
3417,3208,478,0.3748607933521271
3418,3208,1386,0.37480777502059937
3419,3208,571,0.3748053014278412
3420,3208,1833,0.37479230761528015
3421,3208,2262,0.3747320771217346
3422,3208,2153,0.3747057616710663
3423,3208,5158,0.37467607855796814
3424,3208,811,0.3746224641799927
3425,3208,5459,0.3745364844799042
3426,3208,3399,0.3745235800743103
3427,3208,5022,0.3744905889034271
3428,3208,3658,0.374481201171875
3429,3208,4331,0.3744373917579651
3430,3208,6047,0.37434664368629456
3431,3208,3351,0.37434208393096924
3432,3208,2513,0.37431129813194275
3433,3208,4680,0.37430256605148315
3434,3208,3036,0.3742940425872803
3435,3208,4716,0.37426453828811646
3436,3208,4595,0.3742312490940094
3437,3208,3779,0.3742099702358246
3438,3208,4216,0.37412410974502563
3439,3208,3384,0.37410494685173035
3440,3208,3414,0.37407729029655457
3441,3208,1500,0.37403565645217896
3442,3208,4323,0.37402087450027466
3443,3208,236,0.3739958703517914
3444,3208,1381,0.37399351596832275
3445,3208,6358,0.3739752173423767
3446,3208,2382,0.37396517395973206
3447,3208,964,0.37387093901634216
3448,3208,5355,0.37383541464805603
3449,3208,753,0.3738161027431488
3450,3208,3455,0.37373921275138855
3451,3208,3394,0.3737281262874603
3452,3208,3475,0.3736892342567444
3453,3208,5920,0.37359902262687683
3454,3208,4583,0.3735833466053009
3455,3208,2027,0.37352025508880615
3456,3208,1353,0.37351030111312866
3457,3208,1144,0.3735102415084839
3458,3208,261,0.3734857738018036
3459,3208,4654,0.37348097562789917
3460,3208,3469,0.373425155878067
3461,3208,4118,0.3733862638473511
3462,3208,4730,0.3733116090297699
3463,3208,5666,0.3732386827468872
3464,3208,5352,0.3732061982154846
3465,3208,3324,0.3731711208820343
3466,3208,4302,0.3731309473514557
3467,3208,1293,0.37309855222702026
3468,3208,440,0.3730428218841553
3469,3208,511,0.3730228543281555
3470,3208,54,0.3730125427246094
3471,3208,2594,0.3729628324508667
3472,3208,693,0.37284839153289795
3473,3208,3246,0.37283432483673096
3474,3208,4749,0.37281668186187744
3475,3208,2517,0.37281131744384766
3476,3208,1325,0.37280336022377014
3477,3208,534,0.37280139327049255
3478,3208,5460,0.37279537320137024
3479,3208,1419,0.372760534286499
3480,3208,4806,0.37274929881095886
3481,3208,946,0.3727278709411621
3482,3208,2647,0.3726820945739746
3483,3208,62,0.3726779520511627
3484,3208,2852,0.37258875370025635
3485,3208,2498,0.3725394904613495
3486,3208,5850,0.3725127577781677
3487,3208,5774,0.37237411737442017
3488,3208,5756,0.37232276797294617
3489,3208,3408,0.3722827136516571
3490,3208,545,0.3722536265850067
3491,3208,3824,0.37224817276000977
3492,3208,1868,0.37218335270881653
3493,3208,2960,0.37218254804611206
3494,3208,5970,0.372167706489563
3495,3208,4580,0.3721630573272705
3496,3208,3717,0.37214118242263794
3497,3208,5423,0.3721408247947693
3498,3208,426,0.37213996052742004
3499,3208,5273,0.37206804752349854
3500,3208,33,0.37199604511260986
3501,3208,652,0.3718699514865875
3502,3208,3386,0.3718360662460327
3503,3208,6186,0.37183406949043274
3504,3208,2860,0.3717266321182251
3505,3208,3130,0.37171387672424316
3506,3208,2417,0.37169399857521057
3507,3208,1101,0.3716898560523987
3508,3208,5947,0.3716326951980591
3509,3208,665,0.3716176152229309
3510,3208,4781,0.3715926706790924
3511,3208,3701,0.3715357780456543
3512,3208,3214,0.37147802114486694
3513,3208,1823,0.371378093957901
3514,3208,2758,0.3713393211364746
3515,3208,2894,0.37132948637008667
3516,3208,2475,0.37131789326667786
3517,3208,291,0.3712596595287323
3518,3208,6285,0.37121498584747314
3519,3208,6073,0.37117594480514526
3520,3208,6084,0.37115031480789185
3521,3208,2155,0.37108346819877625
3522,3208,477,0.3710101544857025
3523,3208,4160,0.3709917366504669
3524,3208,2448,0.37099000811576843
3525,3208,5877,0.37096914649009705
3526,3208,2828,0.37090864777565
3527,3208,6189,0.37090322375297546
3528,3208,6220,0.3708694577217102
3529,3208,156,0.3708473742008209
3530,3208,4787,0.370799720287323
3531,3208,4648,0.3707793653011322
3532,3208,725,0.37074291706085205
3533,3208,4705,0.3706807494163513
3534,3208,71,0.37066951394081116
3535,3208,2272,0.37060028314590454
3536,3208,4913,0.37057754397392273
3537,3208,1431,0.37055036425590515
3538,3208,4469,0.37053927779197693
3539,3208,373,0.37051209807395935
3540,3208,6265,0.3704143464565277
3541,3208,1852,0.370404452085495
3542,3208,5136,0.37036141753196716
3543,3208,1160,0.3703089952468872
3544,3208,125,0.3702740967273712
3545,3208,5077,0.3702094852924347
3546,3208,3852,0.3701586425304413
3547,3208,2313,0.37014108896255493
3548,3208,395,0.37012866139411926
3549,3208,5019,0.37007272243499756
3550,3208,2922,0.3700583279132843
3551,3208,678,0.36994922161102295
3552,3208,2543,0.3699187636375427
3553,3208,5561,0.3699035346508026
3554,3208,2984,0.36989864706993103
3555,3208,1913,0.36988627910614014
3556,3208,269,0.36987292766571045
3557,3208,2473,0.36979106068611145
3558,3208,159,0.369747519493103
3559,3208,3565,0.3697398006916046
3560,3208,5617,0.3697051703929901
3561,3208,3743,0.3696889579296112
3562,3208,6066,0.369646281003952
3563,3208,6130,0.3696313798427582
3564,3208,5613,0.3695767819881439
3565,3208,4501,0.3695163428783417
3566,3208,3880,0.3694213330745697
3567,3208,1463,0.36939695477485657
3568,3208,3360,0.3693549633026123
3569,3208,3227,0.36932089924812317
3570,3208,4342,0.36930444836616516
3571,3208,6120,0.3692881166934967
3572,3208,965,0.3692745864391327
3573,3208,6143,0.3692708909511566
3574,3208,5354,0.3692672550678253
3575,3208,3478,0.3692469000816345
3576,3208,3578,0.3691823184490204
3577,3208,4258,0.36917203664779663
3578,3208,3593,0.3691590130329132
3579,3208,4098,0.3691469132900238
3580,3208,4733,0.3690630793571472
3581,3208,945,0.3690555989742279
3582,3208,5503,0.36904191970825195
3583,3208,4637,0.3690379559993744
3584,3208,843,0.36899298429489136
3585,3208,5106,0.36893194913864136
3586,3208,2236,0.3689233362674713
3587,3208,4303,0.3688279092311859
3588,3208,142,0.3688092529773712
3589,3208,4738,0.3687923848628998
3590,3208,3319,0.36873745918273926
3591,3208,6404,0.36867213249206543
3592,3208,4105,0.36863046884536743
3593,3208,1760,0.3685654103755951
3594,3208,5724,0.3685060143470764
3595,3208,6314,0.36847853660583496
3596,3208,966,0.3684249222278595
3597,3208,2302,0.3684214651584625
3598,3208,672,0.36829379200935364
3599,3208,1220,0.36821448802948
3600,3208,1329,0.36811983585357666
3601,3208,6349,0.3681177794933319
3602,3208,1020,0.3680945038795471
3603,3208,569,0.36806192994117737
3604,3208,257,0.3680005669593811
3605,3208,4927,0.36798250675201416
3606,3208,1213,0.36792489886283875
3607,3208,4384,0.3678486943244934
3608,3208,187,0.3678262531757355
3609,3208,5545,0.36777040362358093
3610,3208,224,0.36775949597358704
3611,3208,1707,0.3677496910095215
3612,3208,2112,0.3677119314670563
3613,3208,4108,0.36769017577171326
3614,3208,713,0.3676565885543823
3615,3208,4464,0.3675543963909149
3616,3208,4470,0.36750656366348267
3617,3208,4460,0.36745619773864746
3618,3208,3787,0.3673568665981293
3619,3208,5576,0.36735302209854126
3620,3208,5821,0.3673214614391327
3621,3208,2323,0.36728760600090027
3622,3208,3367,0.3672792315483093
3623,3208,2211,0.36721447110176086
3624,3208,3380,0.3672025203704834
3625,3208,2707,0.3671683371067047
3626,3208,1102,0.36696138978004456
3627,3208,6245,0.36693495512008667
3628,3208,5524,0.366899311542511
3629,3208,6318,0.3668728768825531
3630,3208,2837,0.3668689727783203
3631,3208,228,0.36682209372520447
3632,3208,1795,0.36675336956977844
3633,3208,3039,0.36674612760543823
3634,3208,424,0.36672085523605347
3635,3208,1377,0.3666316568851471
3636,3208,2428,0.3665829002857208
3637,3208,832,0.3665688931941986
3638,3208,706,0.3665158152580261
3639,3208,2147,0.36647364497184753
3640,3208,5395,0.36643972992897034
3641,3208,3671,0.36641547083854675
3642,3208,3536,0.36640721559524536
3643,3208,4635,0.3663882911205292
3644,3208,2118,0.3663826584815979
3645,3208,3688,0.3663513660430908
3646,3208,4560,0.36629801988601685
3647,3208,4253,0.3662486672401428
3648,3208,6367,0.3661944270133972
3649,3208,412,0.36618614196777344
3650,3208,6289,0.3661295771598816
3651,3208,3501,0.3661286234855652
3652,3208,6291,0.36611565947532654
3653,3208,4659,0.36610159277915955
3654,3208,1432,0.3660930097103119
3655,3208,5272,0.3660728633403778
3656,3208,293,0.36606836318969727
3657,3208,3218,0.3660608232021332
3658,3208,5191,0.3660432994365692
3659,3208,3219,0.36596351861953735
3660,3208,1507,0.36595243215560913
3661,3208,6344,0.3658585548400879
3662,3208,2107,0.3658211827278137
3663,3208,1880,0.3658211827278137
3664,3208,404,0.365814745426178
3665,3208,4791,0.3657890260219574
3666,3208,3526,0.3657873272895813
3667,3208,4937,0.36576980352401733
3668,3208,3385,0.3657594323158264
3669,3208,2470,0.365647554397583
3670,3208,6063,0.36562031507492065
3671,3208,4597,0.36556610465049744
3672,3208,3663,0.3655458986759186
3673,3208,3476,0.36551186442375183
3674,3208,4551,0.365511417388916
3675,3208,6003,0.3654375374317169
3676,3208,3343,0.365368127822876
3677,3208,5079,0.3653613328933716
3678,3208,3996,0.3653255105018616
3679,3208,6112,0.3652969002723694
3680,3208,198,0.3652101159095764
3681,3208,607,0.36520326137542725
3682,3208,5344,0.365194171667099
3683,3208,3691,0.365065336227417
3684,3208,1076,0.36503922939300537
3685,3208,1950,0.36503058671951294
3686,3208,4899,0.3650248646736145
3687,3208,1451,0.3649308383464813
3688,3208,5205,0.36488640308380127
3689,3208,4150,0.3648607134819031
3690,3208,3269,0.3648226857185364
3691,3208,1986,0.3648003935813904
3692,3208,1218,0.36477580666542053
3693,3208,1878,0.3647301495075226
3694,3208,5113,0.36467984318733215
3695,3208,3422,0.36463287472724915
3696,3208,747,0.3645307719707489
3697,3208,1651,0.36453065276145935
3698,3208,4039,0.3644747734069824
3699,3208,1625,0.3644377887248993
3700,3208,2162,0.3644135892391205
3701,3208,2783,0.36414486169815063
3702,3208,2885,0.3640594780445099
3703,3208,2021,0.3639778196811676
3704,3208,2189,0.3639778196811676
3705,3208,6364,0.3638816773891449
3706,3208,2181,0.3638143539428711
3707,3208,2821,0.3638080358505249
3708,3208,2975,0.36376872658729553
3709,3208,3472,0.3637433648109436
3710,3208,6331,0.36368224024772644
3711,3208,1956,0.3636672794818878
3712,3208,4877,0.36362892389297485
3713,3208,463,0.36360999941825867
3714,3208,2101,0.3636075258255005
3715,3208,4881,0.3635614216327667
3716,3208,3291,0.36354249715805054
3717,3208,723,0.3635358214378357
3718,3208,2476,0.36352595686912537
3719,3208,2442,0.36346888542175293
3720,3208,361,0.36345919966697693
3721,3208,1496,0.3633853793144226
3722,3208,5496,0.3633669912815094
3723,3208,2360,0.3632981479167938
3724,3208,783,0.36319565773010254
3725,3208,5046,0.3631516695022583
3726,3208,2820,0.36310046911239624
3727,3208,2206,0.3630923628807068
3728,3208,2232,0.3630823493003845
3729,3208,2186,0.36304858326911926
3730,3208,3174,0.3630114197731018
3731,3208,4059,0.36300763487815857
3732,3208,3979,0.36293184757232666
3733,3208,6246,0.3627415895462036
3734,3208,3112,0.362736314535141
3735,3208,681,0.3627183139324188
3736,3208,1864,0.3626861572265625
3737,3208,1858,0.36266812682151794
3738,3208,3888,0.3626447916030884
3739,3208,3284,0.362612247467041
3740,3208,1474,0.3625958561897278
3741,3208,5143,0.3625708222389221
3742,3208,6357,0.362568736076355
3743,3208,656,0.36255553364753723
3744,3208,4452,0.36250075697898865
3745,3208,2235,0.3624667227268219
3746,3208,694,0.3624628186225891
3747,3208,803,0.36237049102783203
3748,3208,907,0.3623622953891754
3749,3208,2441,0.3623508810997009
3750,3208,3305,0.36232027411460876
3751,3208,2700,0.36231091618537903
3752,3208,784,0.36230573058128357
3753,3208,3067,0.36227869987487793
3754,3208,6249,0.3622668385505676
3755,3208,384,0.3622245192527771
3756,3208,105,0.3621557950973511
3757,3208,470,0.36210310459136963
3758,3208,2447,0.36208292841911316
3759,3208,1529,0.3620585501194
3760,3208,539,0.3620185852050781
3761,3208,2988,0.3619906008243561
3762,3208,642,0.3619801700115204
3763,3208,3155,0.3619700074195862
3764,3208,2121,0.36194172501564026
3765,3208,4897,0.3619382381439209
3766,3208,3390,0.3619205057621002
3767,3208,1280,0.36190065741539
3768,3208,2146,0.361897349357605
3769,3208,2263,0.3618033528327942
3770,3208,1291,0.36167171597480774
3771,3208,3927,0.3615930676460266
3772,3208,1549,0.3615793287754059
3773,3208,4340,0.361552894115448
3774,3208,2652,0.3615434467792511
3775,3208,794,0.3615258038043976
3776,3208,2666,0.36149680614471436
3777,3208,908,0.36147430539131165
3778,3208,4353,0.3614135682582855
3779,3208,2489,0.361365407705307
3780,3208,51,0.361351877450943
3781,3208,6273,0.3613453507423401
3782,3208,1863,0.3613349497318268
3783,3208,1803,0.361324667930603
3784,3208,589,0.3613191843032837
3785,3208,357,0.3613077700138092
3786,3208,4875,0.3612358272075653
3787,3208,613,0.3612215518951416
3788,3208,3788,0.3611455261707306
3789,3208,553,0.3611285388469696
3790,3208,1484,0.3611125349998474
3791,3208,6053,0.36103081703186035
3792,3208,3683,0.36102062463760376
3793,3208,1744,0.36098769307136536
3794,3208,5866,0.36093953251838684
3795,3208,2548,0.3608795404434204
3796,3208,2016,0.3608761131763458
3797,3208,2874,0.3608340620994568
3798,3208,3439,0.3608168959617615
3799,3208,3313,0.36067208647727966
3800,3208,3442,0.36067208647727966
3801,3208,1089,0.3606705665588379
3802,3208,6230,0.36065763235092163
3803,3208,2872,0.3606474697589874
3804,3208,4835,0.3606352210044861
3805,3208,522,0.3605962097644806
3806,3208,4413,0.3605574369430542
3807,3208,1481,0.36055418848991394
3808,3208,2859,0.36054831743240356
3809,3208,2278,0.36053383350372314
3810,3208,768,0.3605096638202667
3811,3208,94,0.36050841212272644
3812,3208,2876,0.3604438006877899
3813,3208,1839,0.36039987206459045
3814,3208,3783,0.3603728413581848
3815,3208,2490,0.36027705669403076
3816,3208,810,0.36025184392929077
3817,3208,555,0.3602067530155182
3818,3208,1415,0.36018136143684387
3819,3208,612,0.3601536154747009
3820,3208,5562,0.36010971665382385
3821,3208,5165,0.36009281873703003
3822,3208,1561,0.3600288927555084
3823,3208,2152,0.36002156138420105
3824,3208,1256,0.35993826389312744
3825,3208,5457,0.35980498790740967
3826,3208,1503,0.3597489595413208
3827,3208,1771,0.3597395718097687
3828,3208,4675,0.3596799373626709
3829,3208,4922,0.359667032957077
3830,3208,6395,0.35956355929374695
3831,3208,4720,0.35956189036369324
3832,3208,1890,0.3595470190048218
3833,3208,1274,0.3594956398010254
3834,3208,2163,0.35946133732795715
3835,3208,2935,0.3594409227371216
3836,3208,5140,0.35942545533180237
3837,3208,5094,0.35933414101600647
3838,3208,4909,0.35931041836738586
3839,3208,4660,0.3593004643917084
3840,3208,4330,0.3592059910297394
3841,3208,2128,0.35918766260147095
3842,3208,714,0.35900142788887024
3843,3208,1522,0.3589670658111572
3844,3208,1511,0.3589008152484894
3845,3208,717,0.3588879406452179
3846,3208,5100,0.35883212089538574
3847,3208,1087,0.3588235378265381
3848,3208,5176,0.3588171601295471
3849,3208,3363,0.3588007986545563
3850,3208,2493,0.3587625026702881
3851,3208,5141,0.3587605953216553
3852,3208,1559,0.3587339520454407
3853,3208,6250,0.3586541712284088
3854,3208,2814,0.35864919424057007
3855,3208,905,0.358635812997818
3856,3208,3485,0.3586333096027374
3857,3208,2484,0.35858485102653503
3858,3208,2125,0.3585776090621948
3859,3208,148,0.35855481028556824
3860,3208,213,0.3585226833820343
3861,3208,3504,0.3584804832935333
3862,3208,1403,0.3584621846675873
3863,3208,3266,0.35845139622688293
3864,3208,1477,0.3584267199039459
3865,3208,670,0.3584173023700714
3866,3208,34,0.3584086000919342
3867,3208,1339,0.3583989143371582
3868,3208,1788,0.3583102226257324
3869,3208,2273,0.3582737147808075
3870,3208,742,0.3582616448402405
3871,3208,5480,0.3582572340965271
3872,3208,4283,0.358158677816391
3873,3208,5541,0.3581433892250061
3874,3208,2849,0.3581353724002838
3875,3208,2038,0.3579840660095215
3876,3208,3760,0.35789865255355835
3877,3208,5888,0.3578949570655823
3878,3208,4114,0.35782793164253235
3879,3208,1358,0.357687771320343
3880,3208,4100,0.35766053199768066
3881,3208,6286,0.357648640871048
3882,3208,1792,0.35763972997665405
3883,3208,4180,0.3576326072216034
3884,3208,2222,0.3575842082500458
3885,3208,5834,0.3574965298175812
3886,3208,1894,0.3574634790420532
3887,3208,5554,0.35735321044921875
3888,3208,5397,0.3573467433452606
3889,3208,2037,0.3573141396045685
3890,3208,3263,0.35731038451194763
3891,3208,4441,0.3572849631309509
3892,3208,1454,0.35725298523902893
3893,3208,3280,0.35723304748535156
3894,3208,3871,0.3572154641151428
3895,3208,735,0.3572133183479309
3896,3208,1872,0.35717037320137024
3897,3208,3507,0.35710352659225464
3898,3208,5314,0.3570510745048523
3899,3208,1866,0.35699203610420227
3900,3208,6216,0.3569810688495636
3901,3208,4967,0.356965571641922
3902,3208,3362,0.356924444437027
3903,3208,5385,0.35692107677459717
3904,3208,4307,0.35688936710357666
3905,3208,1993,0.3568219840526581
3906,3208,4119,0.3567782938480377
3907,3208,6411,0.3567436933517456
3908,3208,1620,0.35672974586486816
3909,3208,1464,0.3566608130931854
3910,3208,2541,0.35666078329086304
3911,3208,5478,0.3566568195819855
3912,3208,2913,0.3566504418849945
3913,3208,1317,0.3565680980682373
3914,3208,1308,0.35656246542930603
3915,3208,2008,0.35644057393074036
3916,3208,2231,0.35643675923347473
3917,3208,584,0.3564358353614807
3918,3208,5126,0.35643449425697327
3919,3208,1881,0.35640913248062134
3920,3208,6276,0.35638755559921265
3921,3208,1554,0.35636764764785767
3922,3208,4753,0.35632941126823425
3923,3208,120,0.3563266396522522
3924,3208,1248,0.35630637407302856
3925,3208,3,0.3562823235988617
3926,3208,631,0.3562782406806946
3927,3208,6371,0.3562745451927185
3928,3208,1437,0.3562348783016205
3929,3208,2248,0.3560621440410614
3930,3208,3509,0.35606178641319275
3931,3208,4282,0.3559662401676178
3932,3208,5008,0.3559221029281616
3933,3208,2071,0.3558947741985321
3934,3208,2157,0.3558066785335541
3935,3208,4721,0.3557770848274231
3936,3208,712,0.3557623624801636
3937,3208,2253,0.35575631260871887
3938,3208,580,0.35565879940986633
3939,3208,4802,0.3555964529514313
3940,3208,3298,0.3555845320224762
3941,3208,2377,0.3555659055709839
3942,3208,2239,0.35550498962402344
3943,3208,4088,0.3554805517196655
3944,3208,2085,0.35547471046447754
3945,3208,2029,0.3554462790489197
3946,3208,5135,0.35542818903923035
3947,3208,3317,0.35542041063308716
3948,3208,4700,0.35540685057640076
3949,3208,379,0.3553714156150818
3950,3208,18,0.3553392291069031
3951,3208,3321,0.35529428720474243
3952,3208,1215,0.35528409481048584
3953,3208,2693,0.35526031255722046
3954,3208,2237,0.3552320897579193
3955,3208,4647,0.35521334409713745
3956,3208,813,0.3551763892173767
3957,3208,927,0.35516178607940674
3958,3208,5298,0.35509827733039856
3959,3208,61,0.3550350069999695
3960,3208,2172,0.35500019788742065
3961,3208,1238,0.35496917366981506
3962,3208,5188,0.35496702790260315
3963,3208,1944,0.35495686531066895
3964,3208,4770,0.3549272418022156
3965,3208,1387,0.3549180030822754
3966,3208,3867,0.3548722565174103
3967,3208,453,0.3548071086406708
3968,3208,1468,0.35479846596717834
3969,3208,1439,0.3547707796096802
3970,3208,5487,0.35476887226104736
3971,3208,98,0.354754775762558
3972,3208,149,0.3547218143939972
3973,3208,2712,0.35471951961517334
3974,3208,5581,0.35471442341804504
3975,3208,5530,0.35467246174812317
3976,3208,1959,0.35461774468421936
3977,3208,226,0.35457807779312134
3978,3208,2416,0.35454702377319336
3979,3208,3053,0.3545376658439636
3980,3208,728,0.35452404618263245
3981,3208,1899,0.3544803857803345
3982,3208,3074,0.35440555214881897
3983,3208,2933,0.35430726408958435
3984,3208,685,0.3542957305908203
3985,3208,2530,0.3542270064353943
3986,3208,6233,0.35421064496040344
3987,3208,950,0.3541724979877472
3988,3208,311,0.35413122177124023
3989,3208,684,0.3540746867656708
3990,3208,745,0.35399070382118225
3991,3208,5721,0.35396069288253784
3992,3208,1845,0.35388585925102234
3993,3208,5825,0.3538725674152374
3994,3208,2665,0.35383546352386475
3995,3208,166,0.35381069779396057
3996,3208,77,0.3537673056125641
3997,3208,122,0.3537540137767792
3998,3208,3492,0.35373666882514954
3999,3208,2614,0.35373151302337646
4000,3208,1865,0.3537023663520813
4001,3208,668,0.35367754101753235
4002,3208,1301,0.3536480665206909
4003,3208,3437,0.3536348342895508
4004,3208,2137,0.3535030484199524
4005,3208,4893,0.35345014929771423
4006,3208,5483,0.35342881083488464
4007,3208,5675,0.35342326760292053
4008,3208,5177,0.3534081280231476
4009,3208,2628,0.3533959686756134
4010,3208,199,0.35338830947875977
4011,3208,2908,0.3533191978931427
4012,3208,3245,0.3533044159412384
4013,3208,1091,0.3532564342021942
4014,3208,2365,0.3532487154006958
4015,3208,4163,0.3532443344593048
4016,3208,2369,0.35323572158813477
4017,3208,323,0.35319188237190247
4018,3208,459,0.35319170355796814
4019,3208,1382,0.35317549109458923
4020,3208,2835,0.3531378209590912
4021,3208,2086,0.35311609506607056
4022,3208,4080,0.35307520627975464
4023,3208,4466,0.35306355357170105
4024,3208,2051,0.3530583381652832
4025,3208,1002,0.3530328869819641
4026,3208,5199,0.3529737591743469
4027,3208,4773,0.35296717286109924
4028,3208,1221,0.3529186546802521
4029,3208,5454,0.3528953790664673
4030,3208,869,0.35287731885910034
4031,3208,5539,0.3528450131416321
4032,3208,436,0.3528268337249756
4033,3208,4483,0.35280969738960266
4034,3208,5223,0.35277271270751953
4035,3208,6211,0.3527410924434662
4036,3208,2252,0.35272541642189026
4037,3208,3964,0.35271501541137695
4038,3208,2041,0.3526965379714966
4039,3208,4237,0.35266196727752686
4040,3208,4667,0.3526346981525421
4041,3208,3538,0.3526274561882019
4042,3208,2536,0.3525630533695221
4043,3208,2839,0.3525596261024475
4044,3208,289,0.35252755880355835
4045,3208,880,0.35248979926109314
4046,3208,6224,0.35247424244880676
4047,3208,674,0.35245275497436523
4048,3208,2092,0.35244959592819214
4049,3208,739,0.3524295687675476
4050,3208,5375,0.35242730379104614
4051,3208,4638,0.3524240553379059
4052,3208,5237,0.35234084725379944
4053,3208,923,0.35229626297950745
4054,3208,1191,0.35226714611053467
4055,3208,479,0.3522288203239441
4056,3208,4959,0.3522093594074249
4057,3208,2934,0.35212376713752747
4058,3208,2853,0.3520984649658203
4059,3208,1976,0.3520810902118683
4060,3208,1636,0.3519704341888428
4061,3208,4349,0.3519645631313324
4062,3208,89,0.3519155979156494
4063,3208,5361,0.3518582582473755
4064,3208,608,0.35182303190231323
4065,3208,2396,0.35167989134788513
4066,3208,3828,0.3516511023044586
4067,3208,5290,0.3515249192714691
4068,3208,1644,0.35141438245773315
4069,3208,3161,0.3514086902141571
4070,3208,2387,0.3513708710670471
4071,3208,3940,0.3513392508029938
4072,3208,2611,0.3513241410255432
4073,3208,5717,0.35125842690467834
4074,3208,1896,0.35124510526657104
4075,3208,78,0.3512440621852875
4076,3208,4846,0.3512088656425476
4077,3208,144,0.35120177268981934
4078,3208,267,0.35095837712287903
4079,3208,1299,0.35095810890197754
4080,3208,266,0.3509548604488373
4081,3208,4397,0.35093504190444946
4082,3208,2208,0.35090482234954834
4083,3208,5388,0.35089683532714844
4084,3208,1024,0.3508114218711853
4085,3208,4847,0.35077983140945435
4086,3208,1378,0.35074323415756226
4087,3208,1998,0.35063451528549194
4088,3208,1787,0.3506278097629547
4089,3208,6127,0.35061267018318176
4090,3208,732,0.35060182213783264
4091,3208,5948,0.3505830764770508
4092,3208,8,0.35046014189720154
4093,3208,5401,0.3504233956336975
4094,3208,244,0.35038265585899353
4095,3208,2074,0.35030505061149597
4096,3208,2358,0.3502732515335083
4097,3208,3453,0.35026708245277405
4098,3208,531,0.35026243329048157
4099,3208,4561,0.3501790463924408
4100,3208,5047,0.35017096996307373
4101,3208,3387,0.3501080572605133
4102,3208,5443,0.35004788637161255
4103,3208,932,0.35001614689826965
4104,3208,3583,0.3500095307826996
4105,3208,3267,0.3499986231327057
4106,3208,4936,0.3499212861061096
4107,3208,2862,0.34990963339805603
4108,3208,4656,0.34988099336624146
4109,3208,702,0.3498231768608093
4110,3208,3303,0.3498075306415558
4111,3208,4609,0.3497874438762665
4112,3208,508,0.34978681802749634
4113,3208,3379,0.3497828245162964
4114,3208,1067,0.3496728241443634
4115,3208,2383,0.3496640622615814
4116,3208,3889,0.34964799880981445
4117,3208,1908,0.3496451675891876
4118,3208,2912,0.3495173752307892
4119,3208,4750,0.34947729110717773
4120,3208,2,0.34946689009666443
4121,3208,5357,0.34946101903915405
4122,3208,4365,0.3494327664375305
4123,3208,687,0.3494216501712799
4124,3208,2863,0.3494070768356323
4125,3208,2173,0.34938496351242065
4126,3208,4457,0.349337100982666
4127,3208,5088,0.34932610392570496
4128,3208,4138,0.3492577373981476
4129,3208,703,0.34913089871406555
4130,3208,1455,0.3490753173828125
4131,3208,6392,0.34906941652297974
4132,3208,2782,0.3489971458911896
4133,3208,3772,0.3489888310432434
4134,3208,734,0.3489294946193695
4135,3208,3326,0.3488805592060089
4136,3208,26,0.34882721304893494
4137,3208,2496,0.3488025665283203
4138,3208,2881,0.3487885594367981
4139,3208,980,0.34869199991226196
4140,3208,6104,0.34860938787460327
4141,3208,4858,0.34859034419059753
4142,3208,3382,0.3485017716884613
4143,3208,3113,0.34849753975868225
4144,3208,6106,0.3484222888946533
4145,3208,225,0.3483295142650604
4146,3208,2968,0.3483099937438965
4147,3208,5038,0.3482980728149414
4148,3208,4924,0.34829267859458923
4149,3208,1804,0.3481525182723999
4150,3208,6214,0.3481461703777313
4151,3208,227,0.3481435179710388
4152,3208,4414,0.34813639521598816
4153,3208,377,0.34809407591819763
4154,3208,3322,0.3480086028575897
4155,3208,4239,0.3480079174041748
4156,3208,6351,0.34798717498779297
4157,3208,718,0.34793007373809814
4158,3208,5911,0.34789592027664185
4159,3208,1336,0.3478838801383972
4160,3208,1766,0.3478299677371979
4161,3208,2120,0.34780776500701904
4162,3208,2083,0.34780699014663696
4163,3208,263,0.34772831201553345
4164,3208,4273,0.3476139307022095
4165,3208,5304,0.34760215878486633
4166,3208,339,0.34758567810058594
4167,3208,5984,0.3475853502750397
4168,3208,746,0.34753528237342834
4169,3208,520,0.3474767506122589
4170,3208,2199,0.34737879037857056
4171,3208,617,0.3473235070705414
4172,3208,2230,0.34731459617614746
4173,3208,100,0.3472881615161896
4174,3208,5953,0.34721335768699646
4175,3208,4117,0.34717610478401184
4176,3208,1885,0.34714415669441223
4177,3208,611,0.3470328748226166
4178,3208,5755,0.3470228314399719
4179,3208,5748,0.346993088722229
4180,3208,6422,0.34696948528289795
4181,3208,2105,0.3469277620315552
4182,3208,4599,0.34690943360328674
4183,3208,241,0.3468666970729828
4184,3208,4037,0.3468654453754425
4185,3208,4765,0.3468594253063202
4186,3208,1269,0.3467797040939331
4187,3208,2438,0.34677767753601074
4188,3208,695,0.34677261114120483
4189,3208,6258,0.3467458486557007
4190,3208,2738,0.346731960773468
4191,3208,1178,0.34669530391693115
4192,3208,4748,0.34664714336395264
4193,3208,1737,0.34664517641067505
4194,3208,5895,0.3466168940067291
4195,3208,2093,0.34655922651290894
4196,3208,2334,0.3465227484703064
4197,3208,4894,0.3464600443840027
4198,3208,3549,0.346437007188797
4199,3208,3375,0.3463985025882721
4200,3208,3773,0.3463340997695923
4201,3208,834,0.3463312089443207
4202,3208,1879,0.3463236391544342
4203,3208,2136,0.3463236391544342
4204,3208,4418,0.34631070494651794
4205,3208,454,0.34619030356407166
4206,3208,5725,0.346172958612442
4207,3208,3899,0.34615305066108704
4208,3208,1577,0.346108615398407
4209,3208,588,0.34603291749954224
4210,3208,1016,0.34595170617103577
4211,3208,3428,0.3458986282348633
4212,3208,4298,0.3458985984325409
4213,3208,480,0.34588369727134705
4214,3208,1689,0.34588366746902466
4215,3208,6101,0.3458544611930847
4216,3208,5174,0.34578633308410645
4217,3208,1499,0.3457687497138977
4218,3208,622,0.34575170278549194
4219,3208,2402,0.34572991728782654
4220,3208,845,0.3456496000289917
4221,3208,5532,0.3456258773803711
4222,3208,2205,0.34552958607673645
4223,3208,934,0.3454471528530121
4224,3208,76,0.3454356789588928
4225,3208,1953,0.34535202383995056
4226,3208,1119,0.3453406095504761
4227,3208,4629,0.34524285793304443
4228,3208,3104,0.3452220559120178
4229,3208,1276,0.3452066481113434
4230,3208,830,0.3451518416404724
4231,3208,857,0.34510064125061035
4232,3208,2182,0.34508946537971497
4233,3208,597,0.3450697362422943
4234,3208,1395,0.34499359130859375
4235,3208,433,0.3449257016181946
4236,3208,72,0.34486037492752075
4237,3208,3710,0.34481361508369446
4238,3208,2450,0.3447916805744171
4239,3208,2595,0.3447212278842926
4240,3208,1810,0.344691663980484
4241,3208,2300,0.3446401059627533
4242,3208,4432,0.34463292360305786
4243,3208,3631,0.3445841073989868
4244,3208,2246,0.3445276916027069
4245,3208,35,0.34452348947525024
4246,3208,2371,0.3445034325122833
4247,3208,2165,0.34443727135658264
4248,3208,1980,0.344413697719574
4249,3208,1602,0.34438127279281616
4250,3208,2370,0.34433504939079285
4251,3208,1198,0.3442937433719635
4252,3208,3722,0.34426984190940857
4253,3208,4381,0.3441349267959595
4254,3208,4462,0.34411805868148804
4255,3208,4678,0.34406688809394836
4256,3208,500,0.3440150022506714
4257,3208,2131,0.34398889541625977
4258,3208,1815,0.343957781791687
4259,3208,574,0.3439381420612335
4260,3208,63,0.34393784403800964
4261,3208,1995,0.3439192473888397
4262,3208,2567,0.34391504526138306
4263,3208,3511,0.3438241183757782
4264,3208,4296,0.34381428360939026
4265,3208,219,0.3438047170639038
4266,3208,1528,0.34378305077552795
4267,3208,3716,0.3437490165233612
4268,3208,2620,0.34374767541885376
4269,3208,572,0.34372439980506897
4270,3208,1763,0.3437195122241974
4271,3208,2804,0.3436713218688965
4272,3208,5021,0.3436579406261444
4273,3208,2141,0.34364941716194153
4274,3208,3342,0.3436392545700073
4275,3208,4102,0.3435075581073761
4276,3208,2529,0.3434378206729889
4277,3208,4311,0.34340664744377136
4278,3208,1939,0.3433968722820282
4279,3208,2477,0.34336477518081665
4280,3208,1853,0.34336477518081665
4281,3208,4496,0.34334424138069153
4282,3208,6231,0.34329578280448914
4283,3208,274,0.3432823717594147
4284,3208,1586,0.3432810604572296
4285,3208,2537,0.3432673215866089
4286,3208,2796,0.3432585597038269
4287,3208,4112,0.3432296812534332
4288,3208,2254,0.3432007133960724
4289,3208,1133,0.34308984875679016
4290,3208,1300,0.3430492877960205
4291,3208,3224,0.3430035710334778
4292,3208,2986,0.3429317772388458
4293,3208,4848,0.3428703248500824
4294,3208,2376,0.34284311532974243
4295,3208,1973,0.3428349792957306
4296,3208,3571,0.3428112864494324
4297,3208,6213,0.3427886962890625
4298,3208,5476,0.3427544832229614
4299,3208,781,0.34274816513061523
4300,3208,482,0.34271106123924255
4301,3208,4521,0.3426564931869507
4302,3208,376,0.3426384925842285
4303,3208,4279,0.342598557472229
4304,3208,2938,0.34253019094467163
4305,3208,1991,0.3425132632255554
4306,3208,4369,0.3424767851829529
4307,3208,5108,0.34242716431617737
4308,3208,6058,0.3423953354358673
4309,3208,839,0.34218066930770874
4310,3208,5573,0.3420602083206177
4311,3208,5103,0.3420177102088928
4312,3208,136,0.34201234579086304
4313,3208,705,0.3420011103153229
4314,3208,4605,0.3419848680496216
4315,3208,428,0.34192320704460144
4316,3208,3802,0.3417697250843048
4317,3208,5356,0.3417637050151825
4318,3208,4107,0.3416801393032074
4319,3208,6260,0.3416021168231964
4320,3208,4668,0.341585248708725
4321,3208,2385,0.3415476679801941
4322,3208,254,0.3415100574493408
4323,3208,4658,0.3414992392063141
4324,3208,6287,0.34144479036331177
4325,3208,2049,0.3413917124271393
4326,3208,1516,0.3413885533809662
4327,3208,4333,0.3413240909576416
4328,3208,5366,0.34131962060928345
4329,3208,1262,0.3413005471229553
4330,3208,4608,0.34128251671791077
4331,3208,3709,0.3412590026855469
4332,3208,638,0.3412502110004425
4333,3208,3778,0.34124240279197693
4334,3208,3690,0.3411490321159363
4335,3208,4573,0.34114617109298706
4336,3208,786,0.3411284387111664
4337,3208,194,0.3411201536655426
4338,3208,6183,0.341066837310791
4339,3208,942,0.34104564785957336
4340,3208,5197,0.34102776646614075
4341,3208,5540,0.34095317125320435
4342,3208,229,0.3408295214176178
4343,3208,1884,0.3406883776187897
4344,3208,2491,0.34067490696907043
4345,3208,1400,0.34066304564476013
4346,3208,450,0.3406437337398529
4347,3208,1270,0.34063291549682617
4348,3208,2042,0.3406085669994354
4349,3208,785,0.3405899405479431
4350,3208,1660,0.3405728340148926
4351,3208,4230,0.340567022562027
4352,3208,4930,0.3404703140258789
4353,3208,1694,0.3404145836830139
4354,3208,1373,0.34041106700897217
4355,3208,3890,0.34036633372306824
4356,3208,2170,0.3403109610080719
4357,3208,6301,0.34026315808296204
4358,3208,3098,0.34023669362068176
4359,3208,5481,0.340171754360199
4360,3208,772,0.34016406536102295
4361,3208,5381,0.34012502431869507
4362,3208,4810,0.3400932252407074
4363,3208,4665,0.34002700448036194
4364,3208,4001,0.3399859368801117
4365,3208,660,0.3399427831172943
4366,3208,5266,0.33993613719940186
4367,3208,654,0.33987027406692505
4368,3208,5442,0.3398270308971405
4369,3208,181,0.33982235193252563
4370,3208,680,0.3398160934448242
4371,3208,1705,0.33981379866600037
4372,3208,196,0.33977726101875305
4373,3208,4169,0.3397579789161682
4374,3208,4630,0.33975252509117126
4375,3208,5110,0.3397415578365326
4376,3208,1466,0.3396892845630646
4377,3208,140,0.3396141827106476
4378,3208,3555,0.3395153880119324
4379,3208,819,0.33943095803260803
4380,3208,2268,0.3394181430339813
4381,3208,3981,0.3393862247467041
4382,3208,6313,0.3393588066101074
4383,3208,1949,0.33933550119400024
4384,3208,3508,0.33929556608200073
4385,3208,335,0.33929264545440674
4386,3208,1628,0.3392910659313202
4387,3208,456,0.3392375111579895
4388,3208,3708,0.33915796875953674
4389,3208,235,0.3391081988811493
4390,3208,30,0.3391035497188568
4391,3208,340,0.33908745646476746
4392,3208,5360,0.3390745520591736
4393,3208,3314,0.338954895734787
4394,3208,775,0.3389541804790497
4395,3208,915,0.3388698697090149
4396,3208,1079,0.3388553559780121
4397,3208,3892,0.3387860655784607
4398,3208,6227,0.338767945766449
4399,3208,3566,0.3387589454650879
4400,3208,253,0.33874571323394775
4401,3208,2069,0.3387358784675598
4402,3208,3242,0.33872145414352417
4403,3208,1612,0.3386833965778351
4404,3208,416,0.3386614918708801
4405,3208,1263,0.3386583626270294
4406,3208,5436,0.33864474296569824
4407,3208,6293,0.33857062458992004
4408,3208,3488,0.3385078012943268
4409,3208,3378,0.33850330114364624
4410,3208,590,0.3385029435157776
4411,3208,1925,0.3384850323200226
4412,3208,4210,0.33847832679748535
4413,3208,359,0.3384307324886322
4414,3208,1931,0.3384123742580414
4415,3208,2842,0.3383588194847107
4416,3208,1480,0.3383549153804779
4417,3208,3865,0.3383464813232422
4418,3208,1681,0.3382917642593384
4419,3208,6,0.33786121010780334
4420,3208,2058,0.33778515458106995
4421,3208,498,0.33777281641960144
4422,3208,1940,0.33777135610580444
4423,3208,4784,0.3377666473388672
4424,3208,1667,0.3377489447593689
4425,3208,3350,0.33769258856773376
4426,3208,1488,0.33765238523483276
4427,3208,2096,0.33753034472465515
4428,3208,2195,0.3374604880809784
4429,3208,933,0.3374052345752716
4430,3208,4396,0.33740225434303284
4431,3208,4589,0.33738845586776733
4432,3208,1145,0.33737343549728394
4433,3208,2528,0.33730432391166687
4434,3208,1968,0.33716171979904175
4435,3208,2499,0.3371608257293701
4436,3208,6239,0.3371295928955078
4437,3208,627,0.3370780944824219
4438,3208,4941,0.3370736539363861
4439,3208,4127,0.3370320200920105
4440,3208,3792,0.33703139424324036
4441,3208,5869,0.33701708912849426
4442,3208,4828,0.3369593024253845
4443,3208,5499,0.33686861395835876
4444,3208,2381,0.33683907985687256
4445,3208,1994,0.3368317782878876
4446,3208,4244,0.33682286739349365
4447,3208,1310,0.3367762863636017
4448,3208,195,0.3366948366165161
4449,3208,4938,0.33668169379234314
4450,3208,4385,0.3366336226463318
4451,3208,1365,0.3366330564022064
4452,3208,2005,0.3365330398082733
4453,3208,6361,0.3365192413330078
4454,3208,1729,0.33644065260887146
4455,3208,2767,0.3363284468650818
4456,3208,2429,0.3363263010978699
4457,3208,6078,0.33626696467399597
4458,3208,6114,0.33625492453575134
4459,3208,4707,0.3362014591693878
4460,3208,2602,0.3361959457397461
4461,3208,4742,0.3361705243587494
4462,3208,4124,0.3361551761627197
4463,3208,2512,0.33614352345466614
4464,3208,1042,0.33613768219947815
4465,3208,3293,0.33613651990890503
4466,3208,559,0.33605268597602844
4467,3208,583,0.3360045850276947
4468,3208,1313,0.33595573902130127
4469,3208,1979,0.33595210313796997
4470,3208,4022,0.3358740508556366
4471,3208,1510,0.33584359288215637
4472,3208,5697,0.33566343784332275
4473,3208,4383,0.3356083631515503
4474,3208,2004,0.3355970084667206
4475,3208,4182,0.33556777238845825
4476,3208,800,0.3355289697647095
4477,3208,1837,0.3354702293872833
4478,3208,515,0.3354589343070984
4479,3208,1362,0.33544379472732544
4480,3208,5575,0.33543869853019714
4481,3208,3026,0.33541905879974365
4482,3208,1502,0.3354070782661438
4483,3208,273,0.3353908061981201
4484,3208,6268,0.3353833854198456
4485,3208,5101,0.33529892563819885
4486,3208,2629,0.33524033427238464
4487,3208,430,0.3351364731788635
4488,3208,2826,0.33506637811660767
4489,3208,4285,0.33505862951278687
4490,3208,6223,0.3350415527820587
4491,3208,1638,0.33502957224845886
4492,3208,92,0.3349461555480957
4493,3208,3229,0.33492162823677063
4494,3208,1154,0.33489516377449036
4495,3208,2292,0.33489367365837097
4496,3208,1882,0.3348418176174164
4497,3208,6425,0.33479025959968567
4498,3208,1631,0.3347718119621277
4499,3208,867,0.33476948738098145
4500,3208,820,0.33472397923469543
4501,3208,2857,0.3347051441669464
4502,3208,505,0.33469244837760925
4503,3208,6290,0.3346335291862488
4504,3208,1599,0.3345719277858734
4505,3208,1371,0.3344706892967224
4506,3208,5410,0.33446118235588074
4507,3208,2000,0.3343445062637329
4508,3208,2129,0.33431506156921387
4509,3208,1303,0.3342987596988678
4510,3208,565,0.3342963457107544
4511,3208,349,0.33424773812294006
4512,3208,2923,0.3341900110244751
4513,3208,2415,0.33413857221603394
4514,3208,222,0.3341277241706848
4515,3208,6081,0.33411815762519836
4516,3208,4280,0.33410874009132385
4517,3208,3560,0.3341030478477478
4518,3208,50,0.33408525586128235
4519,3208,152,0.3340577185153961
4520,3208,3396,0.33404555916786194
4521,3208,5365,0.33403000235557556
4522,3208,472,0.33402636647224426
4523,3208,4471,0.3340062201023102
4524,3208,711,0.333884596824646
4525,3208,3398,0.33385589718818665
4526,3208,127,0.33378034830093384
4527,3208,6347,0.3337274193763733
4528,3208,176,0.3336651921272278
4529,3208,801,0.333626389503479
4530,3208,1918,0.33362528681755066
4531,3208,2413,0.33358249068260193
4532,3208,486,0.3335455358028412
4533,3208,147,0.3335278332233429
4534,3208,3692,0.3334864377975464
4535,3208,2924,0.33347731828689575
4536,3208,1180,0.3334728181362152
4537,3208,5015,0.33346179127693176
4538,3208,2941,0.33343425393104553
4539,3208,367,0.33337637782096863
4540,3208,3237,0.33330777287483215
4541,3208,1369,0.3332494795322418
4542,3208,4095,0.33324888348579407
4543,3208,2392,0.333241730928421
4544,3208,3627,0.3332388997077942
4545,3208,6076,0.3331766128540039
4546,3208,2616,0.3331587612628937
4547,3208,457,0.3331558108329773
4548,3208,4508,0.33315518498420715
4549,3208,4735,0.3330650329589844
4550,3208,5232,0.3330570161342621
4551,3208,3109,0.3330210745334625
4552,3208,1286,0.33289846777915955
4553,3208,2632,0.33284375071525574
4554,3208,595,0.3328264653682709
4555,3208,2888,0.33278727531433105
4556,3208,1772,0.3326614201068878
4557,3208,5283,0.33265820145606995
4558,3208,1685,0.3326241374015808
4559,3208,1070,0.3325978219509125
4560,3208,579,0.3325009346008301
4561,3208,6198,0.33245301246643066
4562,3208,5334,0.33245301246643066
4563,3208,2911,0.33245301246643066
4564,3208,3550,0.33245301246643066
4565,3208,3795,0.33245301246643066
4566,3208,1683,0.33245301246643066
4567,3208,3584,0.33245301246643066
4568,3208,3780,0.33245301246643066
4569,3208,102,0.33245301246643066
4570,3208,4622,0.33245301246643066
4571,3208,1583,0.33245301246643066
4572,3208,3576,0.33245301246643066
4573,3208,1578,0.33245301246643066
4574,3208,5333,0.33245301246643066
4575,3208,3271,0.33245301246643066
4576,3208,5121,0.33245301246643066
4577,3208,5043,0.33245301246643066
4578,3208,4690,0.33245301246643066
4579,3208,3757,0.33245301246643066
4580,3208,13,0.33245301246643066
4581,3208,1071,0.33245301246643066
4582,3208,2917,0.33245301246643066
4583,3208,1043,0.33245301246643066
4584,3208,3876,0.33245301246643066
4585,3208,2929,0.33245301246643066
4586,3208,344,0.33245301246643066
4587,3208,2342,0.33245301246643066
4588,3208,171,0.3322693109512329
4589,3208,544,0.3321722447872162
4590,3208,940,0.3321714401245117
4591,3208,3954,0.33208954334259033
4592,3208,214,0.332083135843277
4593,3208,5925,0.3320654034614563
4594,3208,1708,0.3320081830024719
4595,3208,192,0.33188509941101074
4596,3208,9,0.3318617343902588
4597,3208,3424,0.3318054974079132
4598,3208,179,0.3317377269268036
4599,3208,1988,0.3316951394081116
4600,3208,3579,0.33168166875839233
4601,3208,878,0.3316643238067627
4602,3208,106,0.33162498474121094
4603,3208,1974,0.33155331015586853
4604,3208,4351,0.3315417468547821
4605,3208,4536,0.33149492740631104
4606,3208,2297,0.33148840069770813
4607,3208,827,0.3314778208732605
4608,3208,821,0.3314560055732727
4609,3208,5974,0.33144611120224
4610,3208,3592,0.33138155937194824
4611,3208,2240,0.33133968710899353
4612,3208,1970,0.331320583820343
4613,3208,640,0.3312874734401703
4614,3208,4411,0.33125555515289307
4615,3208,4232,0.33124950528144836
4616,3208,232,0.3312394917011261
4617,3208,1850,0.33121004700660706
4618,3208,1672,0.33119142055511475
4619,3208,5305,0.3311488926410675
4620,3208,2103,0.33113881945610046
4621,3208,2304,0.331138551235199
4622,3208,910,0.33112937211990356
4623,3208,1768,0.3310953974723816
4624,3208,1292,0.33099597692489624
4625,3208,6126,0.33095234632492065
4626,3208,1977,0.33088013529777527
4627,3208,823,0.33079561591148376
4628,3208,5326,0.330701619386673
4629,3208,5969,0.3306821882724762
4630,3208,2861,0.3305915594100952
4631,3208,5383,0.3305748999118805
4632,3208,3626,0.3305715322494507
4633,3208,2531,0.33056771755218506
4634,3208,5458,0.33054885268211365
4635,3208,4062,0.3304083049297333
4636,3208,1821,0.3303101360797882
4637,3208,6282,0.330287367105484
4638,3208,4347,0.330282062292099
4639,3208,4402,0.3302033245563507
4640,3208,3323,0.3301528990268707
4641,3208,5446,0.330150842666626
4642,3208,2245,0.3300163149833679
4643,3208,1414,0.3297688066959381
4644,3208,1813,0.3297625184059143
4645,3208,2144,0.3297497630119324
4646,3208,4301,0.3297341465950012
4647,3208,4271,0.3297286629676819
4648,3208,6218,0.3296600580215454
4649,3208,5259,0.3296544849872589
4650,3208,305,0.3296540081501007
4651,3208,3349,0.32962316274642944
4652,3208,4063,0.32961466908454895
4653,3208,4388,0.32960909605026245
4654,3208,3786,0.32956674695014954
4655,3208,4292,0.3295402228832245
4656,3208,1253,0.3294908404350281
4657,3208,4345,0.3294733464717865
4658,3208,512,0.3294682800769806
4659,3208,2255,0.32941779494285583
4660,3208,503,0.3294053375720978
4661,3208,3963,0.3292900323867798
4662,3208,1320,0.32927000522613525
4663,3208,1350,0.32927000522613525
4664,3208,2379,0.32911133766174316
4665,3208,532,0.32899394631385803
4666,3208,1588,0.328962117433548
4667,3208,3895,0.32895568013191223
4668,3208,3769,0.32895204424858093
4669,3208,758,0.3288942575454712
4670,3208,2898,0.32886946201324463
4671,3208,4343,0.3288419246673584
4672,3208,6336,0.3288390636444092
4673,3208,3076,0.3287706971168518
4674,3208,4488,0.32875826954841614
4675,3208,741,0.32873788475990295
4676,3208,2882,0.3287044167518616
4677,3208,1492,0.3286728262901306
4678,3208,2200,0.32866907119750977
4679,3208,1416,0.32860925793647766
4680,3208,5413,0.3285311758518219
4681,3208,4576,0.32845351099967957
4682,3208,5213,0.32835283875465393
4683,3208,5557,0.3283337950706482
4684,3208,3932,0.32832255959510803
4685,3208,4332,0.3282981812953949
4686,3208,3440,0.32829686999320984
4687,3208,5529,0.3282778859138489
4688,3208,6267,0.32813456654548645
4689,3208,5406,0.32812589406967163
4690,3208,1539,0.32809844613075256
4691,3208,496,0.32807788252830505
4692,3208,2138,0.3280644118785858
4693,3208,4206,0.32803767919540405
4694,3208,1827,0.328011691570282
4695,3208,5353,0.327993780374527
4696,3208,3600,0.3279108703136444
4697,3208,4615,0.32784503698349
4698,3208,6248,0.32767239212989807
4699,3208,104,0.32762980461120605
4700,3208,3523,0.3275708258152008
4701,3208,937,0.3274609446525574
4702,3208,286,0.32744190096855164
4703,3208,326,0.32743263244628906
4704,3208,3820,0.32737645506858826
4705,3208,389,0.32736921310424805
4706,3208,4754,0.32724639773368835
4707,3208,3740,0.32722318172454834
4708,3208,5659,0.3271859884262085
4709,3208,1960,0.32715362310409546
4710,3208,4686,0.3271262049674988
4711,3208,663,0.32706278562545776
4712,3208,3306,0.32693418860435486
4713,3208,6335,0.3268769681453705
4714,3208,4421,0.32686692476272583
4715,3208,5306,0.32677412033081055
4716,3208,5325,0.3267635405063629
4717,3208,771,0.3267551064491272
4718,3208,993,0.3267252743244171
4719,3208,458,0.32672178745269775
4720,3208,1374,0.32669344544410706
4721,3208,4415,0.3266274034976959
4722,3208,698,0.3266110122203827
4723,3208,818,0.3265652060508728
4724,3208,2164,0.32653114199638367
4725,3208,1352,0.326526403427124
4726,3208,2319,0.32649120688438416
4727,3208,4874,0.3264903724193573
4728,3208,204,0.32647839188575745
4729,3208,5882,0.3264633119106293
4730,3208,347,0.3264389634132385
4731,3208,4642,0.32637864351272583
4732,3208,4304,0.3263040781021118
4733,3208,1645,0.3262813687324524
4734,3208,262,0.32613906264305115
4735,3208,203,0.32610929012298584
4736,3208,1623,0.3261008858680725
4737,3208,1508,0.32600200176239014
4738,3208,5451,0.3259086310863495
4739,3208,3452,0.3258858621120453
4740,3208,3347,0.3258744180202484
4741,3208,4461,0.32582491636276245
4742,3208,615,0.32576385140419006
4743,3208,5249,0.3257529139518738
4744,3208,6202,0.32574471831321716
4745,3208,5324,0.3256906270980835
4746,3208,2089,0.3256262242794037
4747,3208,248,0.32556089758872986
4748,3208,2078,0.3255447745323181
4749,3208,1222,0.32553836703300476
4750,3208,465,0.3254165053367615
4751,3208,2082,0.3253737986087799
4752,3208,2228,0.3253737986087799
4753,3208,1702,0.32533547282218933
4754,3208,6304,0.32518061995506287
4755,3208,4101,0.32512712478637695
4756,3208,2454,0.3251224458217621
4757,3208,2623,0.3251209557056427
4758,3208,4568,0.325114369392395
4759,3208,2425,0.32511088252067566
4760,3208,4900,0.32500526309013367
4761,3208,155,0.32498395442962646
4762,3208,1113,0.3249768316745758
4763,3208,2943,0.3249569535255432
4764,3208,2193,0.3249184191226959
4765,3208,3461,0.3248627483844757
4766,3208,1624,0.3248293101787567
4767,3208,2355,0.3247293531894684
4768,3208,4300,0.3246239721775055
4769,3208,3635,0.32459643483161926
4770,3208,2562,0.3245629370212555
4771,3208,1206,0.32453441619873047
4772,3208,4571,0.3245101571083069
4773,3208,3410,0.3245086073875427
4774,3208,4492,0.324447900056839
4775,3208,1372,0.32441532611846924
4776,3208,160,0.3244134187698364
4777,3208,1314,0.3243398070335388
4778,3208,2411,0.3242753744125366
4779,3208,5432,0.3242139518260956
4780,3208,387,0.3242059350013733
4781,3208,5515,0.3241245448589325
4782,3208,4455,0.3240891396999359
4783,3208,3474,0.3239598870277405
4784,3208,67,0.3239463269710541
4785,3208,3834,0.323934406042099
4786,3208,4322,0.32388201355934143
4787,3208,4577,0.3238593339920044
4788,3208,691,0.32385218143463135
4789,3208,3533,0.32384181022644043
4790,3208,4268,0.3237268626689911
4791,3208,2156,0.32370010018348694
4792,3208,4257,0.32368698716163635
4793,3208,5218,0.3236650228500366
4794,3208,4474,0.3235042095184326
4795,3208,1967,0.3234725594520569
4796,3208,1883,0.32341429591178894
4797,3208,4205,0.32340505719184875
4798,3208,1441,0.32339826226234436
4799,3208,2979,0.32339197397232056
4800,3208,3268,0.323382169008255
4801,3208,70,0.32338017225265503
4802,3208,1295,0.3233577311038971
4803,3208,42,0.3233151137828827
4804,3208,1641,0.32331082224845886
4805,3208,2844,0.32323071360588074
4806,3208,3465,0.3232213854789734
4807,3208,1004,0.3232005536556244
4808,3208,1241,0.3231840133666992
4809,3208,1239,0.3231840133666992
4810,3208,4416,0.32310229539871216
4811,3208,2815,0.32310065627098083
4812,3208,2426,0.3230830729007721
4813,3208,2276,0.32306554913520813
4814,3208,924,0.32295289635658264
4815,3208,3563,0.32293248176574707
4816,3208,4468,0.32289859652519226
4817,3208,2482,0.322842538356781
4818,3208,484,0.32283321022987366
4819,3208,6201,0.32278767228126526
4820,3208,4174,0.3226938247680664
4821,3208,6167,0.32267072796821594
4822,3208,3884,0.32258015871047974
4823,3208,1512,0.3225584626197815
4824,3208,2506,0.3225328326225281
4825,3208,1449,0.3225133717060089
4826,3208,2718,0.3224978446960449
4827,3208,246,0.3224910497665405
4828,3208,542,0.32247552275657654
4829,3208,2515,0.32244545221328735
4830,3208,4324,0.3223668038845062
4831,3208,518,0.32230642437934875
4832,3208,1536,0.3222786784172058
4833,3208,6152,0.3222580850124359
4834,3208,3014,0.3222213685512543
4835,3208,3625,0.3221909701824188
4836,3208,5937,0.32214483618736267
4837,3208,2063,0.32212987542152405
4838,3208,3445,0.32206860184669495
4839,3208,3753,0.322029173374176
4840,3208,4816,0.32202139496803284
4841,3208,2111,0.32200050354003906
4842,3208,4901,0.3219645321369171
4843,3208,514,0.32195723056793213
4844,3208,1179,0.3219517171382904
4845,3208,431,0.3219335973262787
4846,3208,57,0.3218856751918793
4847,3208,360,0.32170480489730835
4848,3208,4214,0.3217013478279114
4849,3208,1458,0.32167601585388184
4850,3208,1659,0.3216555714607239
4851,3208,6359,0.3216533064842224
4852,3208,6366,0.32156902551651
4853,3208,1167,0.32149794697761536
4854,3208,4618,0.32144632935523987
4855,3208,3244,0.32137569785118103
4856,3208,1775,0.32132601737976074
4857,3208,43,0.3212639093399048
4858,3208,84,0.3212473392486572
4859,3208,403,0.32123687863349915
4860,3208,2184,0.32115039229393005
4861,3208,4674,0.32113996148109436
4862,3208,4419,0.3211142122745514
4863,3208,4482,0.32110700011253357
4864,3208,5374,0.32104313373565674
4865,3208,4097,0.32100343704223633
4866,3208,3575,0.3209841549396515
4867,3208,2145,0.3209651708602905
4868,3208,121,0.3209167420864105
4869,3208,4562,0.32088661193847656
4870,3208,549,0.3208557367324829
4871,3208,5082,0.32085150480270386
4872,3208,3001,0.3208456039428711
4873,3208,1696,0.3208205997943878
4874,3208,4683,0.32081735134124756
4875,3208,3015,0.3208046853542328
4876,3208,2868,0.3207920491695404
4877,3208,817,0.3207569420337677
4878,3208,4634,0.3206610083580017
4879,3208,609,0.3205769956111908
4880,3208,5342,0.3205389678478241
4881,3208,3381,0.3204505145549774
4882,3208,5217,0.3203757107257843
4883,3208,1695,0.32033631205558777
4884,3208,871,0.32027173042297363
4885,3208,4116,0.3202666640281677
4886,3208,58,0.3202458918094635
4887,3208,4817,0.3202299177646637
4888,3208,413,0.32020804286003113
4889,3208,1627,0.3201979696750641
4890,3208,2130,0.32019326090812683
4891,3208,4722,0.3201574683189392
4892,3208,363,0.32011863589286804
4893,3208,3678,0.3200911283493042
4894,3208,4316,0.32002750039100647
4895,3208,2176,0.3198399841785431
4896,3208,3529,0.3198324739933014
4897,3208,2012,0.31979987025260925
4898,3208,2332,0.3197164535522461
4899,3208,1909,0.3196263909339905
4900,3208,2289,0.31961849331855774
4901,3208,2907,0.3195718824863434
4902,3208,3373,0.319532185792923
4903,3208,777,0.31945478916168213
4904,3208,5462,0.31940141320228577
4905,3208,669,0.31939896941185
4906,3208,22,0.31937095522880554
4907,3208,6001,0.3193525969982147
4908,3208,689,0.31932199001312256
4909,3208,441,0.3192724883556366
4910,3208,848,0.31925779581069946
4911,3208,2296,0.3192409574985504
4912,3208,3853,0.319220632314682
4913,3208,5420,0.31921112537384033
4914,3208,1438,0.31920933723449707
4915,3208,3715,0.319175124168396
4916,3208,4499,0.3191206455230713
4917,3208,4564,0.31899508833885193
4918,3208,3781,0.3189869821071625
4919,3208,4498,0.3189377188682556
4920,3208,3401,0.3189111649990082
4921,3208,3814,0.3189052939414978
4922,3208,3901,0.31885236501693726
4923,3208,6296,0.3188178539276123
4924,3208,6319,0.31869712471961975
4925,3208,3281,0.31865087151527405
4926,3208,2361,0.31862738728523254
4927,3208,2174,0.318535715341568
4928,3208,3131,0.3185037076473236
4929,3208,5715,0.3184138536453247
4930,3208,524,0.3183805048465729
4931,3208,2288,0.3183479309082031
4932,3208,1700,0.3183017671108246
4933,3208,5317,0.3182576596736908
4934,3208,3241,0.31824618577957153
4935,3208,2981,0.31812363862991333
4936,3208,677,0.3180587589740753
4937,3208,6365,0.3180156946182251
4938,3208,3457,0.3180108070373535
4939,3208,1385,0.31798475980758667
4940,3208,4497,0.3179543614387512
4941,3208,1814,0.3179336190223694
4942,3208,1697,0.317876935005188
4943,3208,4616,0.3178739845752716
4944,3208,4840,0.31786197423934937
4945,3208,2481,0.31776031851768494
4946,3208,3292,0.31772762537002563
4947,3208,4837,0.3175889253616333
4948,3208,4973,0.3175867795944214
4949,3208,1690,0.31751981377601624
4950,3208,4794,0.3174930214881897
4951,3208,835,0.3174353241920471
4952,3208,4446,0.31742730736732483
4953,3208,4123,0.3174004852771759
4954,3208,6256,0.3173520267009735
4955,3208,103,0.3173368573188782
4956,3208,3262,0.317250519990921
4957,3208,6179,0.317243754863739
4958,3208,2315,0.3172307014465332
4959,3208,2316,0.3172172009944916
4960,3208,2320,0.3172116279602051
4961,3208,5484,0.3171948194503784
4962,3208,87,0.3171553313732147
4963,3208,3132,0.31713324785232544
4964,3208,5743,0.3170906901359558
4965,3208,3725,0.3170184791088104
4966,3208,6257,0.31697899103164673
4967,3208,2124,0.31690365076065063
4968,3208,4377,0.31686243414878845
4969,3208,6116,0.31685134768486023
4970,3208,1608,0.31675583124160767
4971,3208,3764,0.3167291283607483
4972,3208,4614,0.31669503450393677
4973,3208,1989,0.31664761900901794
4974,3208,173,0.3166466951370239
4975,3208,2287,0.31651023030281067
4976,3208,3777,0.31650105118751526
4977,3208,268,0.3164311647415161
4978,3208,5332,0.3163725733757019
4979,3208,4865,0.31636154651641846
4980,3208,4757,0.3162855803966522
4981,3208,504,0.3162209987640381
4982,3208,4325,0.3161798119544983
4983,3208,1842,0.3161635994911194
4984,3208,6138,0.3161109983921051
4985,3208,4964,0.31610777974128723
4986,3208,314,0.3160795271396637
4987,3208,5429,0.31607896089553833
4988,3208,825,0.3160725235939026
4989,3208,439,0.31605562567710876
4990,3208,2087,0.3159947991371155
4991,3208,1444,0.31596773862838745
4992,3208,238,0.3159075975418091
4993,3208,4261,0.3158867359161377
4994,3208,2466,0.31581559777259827
4995,3208,949,0.3157992959022522
4996,3208,6325,0.31575119495391846
4997,3208,3962,0.31567108631134033
4998,3208,2032,0.3156454563140869
4999,3208,5500,0.3156321346759796
5000,3208,602,0.31562942266464233
5001,3208,4766,0.3156229555606842
5002,3208,1765,0.3156059682369232
5003,3208,906,0.3155854344367981
5004,3208,4888,0.3155730366706848
5005,3208,619,0.3155638873577118
5006,3208,6185,0.3154945373535156
5007,3208,2203,0.31547656655311584
5008,3208,6086,0.31539177894592285
5009,3208,938,0.3153529763221741
5010,3208,4294,0.31530311703681946
5011,3208,1356,0.31526026129722595
5012,3208,838,0.31525376439094543
5013,3208,2776,0.3152434825897217
5014,3208,6255,0.31523096561431885
5015,3208,130,0.31517407298088074
5016,3208,1501,0.3151317238807678
5017,3208,1932,0.3151215612888336
5018,3208,2178,0.3151206970214844
5019,3208,2507,0.31511518359184265
5020,3208,2518,0.3150551915168762
5021,3208,2354,0.3150525391101837
5022,3208,5204,0.3149905800819397
5023,3208,5372,0.3149471879005432
5024,3208,3276,0.3148956000804901
5025,3208,423,0.31487971544265747
5026,3208,2435,0.31484007835388184
5027,3208,5732,0.3148157000541687
5028,3208,2848,0.31468480825424194
5029,3208,1420,0.31467872858047485
5030,3208,1920,0.314677357673645
5031,3208,6163,0.31463056802749634
5032,3208,2464,0.3146049678325653
5033,3208,1197,0.3145551085472107
5034,3208,444,0.3145486116409302
5035,3208,2167,0.31452080607414246
5036,3208,3909,0.31444379687309265
5037,3208,1368,0.31443509459495544
5038,3208,2940,0.3144151568412781
5039,3208,1773,0.31438949704170227
5040,3208,2500,0.31431928277015686
5041,3208,528,0.31429487466812134
5042,3208,2375,0.31425222754478455
5043,3208,1123,0.31425002217292786
5044,3208,865,0.31422480940818787
5045,3208,6203,0.31420084834098816
5046,3208,2948,0.31419891119003296
5047,3208,2401,0.3141821026802063
5048,3208,1643,0.31417858600616455
5049,3208,5102,0.31413406133651733
5050,3208,4855,0.3141191899776459
5051,3208,3338,0.3140603303909302
5052,3208,1364,0.314060240983963
5053,3208,3345,0.3140566349029541
5054,3208,85,0.3139718770980835
5055,3208,3071,0.3139568269252777
5056,3208,6100,0.3139474391937256
5057,3208,2891,0.3139278292655945
5058,3208,1892,0.31387344002723694
5059,3208,5185,0.31383368372917175
5060,3208,576,0.31382834911346436
5061,3208,2068,0.313730925321579
5062,3208,4857,0.3137100040912628
5063,3208,2831,0.3136902153491974
5064,3208,2075,0.3136851489543915
5065,3208,4624,0.31363925337791443
5066,3208,2040,0.3136186897754669
5067,3208,1049,0.3135998845100403
5068,3208,2031,0.3134830892086029
5069,3208,3666,0.313283771276474
5070,3208,5900,0.3132120966911316
5071,3208,507,0.31320708990097046
5072,3208,2465,0.3131415545940399
5073,3208,5311,0.31313708424568176
5074,3208,2437,0.3131358027458191
5075,3208,3944,0.3131095767021179
5076,3208,1012,0.313055157661438
5077,3208,1593,0.31304213404655457
5078,3208,1582,0.31304213404655457
5079,3208,6277,0.3130408823490143
5080,3208,258,0.3129890263080597
5081,3208,5214,0.3129574954509735
5082,3208,5433,0.31286245584487915
5083,3208,1398,0.312829852104187
5084,3208,4450,0.3127468526363373
5085,3208,5116,0.3127458691596985
5086,3208,1199,0.31274354457855225
5087,3208,2519,0.3127281367778778
5088,3208,586,0.31260207295417786
5089,3208,5485,0.31256911158561707
5090,3208,1916,0.31251832842826843
5091,3208,6147,0.3123179078102112
5092,3208,4582,0.3122958540916443
5093,3208,6052,0.3122377097606659
5094,3208,1225,0.3120631277561188
5095,3208,3019,0.3120590150356293
5096,3208,1653,0.3120543360710144
5097,3208,2168,0.3119441270828247
5098,3208,434,0.31191807985305786
5099,3208,1906,0.3118850886821747
5100,3208,5533,0.31186360120773315
5101,3208,930,0.3118162453174591
5102,3208,5097,0.3117818832397461
5103,3208,2423,0.3117067515850067
5104,3208,3982,0.3116724491119385
5105,3208,64,0.31164446473121643
5106,3208,2356,0.3116215765476227
5107,3208,4628,0.31154629588127136
5108,3208,4651,0.3114965260028839
5109,3208,824,0.3114851117134094
5110,3208,736,0.31143486499786377
5111,3208,4228,0.31136444211006165
5112,3208,161,0.3113642632961273
5113,3208,2127,0.3112284243106842
5114,3208,3532,0.31112945079803467
5115,3208,2039,0.31112340092658997
5116,3208,5444,0.3110824525356293
5117,3208,1937,0.3110596239566803
5118,3208,866,0.3110363185405731
5119,3208,3587,0.3110266923904419
5120,3208,230,0.3109974265098572
5121,3208,409,0.31099602580070496
5122,3208,1548,0.31096577644348145
5123,3208,4456,0.31093257665634155
5124,3208,2817,0.3109097182750702
5125,3208,1376,0.3109014332294464
5126,3208,941,0.3108612895011902
5127,3208,862,0.3107871413230896
5128,3208,1786,0.31075519323349
5129,3208,1075,0.3107503652572632
5130,3208,5728,0.3107369840145111
5131,3208,3877,0.3107369840145111
5132,3208,3034,0.3107147812843323
5133,3208,220,0.3107011616230011
5134,3208,2422,0.31062185764312744
5135,3208,4000,0.3106050491333008
5136,3208,4391,0.31056779623031616
5137,3208,6388,0.31051716208457947
5138,3208,1490,0.31046947836875916
5139,3208,855,0.3104425370693207
5140,3208,3070,0.31039780378341675
5141,3208,1486,0.3103594481945038
5142,3208,2160,0.31027570366859436
5143,3208,1783,0.3102656602859497
5144,3208,4495,0.31025856733322144
5145,3208,2314,0.3102482259273529
5146,3208,5225,0.31024032831192017
5147,3208,1860,0.31018954515457153
5148,3208,2504,0.3101870119571686
5149,3208,5390,0.3101855218410492
5150,3208,4361,0.31016913056373596
5151,3208,265,0.3101518452167511
5152,3208,5350,0.31009769439697266
5153,3208,2864,0.3100917339324951
5154,3208,4882,0.3099749982357025
5155,3208,1479,0.30996429920196533
5156,3208,3482,0.30995437502861023
5157,3208,1907,0.30995163321495056
5158,3208,12,0.3099179267883301
5159,3208,3840,0.30990925431251526
5160,3208,3841,0.30990925431251526
5161,3208,3272,0.30980271100997925
5162,3208,1965,0.3097662329673767
5163,3208,954,0.309761643409729
5164,3208,4374,0.30971795320510864
5165,3208,3525,0.3096642792224884
5166,3208,3770,0.30963078141212463
5167,3208,585,0.3096272945404053
5168,3208,3289,0.3096069097518921
5169,3208,1957,0.3095788359642029
5170,3208,110,0.30956730246543884
5171,3208,3431,0.3095565140247345
5172,3208,201,0.309475839138031
5173,3208,5155,0.30936431884765625
5174,3208,39,0.30923381447792053
5175,3208,6343,0.309199720621109
5176,3208,6264,0.3091980814933777
5177,3208,719,0.30918487906455994
5178,3208,4771,0.309139609336853
5179,3208,3835,0.30913305282592773
5180,3208,6060,0.30904364585876465
5181,3208,1483,0.30900639295578003
5182,3208,3736,0.3090052604675293
5183,3208,2017,0.30900517106056213
5184,3208,3433,0.30899471044540405
5185,3208,4427,0.30897918343544006
5186,3208,6382,0.30896538496017456
5187,3208,2308,0.3089454770088196
5188,3208,1664,0.3089137673377991
5189,3208,1590,0.30891168117523193
5190,3208,5416,0.3088705837726593
5191,3208,526,0.3088679313659668
5192,3208,1298,0.30878788232803345
5193,3208,1491,0.30870839953422546
5194,3208,840,0.3086685538291931
5195,3208,1675,0.3086278438568115
5196,3208,879,0.3086201250553131
5197,3208,3264,0.30853551626205444
5198,3208,1929,0.30850207805633545
5199,3208,134,0.30848440527915955
5200,3208,5417,0.30846625566482544
5201,3208,4428,0.3084527254104614
5202,3208,2953,0.3083992004394531
5203,3208,6234,0.3083917796611786
5204,3208,5315,0.30834031105041504
5205,3208,4981,0.3083111047744751
5206,3208,2303,0.30827295780181885
5207,3208,3223,0.3082522451877594
5208,3208,931,0.30814409255981445
5209,3208,3891,0.30813905596733093
5210,3208,2456,0.3081163763999939
5211,3208,6418,0.30795273184776306
5212,3208,919,0.30793285369873047
5213,3208,2795,0.3079267740249634
5214,3208,3258,0.30785420536994934
5215,3208,815,0.3078388273715973
5216,3208,2114,0.30780887603759766
5217,3208,2056,0.30777546763420105
5218,3208,6140,0.3077327311038971
5219,3208,2307,0.307729572057724
5220,3208,1244,0.30769532918930054
5221,3208,6144,0.30766043066978455
5222,3208,3023,0.307605504989624
5223,3208,4579,0.30752626061439514
5224,3208,5256,0.3075045645236969
5225,3208,1874,0.3074893355369568
5226,3208,4329,0.30742254853248596
5227,3208,4592,0.3073137402534485
5228,3208,6407,0.3072744309902191
5229,3208,497,0.30724382400512695
5230,3208,5132,0.3072301149368286
5231,3208,4566,0.3072197139263153
5232,3208,4885,0.3072012662887573
5233,3208,3968,0.3071584403514862
5234,3208,6191,0.3071542978286743
5235,3208,5526,0.307137131690979
5236,3208,3765,0.30708131194114685
5237,3208,3574,0.3070492744445801
5238,3208,577,0.30704042315483093
5239,3208,6424,0.30703994631767273
5240,3208,4443,0.30702680349349976
5241,3208,1177,0.30693319439888
5242,3208,4115,0.3069266080856323
5243,3208,2123,0.3068816661834717
5244,3208,6200,0.30684393644332886
5245,3208,462,0.30683082342147827
5246,3208,6196,0.3068138659000397
5247,3208,6283,0.30678629875183105
5248,3208,6270,0.30666273832321167
5249,3208,3718,0.3066384792327881
5250,3208,1945,0.30661043524742126
5251,3208,346,0.30649715662002563
5252,3208,4621,0.30647653341293335
5253,3208,1826,0.30643147230148315
5254,3208,2301,0.30638933181762695
5255,3208,1157,0.3063494861125946
5256,3208,396,0.3063429594039917
5257,3208,294,0.3062874376773834
5258,3208,6103,0.3062727153301239
5259,3208,3956,0.30625927448272705
5260,3208,5192,0.30619513988494873
5261,3208,5943,0.30619242787361145
5262,3208,4252,0.30612775683403015
5263,3208,2509,0.30608266592025757
5264,3208,4313,0.30604833364486694
5265,3208,69,0.3059316873550415
5266,3208,184,0.30592289566993713
5267,3208,2226,0.3059205710887909
5268,3208,926,0.30590325593948364
5269,3208,541,0.30581343173980713
5270,3208,1859,0.3056514859199524
5271,3208,16,0.30554816126823425
5272,3208,5876,0.30549535155296326
5273,3208,345,0.30547550320625305
5274,3208,14,0.30547550320625305
5275,3208,5498,0.3054090738296509
5276,3208,5319,0.3053549826145172
5277,3208,6333,0.30531540513038635
5278,3208,331,0.30525001883506775
5279,3208,53,0.30521541833877563
5280,3208,5039,0.30517417192459106
5281,3208,5714,0.30516886711120605
5282,3208,183,0.30515527725219727
5283,3208,1161,0.3051135838031769
5284,3208,4481,0.3050922155380249
5285,3208,2404,0.3050849735736847
5286,3208,93,0.30502089858055115
5287,3208,3344,0.30495643615722656
5288,3208,1,0.30484843254089355
5289,3208,154,0.3047759532928467
5290,3208,4489,0.30474743247032166
5291,3208,4584,0.3047269880771637
5292,3208,442,0.30470824241638184
5293,3208,4485,0.3046858608722687
5294,3208,47,0.30463966727256775
5295,3208,4223,0.3046310245990753
5296,3208,1232,0.3045918643474579
5297,3208,6062,0.30458298325538635
5298,3208,2267,0.30449140071868896
5299,3208,4326,0.3044784963130951
5300,3208,671,0.30445510149002075
5301,3208,1515,0.3043864369392395
5302,3208,2890,0.304372102022171
5303,3208,6372,0.30418771505355835
5304,3208,2523,0.3040957450866699
5305,3208,284,0.3040270209312439
5306,3208,1367,0.30392807722091675
5307,3208,2886,0.30388927459716797
5308,3208,4889,0.30388471484184265
5309,3208,1958,0.30382487177848816
5310,3208,1185,0.3038107752799988
5311,3208,4626,0.3037562668323517
5312,3208,616,0.30368950963020325
5313,3208,5514,0.30368122458457947
5314,3208,3535,0.3036770820617676
5315,3208,4110,0.3035896420478821
5316,3208,2432,0.30358630418777466
5317,3208,2904,0.3035629987716675
5318,3208,3804,0.30345025658607483
5319,3208,641,0.3033828139305115
5320,3208,551,0.30336421728134155
5321,3208,1692,0.3032982349395752
5322,3208,5746,0.3032587170600891
5323,3208,2390,0.3032059073448181
5324,3208,4574,0.30311477184295654
5325,3208,461,0.3031126856803894
5326,3208,4404,0.3030897378921509
5327,3208,4069,0.30301210284233093
5328,3208,6056,0.3029620051383972
5329,3208,1891,0.3029065728187561
5330,3208,2346,0.3028806746006012
5331,3208,1670,0.30286476016044617
5332,3208,2028,0.30284157395362854
5333,3208,124,0.3027495741844177
5334,3208,188,0.3027244508266449
5335,3208,6093,0.3026822805404663
5336,3208,6413,0.3026713728904724
5337,3208,66,0.3026352524757385
5338,3208,1149,0.30229833722114563
5339,3208,4262,0.3022952079772949
5340,3208,6170,0.30224043130874634
5341,3208,6209,0.30221784114837646
5342,3208,1587,0.3022077679634094
5343,3208,1359,0.3021562397480011
5344,3208,4314,0.30208373069763184
5345,3208,3240,0.30202460289001465
5346,3208,6416,0.30197155475616455
5347,3208,2421,0.3018898367881775
5348,3208,5434,0.30185818672180176
5349,3208,4755,0.3018140494823456
5350,3208,2851,0.3017909526824951
5351,3208,558,0.3017658591270447
5352,3208,3444,0.30176404118537903
5353,3208,1609,0.3017420470714569
5354,3208,806,0.3017202615737915
5355,3208,5419,0.30166640877723694
5356,3208,3491,0.30162081122398376
5357,3208,6072,0.3016023635864258
5358,3208,6157,0.3015630841255188
5359,3208,5279,0.30152904987335205
5360,3208,1546,0.3014150559902191
5361,3208,287,0.3013565242290497
5362,3208,688,0.3013129234313965
5363,3208,5845,0.3011939525604248
5364,3208,243,0.30117982625961304
5365,3208,1136,0.3010941445827484
5366,3208,2090,0.30107662081718445
5367,3208,2343,0.3010733425617218
5368,3208,2368,0.3010139465332031
5369,3208,5720,0.3009073734283447
5370,3208,2351,0.3008565604686737
5371,3208,4822,0.3008541762828827
5372,3208,2126,0.3008069097995758
5373,3208,2378,0.3006020486354828
5374,3208,15,0.30050480365753174
5375,3208,1174,0.30042245984077454
5376,3208,847,0.3003815710544586
5377,3208,418,0.30037015676498413
5378,3208,4886,0.30036622285842896
5379,3208,1380,0.30028676986694336
5380,3208,1912,0.3002853989601135
5381,3208,5264,0.3002747893333435
5382,3208,603,0.3002014458179474
5383,3208,5262,0.30017486214637756
5384,3208,4437,0.3001473546028137
5385,3208,3620,0.30001556873321533
5386,3208,1078,0.3000108301639557
5387,3208,2822,0.29993996024131775
5388,3208,1948,0.29993265867233276
5389,3208,2357,0.29982656240463257
5390,3208,3900,0.29975825548171997
5391,3208,4578,0.2997068464756012
5392,3208,1943,0.29969358444213867
5393,3208,2384,0.29963505268096924
5394,3208,6099,0.2994931638240814
5395,3208,6188,0.2994551658630371
5396,3208,2485,0.29945048689842224
5397,3208,3318,0.29941388964653015
5398,3208,1987,0.2993704080581665
5399,3208,4390,0.2993662655353546
5400,3208,3896,0.29935526847839355
5401,3208,4318,0.29933661222457886
5402,3208,2306,0.299323707818985
5403,3208,1044,0.2993010878562927
5404,3208,4111,0.299177348613739
5405,3208,4362,0.29915764927864075
5406,3208,4563,0.29915300011634827
5407,3208,2673,0.2991281747817993
5408,3208,1151,0.2991197407245636
5409,3208,791,0.29909005761146545
5410,3208,2501,0.2990768849849701
5411,3208,4429,0.29906365275382996
5412,3208,218,0.2990340292453766
5413,3208,6315,0.29903265833854675
5414,3208,1972,0.29899531602859497
5415,3208,3949,0.29885637760162354
5416,3208,726,0.29884645342826843
5417,3208,2743,0.2988322973251343
5418,3208,2444,0.29882481694221497
5419,3208,3543,0.29880955815315247
5420,3208,618,0.29880309104919434
5421,3208,2311,0.2986924946308136
5422,3208,4103,0.2986869215965271
5423,3208,1677,0.29867246747016907
5424,3208,5208,0.2986166179180145
5425,3208,1584,0.2984907329082489
5426,3208,5452,0.2984551191329956
5427,3208,2279,0.29841408133506775
5428,3208,468,0.2983779311180115
5429,3208,6337,0.298274964094162
5430,3208,449,0.29824385046958923
5431,3208,4355,0.29823192954063416
5432,3208,6037,0.29812857508659363
5433,3208,2159,0.29808852076530457
5434,3208,805,0.29805755615234375
5435,3208,494,0.29804542660713196
5436,3208,2526,0.2980034351348877
5437,3208,6417,0.29799044132232666
5438,3208,1574,0.297969788312912
5439,3208,2854,0.29790109395980835
5440,3208,2452,0.29787710309028625
5441,3208,861,0.297870397567749
5442,3208,6377,0.29776427149772644
5443,3208,4177,0.2975417971611023
5444,3208,5320,0.29750949144363403
5445,3208,252,0.2975083589553833
5446,3208,3460,0.2974836826324463
5447,3208,5999,0.2972882091999054
5448,3208,336,0.2972819209098816
5449,3208,5441,0.29720816016197205
5450,3208,5519,0.297185480594635
5451,3208,2328,0.2971247732639313
5452,3208,1138,0.29711079597473145
5453,3208,4565,0.2970860004425049
5454,3208,969,0.297038197517395
5455,3208,5338,0.2970343828201294
5456,3208,197,0.29700031876564026
5457,3208,6205,0.2969772219657898
5458,3208,1440,0.29690104722976685
5459,3208,2097,0.29689252376556396
5460,3208,846,0.29687783122062683
5461,3208,4996,0.2968144714832306
5462,3208,5456,0.2967769503593445
5463,3208,2950,0.29676008224487305
5464,3208,5430,0.2967418134212494
5465,3208,351,0.2967020869255066
5466,3208,1251,0.2966960072517395
5467,3208,2791,0.29660385847091675
5468,3208,5453,0.2965642511844635
5469,3208,842,0.29646798968315125
5470,3208,981,0.2964661121368408
5471,3208,5482,0.2964323163032532
5472,3208,1165,0.29640963673591614
5473,3208,3782,0.2963818609714508
5474,3208,1469,0.2963182032108307
5475,3208,4830,0.2962636947631836
5476,3208,1671,0.29625076055526733
5477,3208,4284,0.29620489478111267
5478,3208,1443,0.29617056250572205
5479,3208,2196,0.2961372137069702
5480,3208,4310,0.2961168587207794
5481,3208,5716,0.2959429621696472
5482,3208,1903,0.29590868949890137
5483,3208,837,0.29590514302253723
5484,3208,2400,0.2959029972553253
5485,3208,2001,0.29586169123649597
5486,3208,3805,0.29570361971855164
5487,3208,6148,0.29569461941719055
5488,3208,2336,0.2956885099411011
5489,3208,303,0.29567861557006836
5490,3208,485,0.29566845297813416
5491,3208,502,0.29565152525901794
5492,3208,2299,0.2956155836582184
5493,3208,1278,0.2955639362335205
5494,3208,4663,0.29546231031417847
5495,3208,6212,0.2954353094100952
5496,3208,4291,0.29541075229644775
5497,3208,368,0.2953794300556183
5498,3208,107,0.2953318953514099
5499,3208,4312,0.2952856719493866
5500,3208,2875,0.29527899622917175
5501,3208,550,0.29527127742767334
5502,3208,3561,0.2952575087547302
5503,3208,1065,0.2951972782611847
5504,3208,141,0.29519426822662354
5505,3208,4507,0.29506978392601013
5506,3208,4373,0.2949478328227997
5507,3208,6386,0.2949473559856415
5508,3208,3573,0.294931560754776
5509,3208,666,0.2949236333370209
5510,3208,4734,0.2948569655418396
5511,3208,189,0.29481178522109985
5512,3208,6402,0.29464682936668396
5513,3208,1691,0.2946363091468811
5514,3208,2285,0.29462358355522156
5515,3208,2119,0.29455459117889404
5516,3208,2534,0.29454681277275085
5517,3208,975,0.29454514384269714
5518,3208,1046,0.29434001445770264
5519,3208,6155,0.29428911209106445
5520,3208,4868,0.2941794991493225
5521,3208,1388,0.29401564598083496
5522,3208,6412,0.2939786911010742
5523,3208,2209,0.2939726710319519
5524,3208,4263,0.2938542068004608
5525,3208,1338,0.2937934696674347
5526,3208,4891,0.29379239678382874
5527,3208,2832,0.293645441532135
5528,3208,446,0.29361435770988464
5529,3208,2818,0.2935953736305237
5530,3208,309,0.29353660345077515
5531,3208,6017,0.293530136346817
5532,3208,1173,0.29348069429397583
5533,3208,4808,0.29347795248031616
5534,3208,2330,0.29346907138824463
5535,3208,3013,0.29346466064453125
5536,3208,2327,0.29333674907684326
5537,3208,6292,0.29332858324050903
5538,3208,3564,0.2933136820793152
5539,3208,86,0.2933090031147003
5540,3208,1384,0.29329124093055725
5541,3208,2331,0.29327458143234253
5542,3208,568,0.2931433320045471
5543,3208,5300,0.29313579201698303
5544,3208,3974,0.29312705993652344
5545,3208,5265,0.2931269109249115
5546,3208,452,0.29310330748558044
5547,3208,4641,0.29284408688545227
5548,3208,5440,0.2927083373069763
5549,3208,1984,0.29270029067993164
5550,3208,1429,0.2926620841026306
5551,3208,2495,0.2926107943058014
5552,3208,316,0.2926018238067627
5553,3208,1867,0.2925502359867096
5554,3208,1227,0.29239171743392944
5555,3208,2057,0.2923203706741333
5556,3208,1188,0.2923029363155365
5557,3208,760,0.29212141036987305
5558,3208,958,0.2921023368835449
5559,3208,4610,0.2920970022678375
5560,3208,3951,0.29209211468696594
5561,3208,2344,0.2919619679450989
5562,3208,380,0.29194313287734985
5563,3208,2352,0.29193538427352905
5564,3208,3159,0.29189082980155945
5565,3208,710,0.2918263375759125
5566,3208,798,0.2918090522289276
5567,3208,1650,0.29179221391677856
5568,3208,6192,0.29175516963005066
5569,3208,6158,0.2914498746395111
5570,3208,2214,0.29139164090156555
5571,3208,3839,0.29125362634658813
5572,3208,1901,0.29124554991722107
5573,3208,1047,0.2911842167377472
5574,3208,795,0.2911449074745178
5575,3208,3817,0.29102134704589844
5576,3208,2420,0.2910129725933075
5577,3208,1934,0.2909579575061798
5578,3208,1216,0.29092147946357727
5579,3208,4782,0.2908795475959778
5580,3208,1580,0.2908625900745392
5581,3208,1212,0.29080644249916077
5582,3208,1181,0.29078733921051025
5583,3208,3695,0.2907707691192627
5584,3208,1997,0.290744811296463
5585,3208,1164,0.2907254993915558
5586,3208,1134,0.29071733355522156
5587,3208,3527,0.29070112109184265
5588,3208,2394,0.29068052768707275
5589,3208,249,0.29065635800361633
5590,3208,4643,0.29065099358558655
5591,3208,6117,0.2905598282814026
5592,3208,5313,0.29055631160736084
5593,3208,2433,0.2905429005622864
5594,3208,1252,0.2905349135398865
5595,3208,2171,0.2904589772224426
5596,3208,2538,0.29039305448532104
5597,3208,27,0.29035505652427673
5598,3208,5473,0.2901601195335388
5599,3208,3372,0.29015660285949707
5600,3208,6410,0.2901398539543152
5601,3208,659,0.29004618525505066
5602,3208,1098,0.2900165021419525
5603,3208,2266,0.2900144159793854
5604,3208,4473,0.2899141311645508
5605,3208,773,0.28991395235061646
5606,3208,6168,0.28957661986351013
5607,3208,3216,0.289552241563797
5608,3208,75,0.28954702615737915
5609,3208,4195,0.2895357608795166
5610,3208,6381,0.28952667117118835
5611,3208,1128,0.2894541621208191
5612,3208,2062,0.2894167900085449
5613,3208,1666,0.28931140899658203
5614,3208,2102,0.2893078327178955
5615,3208,5474,0.28930461406707764
5616,3208,271,0.2892889678478241
5617,3208,2270,0.2892622649669647
5618,3208,2809,0.28924560546875
5619,3208,4221,0.2891569435596466
5620,3208,4424,0.2889019548892975
5621,3208,1072,0.28875598311424255
5622,3208,5431,0.2887159585952759
5623,3208,6378,0.28870224952697754
5624,3208,6341,0.2885993421077728
5625,3208,2391,0.28844547271728516
5626,3208,6387,0.2884230613708496
5627,3208,3790,0.28839990496635437
5628,3208,3935,0.288288414478302
5629,3208,3784,0.2882172167301178
5630,3208,414,0.28818202018737793
5631,3208,5528,0.28813543915748596
5632,3208,2395,0.2881228029727936
5633,3208,2939,0.28804218769073486
5634,3208,1538,0.2880220413208008
5635,3208,375,0.2879485487937927
5636,3208,3980,0.2878230810165405
5637,3208,759,0.28780397772789
5638,3208,3915,0.28770267963409424
5639,3208,2901,0.28768134117126465
5640,3208,1698,0.28758448362350464
5641,3208,499,0.2875649333000183
5642,3208,4299,0.28754985332489014
5643,3208,856,0.2875193655490875
5644,3208,1770,0.2874886393547058
5645,3208,2324,0.287436306476593
5646,3208,1283,0.28742772340774536
5647,3208,5414,0.2873929440975189
5648,3208,5428,0.2873874008655548
5649,3208,850,0.28738200664520264
5650,3208,2257,0.2873075008392334
5651,3208,3796,0.2872663140296936
5652,3208,2834,0.2871585786342621
5653,3208,3041,0.28708118200302124
5654,3208,3893,0.2870029807090759
5655,3208,3807,0.2869696021080017
5656,3208,4594,0.2868508994579315
5657,3208,4790,0.2868434190750122
5658,3208,5467,0.2867931127548218
5659,3208,172,0.2867085635662079
5660,3208,3235,0.28669190406799316
5661,3208,1100,0.28667086362838745
5662,3208,56,0.2865402400493622
5663,3208,2223,0.2865007817745209
5664,3208,38,0.28646475076675415
5665,3208,4217,0.2864484488964081
5666,3208,808,0.2863259017467499
5667,3208,6194,0.2862972915172577
5668,3208,2397,0.2862292528152466
5669,3208,5523,0.286080539226532
5670,3208,4657,0.28604716062545776
5671,3208,5463,0.2859576940536499
5672,3208,523,0.2858538329601288
5673,3208,3238,0.28583723306655884
5674,3208,285,0.28581100702285767
5675,3208,4598,0.2857488989830017
5676,3208,2359,0.28574708104133606
5677,3208,3427,0.2856746017932892
5678,3208,1699,0.28566327691078186
5679,3208,1969,0.2856356203556061
5680,3208,6396,0.2856341600418091
5681,3208,2805,0.2855733633041382
5682,3208,6132,0.28555387258529663
5683,3208,4354,0.28547772765159607
5684,3208,2234,0.28547751903533936
5685,3208,620,0.28540652990341187
5686,3208,221,0.28535789251327515
5687,3208,4933,0.28507933020591736
5688,3208,2808,0.28504478931427
5689,3208,3430,0.28504031896591187
5690,3208,1335,0.28499355912208557
5691,3208,1701,0.284841924905777
5692,3208,483,0.28480201959609985
5693,3208,2488,0.28477874398231506
5694,3208,1442,0.28473806381225586
5695,3208,190,0.2846435010433197
5696,3208,3931,0.28463995456695557
5697,3208,317,0.28450194001197815
5698,3208,6059,0.28449809551239014
5699,3208,5322,0.28448447585105896
5700,3208,1975,0.2843714654445648
5701,3208,2486,0.2841731309890747
5702,3208,1210,0.28413042426109314
5703,3208,3941,0.28411564230918884
5704,3208,374,0.283986359834671
5705,3208,1201,0.28392118215560913
5706,3208,2251,0.28389105200767517
5707,3208,5422,0.2838822305202484
5708,3208,6102,0.2838445007801056
5709,3208,5486,0.28382113575935364
5710,3208,5415,0.2838157117366791
5711,3208,1962,0.28379207849502563
5712,3208,1337,0.2837139070034027
5713,3208,6374,0.28361812233924866
5714,3208,5983,0.28361156582832336
5715,3208,4113,0.28359976410865784
5716,3208,4491,0.283503919839859
5717,3208,79,0.2834559977054596
5718,3208,332,0.28345349431037903
5719,3208,4619,0.28341177105903625
5720,3208,372,0.28326478600502014
5721,3208,2079,0.2832627594470978
5722,3208,2440,0.28325608372688293
5723,3208,2229,0.2832116484642029
5724,3208,5093,0.283025324344635
5725,3208,4277,0.28299012780189514
5726,3208,3097,0.2828769385814667
5727,3208,2522,0.28285348415374756
5728,3208,2033,0.2827516794204712
5729,3208,3698,0.28274643421173096
5730,3208,2293,0.2826288044452667
5731,3208,5972,0.2825150191783905
5732,3208,4777,0.2825048267841339
5733,3208,3515,0.2824977934360504
5734,3208,6405,0.2824588418006897
5735,3208,5105,0.28229665756225586
5736,3208,936,0.2822754383087158
5737,3208,283,0.2822255492210388
5738,3208,2845,0.2821551263332367
5739,3208,5407,0.28208521008491516
5740,3208,6373,0.2819700837135315
5741,3208,5382,0.2819588780403137
5742,3208,1249,0.28190553188323975
5743,3208,2140,0.28180283308029175
5744,3208,3516,0.2817966341972351
5745,3208,6408,0.28173378109931946
5746,3208,6151,0.28170615434646606
5747,3208,2479,0.2815462350845337
5748,3208,386,0.2815208435058594
5749,3208,422,0.28151747584342957
5750,3208,2803,0.2815116047859192
5751,3208,191,0.28139397501945496
5752,3208,383,0.2813432812690735
5753,3208,2249,0.28131788969039917
5754,3208,1117,0.2812003791332245
5755,3208,6380,0.28112709522247314
5756,3208,1053,0.2811238169670105
5757,3208,2265,0.28104573488235474
5758,3208,3774,0.2808396816253662
5759,3208,2269,0.2807998061180115
5760,3208,655,0.2807392179965973
5761,3208,1183,0.2807255685329437
5762,3208,4352,0.28067564964294434
5763,3208,3435,0.28064024448394775
5764,3208,6129,0.2806040346622467
5765,3208,1926,0.2805899381637573
5766,3208,455,0.2804677188396454
5767,3208,6074,0.28039276599884033
5768,3208,2045,0.2803100645542145
5769,3208,5435,0.28018543124198914
5770,3208,1115,0.2801450192928314
5771,3208,3813,0.2801275849342346
5772,3208,1591,0.27992501854896545
5773,3208,4099,0.27991849184036255
5774,3208,836,0.2798042297363281
5775,3208,2460,0.27979734539985657
5776,3208,4430,0.2797767221927643
5777,3208,6190,0.27967458963394165
5778,3208,4465,0.27961570024490356
5779,3208,59,0.2796086072921753
5780,3208,111,0.279570996761322
5781,3208,1893,0.27949023246765137
5782,3208,0,0.2794441878795624
5783,3208,1060,0.27938809990882874
5784,3208,4593,0.27937042713165283
5785,3208,1245,0.2793447971343994
5786,3208,4645,0.279326468706131
5787,3208,3821,0.2793125510215759
5788,3208,3869,0.2793125510215759
5789,3208,108,0.27928927540779114
5790,3208,1223,0.2792769968509674
5791,3208,4695,0.279237300157547
5792,3208,4925,0.27915430068969727
5793,3208,2238,0.2790786623954773
5794,3208,1121,0.27904650568962097
5795,3208,429,0.27897340059280396
5796,3208,2787,0.2789415121078491
5797,3208,2792,0.27887246012687683
5798,3208,1871,0.27877047657966614
5799,3208,4575,0.27875348925590515
5800,3208,3791,0.27872830629348755
5801,3208,3860,0.27864378690719604
5802,3208,5448,0.2786385416984558
5803,3208,2533,0.27862533926963806
5804,3208,4494,0.27856895327568054
5805,3208,2139,0.2785443067550659
5806,3208,6360,0.27850306034088135
5807,3208,74,0.2784275710582733
5808,3208,2825,0.2782907485961914
5809,3208,2957,0.27823516726493835
5810,3208,2386,0.2781353294849396
5811,3208,6401,0.2781141698360443
5812,3208,408,0.2781078517436981
5813,3208,333,0.2780674695968628
5814,3208,2919,0.2779921889305115
5815,3208,182,0.27794700860977173
5816,3208,1686,0.277935653924942
5817,3208,521,0.2778930962085724
5818,3208,2325,0.2778622806072235
5819,3208,1176,0.2777847349643707
5820,3208,2207,0.2777424454689026
5821,3208,2505,0.2777424454689026
5822,3208,1233,0.27772656083106995
5823,3208,6096,0.27764493227005005
5824,3208,626,0.27758800983428955
5825,3208,1509,0.27752071619033813
5826,3208,731,0.2774814963340759
5827,3208,308,0.27735403180122375
5828,3208,365,0.2771010398864746
5829,3208,1693,0.277098685503006
5830,3208,1955,0.27703121304512024
5831,3208,2072,0.2769848108291626
5832,3208,2271,0.2769848108291626
5833,3208,2283,0.27692338824272156
5834,3208,5229,0.27685293555259705
5835,3208,2514,0.27684029936790466
5836,3208,4669,0.2768211364746094
5837,3208,1063,0.27671197056770325
5838,3208,1680,0.27656102180480957
5839,3208,4500,0.2765117287635803
5840,3208,81,0.27649039030075073
5841,3208,2688,0.2764105498790741
5842,3208,239,0.2763839364051819
5843,3208,2091,0.27632468938827515
5844,3208,352,0.27629318833351135
5845,3208,901,0.2762656807899475
5846,3208,2202,0.27622848749160767
5847,3208,1533,0.27584734559059143
5848,3208,1061,0.27572566270828247
5849,3208,411,0.27572259306907654
5850,3208,6362,0.2755759358406067
5851,3208,788,0.27552130818367004
5852,3208,282,0.2754833996295929
5853,3208,2445,0.2754821181297302
5854,3208,6162,0.2754509449005127
5855,3208,1688,0.27522826194763184
5856,3208,6149,0.2751559019088745
5857,3208,1131,0.2750968635082245
5858,3208,1921,0.27505064010620117
5859,3208,270,0.27503862977027893
5860,3208,2810,0.2750297486782074
5861,3208,2946,0.27501264214515686
5862,3208,2455,0.2749384939670563
5863,3208,3846,0.27485477924346924
5864,3208,364,0.274831086397171
5865,3208,52,0.2748297154903412
5866,3208,4655,0.2748248875141144
5867,3208,2061,0.27477818727493286
5868,3208,20,0.27476954460144043
5869,3208,506,0.2747179865837097
5870,3208,1963,0.27470386028289795
5871,3208,420,0.2745043933391571
5872,3208,256,0.2744269371032715
5873,3208,2601,0.2743757665157318
5874,3208,2667,0.27436375617980957
5875,3208,6057,0.27434465289115906
5876,3208,5424,0.27420657873153687
5877,3208,6390,0.27419865131378174
5878,3208,6415,0.2741621732711792
5879,3208,1832,0.274030476808548
5880,3208,2850,0.2740184962749481
5881,3208,343,0.2739153504371643
5882,3208,6409,0.2738851308822632
5883,3208,6379,0.273873895406723
5884,3208,3230,0.2738634943962097
5885,3208,2487,0.27380508184432983
5886,3208,3928,0.27364301681518555
5887,3208,6193,0.273631751537323
5888,3208,1209,0.27360856533050537
5889,3208,5,0.27352285385131836
5890,3208,4761,0.27349939942359924
5891,3208,2418,0.2734949290752411
5892,3208,6393,0.27340519428253174
5893,3208,6269,0.2733750343322754
5894,3208,6215,0.2732245624065399
5895,3208,5268,0.2732214033603668
5896,3208,2064,0.2730826139450073
5897,3208,5291,0.27307483553886414
5898,3208,5425,0.2730560302734375
5899,3208,4644,0.2730417847633362
5900,3208,3833,0.2729351818561554
5901,3208,1126,0.27279481291770935
5902,3208,2217,0.2727908194065094
5903,3208,322,0.27272871136665344
5904,3208,2802,0.27272552251815796
5905,3208,1214,0.272705614566803
5906,3208,6054,0.2726547420024872
5907,3208,1911,0.2726520001888275
5908,3208,5230,0.2726108431816101
5909,3208,4600,0.27255818247795105
5910,3208,5450,0.2725183367729187
5911,3208,3771,0.2724170386791229
5912,3208,5447,0.27241697907447815
5913,3208,4290,0.2724091410636902
5914,3208,315,0.27232056856155396
5915,3208,1542,0.272300660610199
5916,3208,1363,0.2721981704235077
5917,3208,1309,0.2721943259239197
5918,3208,1059,0.27216002345085144
5919,3208,1843,0.2721570134162903
5920,3208,101,0.2720341682434082
5921,3208,3849,0.27195483446121216
5922,3208,4633,0.27188825607299805
5923,3208,31,0.2718358039855957
5924,3208,493,0.2717910408973694
5925,3208,2275,0.2717706859111786
5926,3208,1780,0.2717144191265106
5927,3208,782,0.27160289883613586
5928,3208,5421,0.2715960741043091
5929,3208,132,0.27154025435447693
5930,3208,2065,0.27147936820983887
5931,3208,4431,0.2714598774909973
5932,3208,1961,0.27142441272735596
5933,3208,2177,0.27142441272735596
5934,3208,2341,0.27138376235961914
5935,3208,875,0.27135252952575684
5936,3208,6298,0.2713424861431122
5937,3208,4636,0.27127107977867126
5938,3208,1613,0.2712147831916809
5939,3208,6119,0.27112674713134766
5940,3208,4120,0.2711125314235687
5941,3208,1676,0.2711045444011688
5942,3208,6089,0.2709915339946747
5943,3208,6397,0.2709643244743347
5944,3208,40,0.2708646059036255
5945,3208,2282,0.2708343267440796
5946,3208,2329,0.2708328068256378
5947,3208,3377,0.27083224058151245
5948,3208,4399,0.270795077085495
5949,3208,3815,0.27077949047088623
5950,3208,1978,0.2707098126411438
5951,3208,1905,0.27070510387420654
5952,3208,6178,0.2704506516456604
5953,3208,2520,0.2704268991947174
5954,3208,1130,0.2704157531261444
5955,3208,6181,0.2704048156738281
5956,3208,1679,0.2702237665653229
5957,3208,1236,0.26999494433403015
5958,3208,4547,0.2699301838874817
5959,3208,2675,0.269837886095047
5960,3208,715,0.2698347866535187
5961,3208,4255,0.2697766423225403
5962,3208,4341,0.2697620093822479
5963,3208,3353,0.26971858739852905
5964,3208,1137,0.2696325480937958
5965,3208,4459,0.26959729194641113
5966,3208,4379,0.2695664167404175
5967,3208,1514,0.2694675326347351
5968,3208,2449,0.26945507526397705
5969,3208,2244,0.2694535255432129
5970,3208,5348,0.26942354440689087
5971,3208,4477,0.26937833428382874
5972,3208,1532,0.26937586069107056
5973,3208,2380,0.26933929324150085
5974,3208,135,0.2691633701324463
5975,3208,1143,0.2690165042877197
5976,3208,2419,0.26888373494148254
5977,3208,1703,0.2688215672969818
5978,3208,5367,0.26881834864616394
5979,3208,6121,0.2686355710029602
5980,3208,4400,0.26862868666648865
5981,3208,6350,0.26850226521492004
5982,3208,1819,0.26849400997161865
5983,3208,3447,0.26842668652534485
5984,3208,1656,0.26837894320487976
5985,3208,2261,0.26828718185424805
5986,3208,1999,0.26819416880607605
5987,3208,4670,0.2681523263454437
5988,3208,5226,0.26797643303871155
5989,3208,4677,0.2678982615470886
5990,3208,397,0.26787447929382324
5991,3208,679,0.26785343885421753
5992,3208,1135,0.2677607536315918
5993,3208,561,0.26748546957969666
5994,3208,4646,0.26740095019340515
5995,3208,1230,0.2673865258693695
5996,3208,2463,0.26714858412742615
5997,3208,421,0.267043799161911
5998,3208,566,0.2670106887817383
5999,3208,1231,0.2669726312160492
6000,3208,1193,0.2669726312160492
6001,3208,1983,0.2669248580932617
6002,3208,5296,0.2669197618961334
6003,3208,6368,0.26691722869873047
6004,3208,3697,0.26691633462905884
6005,3208,3595,0.26684558391571045
6006,3208,2305,0.26681429147720337
6007,3208,3696,0.26668015122413635
6008,3208,280,0.26656538248062134
6009,3208,5310,0.26654985547065735
6010,3208,4585,0.2665385603904724
6011,3208,44,0.26652759313583374
6012,3208,1250,0.26647382974624634
6013,3208,2410,0.26640036702156067
6014,3208,2312,0.26640036702156067
6015,3208,471,0.2663232386112213
6016,3208,807,0.2662854492664337
6017,3208,1537,0.2661028206348419
6018,3208,342,0.2660297453403473
6019,3208,5206,0.26601722836494446
6020,3208,290,0.2658804655075073
6021,3208,37,0.2658051550388336
6022,3208,473,0.2657585144042969
6023,3208,1942,0.26565656065940857
6024,3208,1682,0.2656319737434387
6025,3208,1243,0.2654762268066406
6026,3208,1153,0.2654266357421875
6027,3208,5445,0.2653356194496155
6028,3208,3553,0.26522892713546753
6029,3208,1854,0.2652202248573303
6030,3208,1915,0.26507875323295593
6031,3208,560,0.26505202054977417
6032,3208,2902,0.2648417055606842
6033,3208,2142,0.2648310959339142
6034,3208,6348,0.2646614909172058
6035,3208,4293,0.2644774317741394
6036,3208,2340,0.2644137144088745
6037,3208,1080,0.26438382267951965
6038,3208,6105,0.26435011625289917
6039,3208,1288,0.26429563760757446
6040,3208,5437,0.26408088207244873
6041,3208,2175,0.2639414966106415
6042,3208,1242,0.2639199197292328
6043,3208,3618,0.2637999653816223
6044,3208,3471,0.26364579796791077
6045,3208,398,0.26350829005241394
6046,3208,6133,0.2634109854698181
6047,3208,6110,0.2633851170539856
6048,3208,2434,0.26333752274513245
6049,3208,6398,0.26333093643188477
6050,3208,1704,0.26306819915771484
6051,3208,4445,0.26302704215049744
6052,3208,320,0.2628312110900879
6053,3208,4672,0.26277831196784973
6054,3208,826,0.26262736320495605
6055,3208,2179,0.26248541474342346
6056,3208,353,0.26239362359046936
6057,3208,1779,0.2623876929283142
6058,3208,3958,0.262353777885437
6059,3208,3336,0.2623312771320343
6060,3208,762,0.26209762692451477
6061,3208,4590,0.2620857357978821
6062,3208,3811,0.2620444893836975
6063,3208,338,0.262020081281662
6064,3208,793,0.26199212670326233
6065,3208,1922,0.26193490624427795
6066,3208,2115,0.261758953332901
6067,3208,1952,0.2617291510105133
6068,3208,2532,0.26171961426734924
6069,3208,4632,0.26170414686203003
6070,3208,4650,0.2616960108280182
6071,3208,2212,0.26167696714401245
6072,3208,2510,0.26167696714401245
6073,3208,6087,0.2615477740764618
6074,3208,4880,0.26150232553482056
6075,3208,4653,0.26142433285713196
6076,3208,1938,0.2614242434501648
6077,3208,406,0.26134634017944336
6078,3208,2388,0.26134246587753296
6079,3208,4480,0.26116105914115906
6080,3208,3273,0.2611384689807892
6081,3208,3261,0.26091456413269043
6082,3208,6352,0.2606699466705322
6083,3208,113,0.26066920161247253
6084,3208,6414,0.26049718260765076
6085,3208,2010,0.2604953944683075
6086,3208,36,0.2603823244571686
6087,3208,5477,0.26038065552711487
6088,3208,1224,0.26023367047309875
6089,3208,438,0.26020050048828125
6090,3208,3270,0.26014402508735657
6091,3208,6406,0.2600094676017761
6092,3208,5081,0.2599829435348511
6093,3208,288,0.259962260723114
6094,3208,6279,0.2599546015262604
6095,3208,1139,0.2599356174468994
6096,3208,1195,0.2598619759082794
6097,3208,2219,0.2597903907299042
6098,3208,3539,0.2597695291042328
6099,3208,755,0.2595939636230469
6100,3208,2053,0.25951632857322693
6101,3208,2424,0.259488582611084
6102,3208,740,0.2593187391757965
6103,3208,1924,0.25927478075027466
6104,3208,394,0.2592680752277374
6105,3208,1200,0.25925078988075256
6106,3208,1163,0.25920918583869934
6107,3208,6399,0.2591506838798523
6108,3208,5472,0.25886109471321106
6109,3208,3233,0.25882965326309204
6110,3208,329,0.25877416133880615
6111,3208,6400,0.2586795389652252
6112,3208,2403,0.2586709260940552
6113,3208,2866,0.25848716497421265
6114,3208,2281,0.25815001130104065
6115,3208,1831,0.25813940167427063
6116,3208,2878,0.2580859065055847
6117,3208,328,0.2580507695674896
6118,3208,4346,0.2580304443836212
6119,3208,6195,0.25795841217041016
6120,3208,4425,0.2579519748687744
6121,3208,5389,0.25788402557373047
6122,3208,80,0.25788089632987976
6123,3208,1579,0.2576880156993866
6124,3208,6326,0.25738582015037537
6125,3208,2335,0.2571885287761688
6126,3208,4442,0.25711148977279663
6127,3208,6159,0.25709760189056396
6128,3208,491,0.2569293677806854
6129,3208,65,0.2569146156311035
6130,3208,2789,0.25680339336395264
6131,3208,1240,0.25670740008354187
6132,3208,1674,0.2563001811504364
6133,3208,1152,0.2561856806278229
6134,3208,4607,0.2559226453304291
6135,3208,6210,0.2558411955833435
6136,3208,2372,0.25568097829818726
6137,3208,2414,0.25552254915237427
6138,3208,388,0.2554549276828766
6139,3208,6124,0.2553645074367523
6140,3208,407,0.2552449703216553
6141,3208,2003,0.2550628185272217
6142,3208,109,0.25497519969940186
6143,3208,4408,0.25494298338890076
6144,3208,1207,0.25481855869293213
6145,3208,6370,0.25476211309432983
6146,3208,2321,0.2546910047531128
6147,3208,1782,0.25466594099998474
6148,3208,448,0.2545919418334961
6149,3208,6339,0.25458040833473206
6150,3208,2457,0.25439855456352234
6151,3208,2467,0.25433897972106934
6152,3208,5469,0.25425779819488525
6153,3208,664,0.25425273180007935
6154,3208,1706,0.2542206048965454
6155,3208,943,0.25401467084884644
6156,3208,371,0.2538987100124359
6157,3208,6363,0.25379425287246704
6158,3208,2823,0.25372788310050964
6159,3208,4506,0.2537274658679962
6160,3208,1111,0.253661572933197
6161,3208,1158,0.25361067056655884
6162,3208,5111,0.2533266544342041
6163,3208,4504,0.2532934248447418
6164,3208,4453,0.2532276511192322
6165,3208,3556,0.2531317472457886
6166,3208,1211,0.25308293104171753
6167,3208,4662,0.25302770733833313
6168,3208,2833,0.25299978256225586
6169,3208,2903,0.2526392936706543
6170,3208,2116,0.25258052349090576
6171,3208,2350,0.2525755763053894
6172,3208,2364,0.2525351047515869
6173,3208,2373,0.25249606370925903
6174,3208,4337,0.2524753212928772
6175,3208,209,0.2524290978908539
6176,3208,3005,0.2524266839027405
6177,3208,6421,0.25239527225494385
6178,3208,6345,0.2523687183856964
6179,3208,1141,0.25234323740005493
6180,3208,4286,0.2521982192993164
6181,3208,2525,0.2519928812980652
6182,3208,4367,0.25185176730155945
6183,3208,2483,0.25173357129096985
6184,3208,3952,0.2516155242919922
6185,3208,2284,0.251615047454834
6186,3208,5466,0.25149449706077576
6187,3208,4684,0.2514355480670929
6188,3208,4486,0.2512419819831848
6189,3208,5278,0.25112855434417725
6190,3208,2002,0.2511080503463745
6191,3208,2149,0.25098446011543274
6192,3208,146,0.25098422169685364
6193,3208,1189,0.2508823573589325
6194,3208,1228,0.2508823573589325
6195,3208,6207,0.25085824728012085
6196,3208,3551,0.2507250905036926
6197,3208,2353,0.25068199634552
6198,3208,599,0.2506546378135681
6199,3208,2539,0.2504831552505493
6200,3208,1661,0.25047487020492554
6201,3208,4423,0.25029414892196655
6202,3208,97,0.2501392364501953
6203,3208,2345,0.24965281784534454
6204,3208,1235,0.249598428606987
6205,3208,6125,0.24959291517734528
6206,3208,6330,0.2495257407426834
6207,3208,1234,0.24946023523807526
6208,3208,4287,0.24928627908229828
6209,3208,4256,0.2486768513917923
6210,3208,754,0.24857813119888306
6211,3208,6118,0.2485540807247162
6212,3208,6113,0.24840490520000458
6213,3208,296,0.24816986918449402
6214,3208,4613,0.24815590679645538
6215,3208,4348,0.24788841605186462
6216,3208,2218,0.24784696102142334
6217,3208,1187,0.2477872669696808
6218,3208,2060,0.24773110449314117
6219,3208,2446,0.2476634532213211
6220,3208,1776,0.24757006764411926
6221,3208,935,0.24744637310504913
6222,3208,661,0.24734507501125336
6223,3208,237,0.24711079895496368
6224,3208,6141,0.2470562905073166
6225,3208,2398,0.2470245659351349
6226,3208,6153,0.2469860315322876
6227,3208,1668,0.24689137935638428
6228,3208,2310,0.24679024517536163
6229,3208,3228,0.24673831462860107
6230,3208,366,0.24673216044902802
6231,3208,2843,0.24671818315982819
6232,3208,2865,0.2465074211359024
6233,3208,45,0.246392160654068
6234,3208,3359,0.24599754810333252
6235,3208,4559,0.2459803968667984
6236,3208,6303,0.2459692358970642
6237,3208,1229,0.24594417214393616
6238,3208,2819,0.2458430826663971
6239,3208,4604,0.24565714597702026
6240,3208,3459,0.24565090239048004
6241,3208,1709,0.24550502002239227
6242,3208,3020,0.24530437588691711
6243,3208,2247,0.24503593146800995
6244,3208,2227,0.24501879513263702
6245,3208,4467,0.24501144886016846
6246,3208,1182,0.24476028978824615
6247,3208,3950,0.24459241330623627
6248,3208,2502,0.24434894323349
6249,3208,6328,0.2441382110118866
6250,3208,481,0.24408936500549316
6251,3208,1192,0.24399571120738983
6252,3208,5475,0.24389611184597015
6253,3208,6305,0.24373896420001984
6254,3208,5239,0.24370595812797546
6255,3208,4375,0.24314086139202118
6256,3208,1169,0.24296998977661133
6257,3208,217,0.24286018311977386
6258,3208,2468,0.24281100928783417
6259,3208,1148,0.24241821467876434
6260,3208,6206,0.24234770238399506
6261,3208,1073,0.2423345446586609
6262,3208,2407,0.24221722781658173
6263,3208,724,0.24208994209766388
6264,3208,1184,0.2419780194759369
6265,3208,5470,0.24184566736221313
6266,3208,1936,0.24144907295703888
6267,3208,330,0.24140565097332
6268,3208,6253,0.2413160800933838
6269,3208,2326,0.24099139869213104
6270,3208,4409,0.2407492697238922
6271,3208,5471,0.2407030314207077
6272,3208,4370,0.24056658148765564
6273,3208,1237,0.24050958454608917
6274,3208,1190,0.24050958454608917
6275,3208,2333,0.24041827023029327
6276,3208,6389,0.240303635597229
6277,3208,1129,0.24017256498336792
6278,3208,2829,0.24015448987483978
6279,3208,2258,0.24003204703330994
6280,3208,202,0.23995304107666016
6281,3208,2215,0.23989002406597137
6282,3208,2893,0.23984338343143463
6283,3208,4596,0.23983553051948547
6284,3208,6176,0.2397306114435196
6285,3208,4281,0.23965167999267578
6286,3208,6420,0.23950622975826263
6287,3208,1366,0.23940512537956238
6288,3208,6419,0.2390342354774475
6289,3208,2389,0.23884274065494537
6290,3208,4487,0.2386649250984192
6291,3208,864,0.23845094442367554
6292,3208,115,0.2383754402399063
6293,3208,1114,0.23818626999855042
6294,3208,206,0.23817548155784607
6295,3208,6061,0.23789763450622559
6296,3208,2970,0.2377118617296219
6297,3208,6385,0.23762620985507965
6298,3208,6332,0.23748545348644257
6299,3208,6384,0.23736540973186493
6300,3208,6145,0.2373114973306656
6301,3208,6244,0.23687733709812164
6302,3208,6309,0.2366790622472763
6303,3208,2337,0.23594090342521667
6304,3208,2412,0.23590543866157532
6305,3208,2535,0.2358374446630478
6306,3208,5762,0.2353164404630661
6307,3208,2347,0.23530665040016174
6308,3208,2399,0.23511603474617004
6309,3208,601,0.2348872572183609
6310,3208,2393,0.23467525839805603
6311,3208,118,0.23456250131130219
6312,3208,4484,0.2343660444021225
6313,3208,2374,0.23430611193180084
6314,3208,5250,0.23422010242938995
6315,3208,2462,0.23406846821308136
6316,3208,400,0.23399914801120758
6317,3208,2458,0.23380689322948456
6318,3208,4671,0.23376020789146423
6319,3208,1260,0.233682781457901
6320,3208,3936,0.23362363874912262
6321,3208,319,0.23358957469463348
6322,3208,6172,0.23177309334278107
6323,3208,1203,0.23147788643836975
6324,3208,1150,0.23135001957416534
6325,3208,3855,0.23127515614032745
6326,3208,3365,0.23075269162654877
6327,3208,425,0.23060865700244904
6328,3208,1785,0.23057766258716583
6329,3208,5391,0.22995449602603912
6330,3208,4289,0.2299012839794159
6331,3208,489,0.22980950772762299
6332,3208,3456,0.2296014279127121
6333,3208,4417,0.2295510470867157
6334,3208,3234,0.22945117950439453
6335,3208,6356,0.22940681874752045
6336,3208,447,0.2288280874490738
6337,3208,4586,0.22880840301513672
6338,3208,1678,0.22787901759147644
6339,3208,833,0.22763340175151825
6340,3208,2295,0.22755004465579987
6341,3208,1655,0.2274949997663498
6342,3208,2151,0.2273932844400406
6343,3208,1663,0.22693219780921936
6344,3208,302,0.22681379318237305
6345,3208,3948,0.22662314772605896
6346,3208,6204,0.22636382281780243
6347,3208,1112,0.2253880351781845
6348,3208,6156,0.2246769517660141
6349,3208,4376,0.22452306747436523
6350,3208,2824,0.2241559624671936
6351,3208,881,0.2239852398633957
6352,3208,6064,0.22331950068473816
6353,3208,1168,0.2229767143726349
6354,3208,129,0.22289563715457916
6355,3208,2436,0.22235611081123352
6356,3208,385,0.22235284745693207
6357,3208,6068,0.22219862043857574
6358,3208,858,0.22215382754802704
6359,3208,6161,0.22200621664524078
6360,3208,2406,0.22197537124156952
6361,3208,2348,0.22166579961776733
6362,3208,1194,0.22127275168895721
6363,3208,1226,0.22127275168895721
6364,3208,3803,0.22109606862068176
6365,3208,592,0.22108107805252075
6366,3208,6083,0.22049447894096375
6367,3208,1162,0.22049303352832794
6368,3208,1219,0.22011657059192657
6369,3208,1171,0.2198527455329895
6370,3208,6375,0.2195548713207245
6371,3208,2480,0.21939478814601898
6372,3208,6394,0.21895545721054077
6373,3208,6321,0.21814414858818054
6374,3208,606,0.21808455884456635
6375,3208,4505,0.21807861328125
6376,3208,46,0.21755944192409515
6377,3208,2451,0.2162860929965973
6378,3208,6259,0.21598361432552338
6379,3208,4625,0.21544668078422546
6380,3208,6146,0.21533864736557007
6381,3208,6171,0.21451430022716522
6382,3208,5316,0.21447953581809998
6383,3208,4557,0.21415501832962036
6384,3208,2516,0.21338783204555511
6385,3208,2408,0.21276423335075378
6386,3208,1370,0.2118472307920456
6387,3208,2066,0.211790069937706
6388,3208,1172,0.21047557890415192
6389,3208,114,0.21025703847408295
6390,3208,4371,0.21022894978523254
6391,3208,2318,0.20970751345157623
6392,3208,1159,0.20967058837413788
6393,3208,2339,0.20963607728481293
6394,3208,3582,0.20961087942123413
6395,3208,1784,0.20938508212566376
6396,3208,2259,0.20923440158367157
6397,3208,2210,0.2088720053434372
6398,3208,1175,0.2080029994249344
6399,3208,860,0.20523115992546082
6400,3208,1170,0.20516180992126465
6401,3208,96,0.20494191348552704
6402,3208,4569,0.20484602451324463
6403,3208,751,0.20402896404266357
6404,3208,4699,0.20401927828788757
6405,3208,2204,0.20394766330718994
6406,3208,6403,0.20356285572052002
6407,3208,5468,0.2025565654039383
6408,3208,4620,0.20210430026054382
6409,3208,1166,0.20178091526031494
6410,3208,2122,0.2009824961423874
6411,3208,2280,0.19980262219905853
6412,3208,6208,0.19885367155075073
6413,3208,2836,0.1986246556043625
6414,3208,2909,0.19747690856456757
6415,3208,2309,0.19607777893543243
6416,3208,1459,0.19600720703601837
6417,3208,2294,0.19573524594306946
6418,3208,2431,0.1937689632177353
6419,3208,128,0.19173136353492737
6420,3208,112,0.1907961219549179
6421,3208,1321,0.19027279317378998
6422,3208,6175,0.18796366453170776
6423,3208,2169,0.18294213712215424
6424,3208,299,0.17574207484722137
6425,3208,2362,0.15409718453884125
