,target_num,prod_num,similarity
0,5462,5462,1.0000001192092896
1,5462,924,0.6927980780601501
2,5462,2803,0.6753673553466797
3,5462,1667,0.6744253039360046
4,5462,1202,0.6619070172309875
5,5462,1398,0.6597815752029419
6,5462,1591,0.6574677228927612
7,5462,1671,0.6545640826225281
8,5462,2925,0.6518662571907043
9,5462,869,0.6479417681694031
10,5462,4730,0.6466473937034607
11,5462,502,0.6466048359870911
12,5462,1502,0.6464905142784119
13,5462,4515,0.6461135149002075
14,5462,3336,0.6455578207969666
15,5462,3802,0.6444737315177917
16,5462,2875,0.6407127976417542
17,5462,1579,0.6399766206741333
18,5462,3072,0.6387331485748291
19,5462,1818,0.6377887725830078
20,5462,3036,0.6374796032905579
21,5462,1704,0.6362587213516235
22,5462,5003,0.6339250206947327
23,5462,3131,0.6293335556983948
24,5462,798,0.6285176277160645
25,5462,16,0.6283568739891052
26,5462,1674,0.6279646158218384
27,5462,1906,0.6265518069267273
28,5462,678,0.623445987701416
29,5462,347,0.6214732527732849
30,5462,5095,0.6213201880455017
31,5462,5895,0.6205586791038513
32,5462,846,0.6202684640884399
33,5462,285,0.6193034052848816
34,5462,1182,0.6180877089500427
35,5462,5633,0.6170018911361694
36,5462,1575,0.6165836453437805
37,5462,5452,0.6159588098526001
38,5462,3996,0.6157394051551819
39,5462,5218,0.6155518293380737
40,5462,427,0.6147600412368774
41,5462,380,0.6141328811645508
42,5462,1826,0.6129741668701172
43,5462,3375,0.612016499042511
44,5462,941,0.6118693947792053
45,5462,5474,0.610647439956665
46,5462,5793,0.6102470755577087
47,5462,4937,0.6099241375923157
48,5462,1492,0.6092549562454224
49,5462,1534,0.6087514758110046
50,5462,2594,0.6086620688438416
51,5462,2963,0.6073544025421143
52,5462,3017,0.6070200204849243
53,5462,3573,0.6054902672767639
54,5462,2629,0.6053997874259949
55,5462,5079,0.6051533818244934
56,5462,3100,0.60318523645401
57,5462,818,0.6030973792076111
58,5462,3950,0.6016557812690735
59,5462,1177,0.6012257933616638
60,5462,6037,0.5998351573944092
61,5462,5204,0.5989686846733093
62,5462,5446,0.5989372730255127
63,5462,1821,0.5987020134925842
64,5462,1709,0.5976353287696838
65,5462,5453,0.5959208607673645
66,5462,5148,0.5955330729484558
67,5462,3273,0.5954166650772095
68,5462,1506,0.5949590802192688
69,5462,377,0.5949044227600098
70,5462,1139,0.5932162404060364
71,5462,1049,0.5929175615310669
72,5462,91,0.5918459892272949
73,5462,4892,0.5906020402908325
74,5462,3326,0.5903273224830627
75,5462,1592,0.5898681282997131
76,5462,1418,0.5884885191917419
77,5462,1426,0.5883198380470276
78,5462,4209,0.5876835584640503
79,5462,3723,0.5864300727844238
80,5462,1060,0.5862208604812622
81,5462,2907,0.5858082175254822
82,5462,1698,0.5854545831680298
83,5462,3306,0.5844258666038513
84,5462,3654,0.5838547348976135
85,5462,3041,0.5835404992103577
86,5462,821,0.5818551182746887
87,5462,3069,0.5815114974975586
88,5462,2839,0.5814790725708008
89,5462,5597,0.579573392868042
90,5462,206,0.579427182674408
91,5462,4716,0.5793606638908386
92,5462,802,0.5793444514274597
93,5462,3620,0.5793191194534302
94,5462,318,0.5780982375144958
95,5462,5302,0.5779990553855896
96,5462,5256,0.5779194235801697
97,5462,5357,0.5778099298477173
98,5462,5202,0.5776322484016418
99,5462,1581,0.5767812728881836
100,5462,3828,0.5767574310302734
101,5462,5440,0.5759885311126709
102,5462,3365,0.5759755969047546
103,5462,5319,0.5759727358818054
104,5462,3218,0.5759459733963013
105,5462,5231,0.5757420063018799
106,5462,4900,0.5756080150604248
107,5462,5342,0.5755380392074585
108,5462,1424,0.575369656085968
109,5462,1695,0.5753137469291687
110,5462,2698,0.5749645829200745
111,5462,3330,0.5748006105422974
112,5462,1300,0.574546754360199
113,5462,1269,0.5742468237876892
114,5462,3855,0.574239194393158
115,5462,1365,0.5741310119628906
116,5462,1293,0.5741027593612671
117,5462,5158,0.5737026929855347
118,5462,1702,0.573034942150116
119,5462,4635,0.5730140805244446
120,5462,2989,0.5730003118515015
121,5462,268,0.5729018449783325
122,5462,3221,0.5725328326225281
123,5462,1653,0.5720282793045044
124,5462,5429,0.571994423866272
125,5462,2806,0.5718590021133423
126,5462,2796,0.571068286895752
127,5462,3680,0.570866048336029
128,5462,2675,0.5703728199005127
129,5462,2882,0.5701183080673218
130,5462,1680,0.5700874328613281
131,5462,25,0.5699779987335205
132,5462,69,0.569815993309021
133,5462,3786,0.569528341293335
134,5462,5435,0.5692110061645508
135,5462,5916,0.5690162777900696
136,5462,1184,0.5688679814338684
137,5462,827,0.5682962536811829
138,5462,5265,0.5681402087211609
139,5462,2623,0.5677819848060608
140,5462,1270,0.5676088929176331
141,5462,3894,0.5668523907661438
142,5462,2567,0.5664947032928467
143,5462,5445,0.566455066204071
144,5462,940,0.5661742687225342
145,5462,5165,0.5660922527313232
146,5462,4206,0.5652660727500916
147,5462,5176,0.5651382803916931
148,5462,518,0.565105140209198
149,5462,3363,0.565083920955658
150,5462,2955,0.5645323395729065
151,5462,5449,0.5641080737113953
152,5462,5088,0.5637019872665405
153,5462,1135,0.5635644197463989
154,5462,1584,0.5634186863899231
155,5462,679,0.563411295413971
156,5462,937,0.5628824234008789
157,5462,5932,0.562862753868103
158,5462,5796,0.562657356262207
159,5462,3379,0.5626233220100403
160,5462,5479,0.5619917511940002
161,5462,1652,0.5618981122970581
162,5462,3098,0.5611817240715027
163,5462,609,0.5611523985862732
164,5462,3957,0.5608107447624207
165,5462,943,0.5603237152099609
166,5462,3373,0.5600898265838623
167,5462,1449,0.5599826574325562
168,5462,6243,0.55966717004776
169,5462,5197,0.5588191151618958
170,5462,3766,0.5587390065193176
171,5462,1512,0.5584746599197388
172,5462,1650,0.5582932829856873
173,5462,1405,0.5580928921699524
174,5462,1299,0.5579158663749695
175,5462,5382,0.557913064956665
176,5462,775,0.5577849745750427
177,5462,837,0.5577557682991028
178,5462,11,0.557754635810852
179,5462,3877,0.5577223300933838
180,5462,5657,0.5575440526008606
181,5462,1707,0.5574386715888977
182,5462,4235,0.5574126839637756
183,5462,4018,0.5569778680801392
184,5462,1363,0.5567875504493713
185,5462,5448,0.5567137002944946
186,5462,3226,0.5564770698547363
187,5462,792,0.5561084747314453
188,5462,1274,0.5560336709022522
189,5462,3445,0.5559555888175964
190,5462,2826,0.5555890798568726
191,5462,5296,0.5555260181427002
192,5462,2754,0.555259644985199
193,5462,3294,0.5549808740615845
194,5462,2920,0.5546740889549255
195,5462,5659,0.5545116662979126
196,5462,2945,0.5542119145393372
197,5462,240,0.5539673566818237
198,5462,5314,0.5537665486335754
199,5462,105,0.5527722239494324
200,5462,1681,0.552208662033081
201,5462,5943,0.5521635413169861
202,5462,5290,0.5521532893180847
203,5462,4043,0.5520899295806885
204,5462,5463,0.5519428849220276
205,5462,5410,0.5514724254608154
206,5462,4740,0.5514261722564697
207,5462,5450,0.5510541796684265
208,5462,349,0.5510193109512329
209,5462,5135,0.5509139895439148
210,5462,1660,0.5507761240005493
211,5462,1330,0.550759494304657
212,5462,2833,0.5505339503288269
213,5462,4711,0.5504685640335083
214,5462,5318,0.5498894453048706
215,5462,4153,0.5492993593215942
216,5462,4551,0.5492555499076843
217,5462,5447,0.5492352247238159
218,5462,2854,0.5491786599159241
219,5462,902,0.5491182208061218
220,5462,4818,0.5487281084060669
221,5462,4782,0.5485059022903442
222,5462,5316,0.5483606457710266
223,5462,3263,0.5480843186378479
224,5462,3474,0.5477619767189026
225,5462,282,0.5476642847061157
226,5462,1588,0.5476168990135193
227,5462,5882,0.5474479794502258
228,5462,5222,0.5473716855049133
229,5462,918,0.5472728610038757
230,5462,5205,0.547243595123291
231,5462,3068,0.5470640063285828
232,5462,5111,0.5466745495796204
233,5462,4046,0.5464367866516113
234,5462,1289,0.5461020469665527
235,5462,4042,0.5459031462669373
236,5462,4529,0.5456977486610413
237,5462,1416,0.5451388359069824
238,5462,1179,0.5448170900344849
239,5462,5281,0.5448053479194641
240,5462,1429,0.5447601079940796
241,5462,944,0.5444219708442688
242,5462,3681,0.5443152189254761
243,5462,4258,0.5441300272941589
244,5462,2818,0.5439520478248596
245,5462,2316,0.5437643527984619
246,5462,4978,0.5437238216400146
247,5462,5471,0.5436189770698547
248,5462,2621,0.5436145663261414
249,5462,1679,0.5436121821403503
250,5462,841,0.5435668230056763
251,5462,1700,0.5434882640838623
252,5462,1412,0.5433821082115173
253,5462,6358,0.5432387590408325
254,5462,5890,0.5429577231407166
255,5462,5367,0.5429028272628784
256,5462,5675,0.5427255034446716
257,5462,3742,0.5424101948738098
258,5462,5388,0.5422408580780029
259,5462,3233,0.541835606098175
260,5462,2878,0.5414613485336304
261,5462,362,0.5413196086883545
262,5462,5217,0.541161298751831
263,5462,3292,0.5404924154281616
264,5462,3864,0.5402214527130127
265,5462,2928,0.5401117205619812
266,5462,2651,0.539917528629303
267,5462,5733,0.5396873354911804
268,5462,1263,0.5395970940589905
269,5462,5214,0.5392047166824341
270,5462,3553,0.5391258001327515
271,5462,1262,0.5389809012413025
272,5462,2538,0.5387296676635742
273,5462,1515,0.5385164022445679
274,5462,3705,0.5384007096290588
275,5462,4788,0.5383233428001404
276,5462,3160,0.5380856394767761
277,5462,2699,0.5379078388214111
278,5462,429,0.5377973914146423
279,5462,209,0.5372163653373718
280,5462,948,0.5370187163352966
281,5462,5246,0.5365638732910156
282,5462,100,0.5359882116317749
283,5462,290,0.5359387397766113
284,5462,147,0.5359252095222473
285,5462,543,0.5357571244239807
286,5462,3440,0.5356563925743103
287,5462,1296,0.5355568528175354
288,5462,3345,0.5351994633674622
289,5462,1561,0.5349494814872742
290,5462,5999,0.5347388386726379
291,5462,1001,0.5345714092254639
292,5462,1484,0.534258246421814
293,5462,2938,0.5341283082962036
294,5462,2363,0.5339898467063904
295,5462,1523,0.53388911485672
296,5462,5335,0.5336231589317322
297,5462,5434,0.5335686206817627
298,5462,3438,0.5332121849060059
299,5462,1811,0.5331287384033203
300,5462,3437,0.532949686050415
301,5462,1052,0.5329108238220215
302,5462,5438,0.5329101085662842
303,5462,36,0.5329037308692932
304,5462,4750,0.5327566862106323
305,5462,5406,0.5327390432357788
306,5462,3073,0.5324581861495972
307,5462,5930,0.5319523811340332
308,5462,3262,0.5317898392677307
309,5462,1706,0.5312559008598328
310,5462,1496,0.5311847925186157
311,5462,969,0.5310868620872498
312,5462,1612,0.5307220816612244
313,5462,2706,0.53068608045578
314,5462,949,0.5305261015892029
315,5462,1039,0.5305140018463135
316,5462,1266,0.5304813981056213
317,5462,5427,0.5304310917854309
318,5462,5243,0.5302290916442871
319,5462,1693,0.5301099419593811
320,5462,2795,0.529908299446106
321,5462,5338,0.5298494100570679
322,5462,2957,0.5295059084892273
323,5462,1950,0.5294466018676758
324,5462,2910,0.5290427803993225
325,5462,1580,0.5288363099098206
326,5462,3891,0.5285482406616211
327,5462,4222,0.5284565091133118
328,5462,3130,0.5283387303352356
329,5462,1371,0.5283035039901733
330,5462,1655,0.5282949209213257
331,5462,1696,0.5279340744018555
332,5462,1944,0.5278079509735107
333,5462,52,0.527760922908783
334,5462,3323,0.5274583101272583
335,5462,398,0.527288556098938
336,5462,4195,0.5270519852638245
337,5462,2855,0.5268826484680176
338,5462,1466,0.5268300771713257
339,5462,847,0.5268218517303467
340,5462,5443,0.5267471075057983
341,5462,3813,0.5266509056091309
342,5462,5015,0.5265215039253235
343,5462,3314,0.5264325737953186
344,5462,2667,0.5264005064964294
345,5462,2430,0.526282548904419
346,5462,5517,0.5258247256278992
347,5462,3953,0.525368869304657
348,5462,5888,0.5252547264099121
349,5462,3349,0.5247925519943237
350,5462,5389,0.5247798562049866
351,5462,3736,0.5246208310127258
352,5462,2164,0.524511456489563
353,5462,3318,0.5244044661521912
354,5462,5282,0.5243765711784363
355,5462,3087,0.5242556929588318
356,5462,1414,0.5241668224334717
357,5462,3105,0.5240920782089233
358,5462,4720,0.5240312218666077
359,5462,644,0.5239701867103577
360,5462,1149,0.523849368095398
361,5462,5186,0.5238339304924011
362,5462,3240,0.5235633850097656
363,5462,640,0.5234654545783997
364,5462,3516,0.5234604477882385
365,5462,1827,0.5234509110450745
366,5462,1033,0.5228745937347412
367,5462,4701,0.5228325724601746
368,5462,2852,0.5227075219154358
369,5462,4734,0.5224880576133728
370,5462,720,0.5224562883377075
371,5462,5320,0.5224178433418274
372,5462,3616,0.5221133232116699
373,5462,1030,0.5220589637756348
374,5462,1432,0.5220227241516113
375,5462,263,0.5218543410301208
376,5462,676,0.5218416452407837
377,5462,5083,0.5216401219367981
378,5462,4480,0.5215687155723572
379,5462,3454,0.5213990211486816
380,5462,3229,0.5212817192077637
381,5462,1027,0.5210378170013428
382,5462,2648,0.5208680033683777
383,5462,1657,0.5208207964897156
384,5462,2486,0.5207273960113525
385,5462,2632,0.5205124020576477
386,5462,3270,0.5202241539955139
387,5462,2654,0.5202218294143677
388,5462,2155,0.5201849341392517
389,5462,4644,0.5201334953308105
390,5462,5213,0.5201265215873718
391,5462,5437,0.5199678540229797
392,5462,4241,0.5189446806907654
393,5462,5805,0.5188823938369751
394,5462,1454,0.5188255310058594
395,5462,1658,0.518678605556488
396,5462,5132,0.518645167350769
397,5462,2234,0.5184875130653381
398,5462,2666,0.5184180736541748
399,5462,6073,0.518369734287262
400,5462,3255,0.5182656049728394
401,5462,4742,0.5180107355117798
402,5462,2548,0.5180068016052246
403,5462,5957,0.5177823901176453
404,5462,2874,0.5177420973777771
405,5462,4808,0.5177300572395325
406,5462,5113,0.5177206993103027
407,5462,2705,0.5175796747207642
408,5462,5475,0.5173237919807434
409,5462,1803,0.5172909498214722
410,5462,4021,0.5172901749610901
411,5462,1137,0.5171106457710266
412,5462,2693,0.5170530676841736
413,5462,1668,0.5169389843940735
414,5462,3244,0.5168175101280212
415,5462,4547,0.516798198223114
416,5462,3374,0.5167750120162964
417,5462,5229,0.5167509913444519
418,5462,5143,0.5167443156242371
419,5462,4533,0.5165316462516785
420,5462,1012,0.5161910653114319
421,5462,4011,0.5161443948745728
422,5462,4721,0.5160076022148132
423,5462,2678,0.5158529281616211
424,5462,3712,0.51576828956604
425,5462,2298,0.5155231952667236
426,5462,5833,0.5155175924301147
427,5462,4784,0.5152971148490906
428,5462,2140,0.5149017572402954
429,5462,1326,0.51486736536026
430,5462,3692,0.5147227048873901
431,5462,1520,0.5146540999412537
432,5462,1682,0.51446533203125
433,5462,1251,0.5142118334770203
434,5462,1514,0.5138193964958191
435,5462,1281,0.5137796401977539
436,5462,2109,0.5137717127799988
437,5462,5144,0.5134013891220093
438,5462,1077,0.513312816619873
439,5462,1689,0.5130500197410583
440,5462,2635,0.5129016637802124
441,5462,1395,0.5128917694091797
442,5462,2646,0.5127874612808228
443,5462,1842,0.5127860903739929
444,5462,3980,0.5126112699508667
445,5462,5208,0.5121528506278992
446,5462,3668,0.5120256543159485
447,5462,94,0.5119398236274719
448,5462,772,0.5115277767181396
449,5462,551,0.5115146040916443
450,5462,3367,0.5112947821617126
451,5462,3422,0.5111954808235168
452,5462,2831,0.5110473036766052
453,5462,1450,0.5110071897506714
454,5462,957,0.5108050107955933
455,5462,6144,0.5107240676879883
456,5462,423,0.5104100108146667
457,5462,3643,0.5103994607925415
458,5462,4239,0.5102921724319458
459,5462,4246,0.510280430316925
460,5462,1848,0.5102606415748596
461,5462,3083,0.5102074146270752
462,5462,4108,0.50998455286026
463,5462,4714,0.5099165439605713
464,5462,3674,0.5098640322685242
465,5462,1294,0.5098593831062317
466,5462,549,0.5097957849502563
467,5462,2386,0.5092798471450806
468,5462,5407,0.509211003780365
469,5462,3527,0.5090789198875427
470,5462,5395,0.5089841485023499
471,5462,1499,0.5088647603988647
472,5462,3179,0.5087143182754517
473,5462,4444,0.5085626244544983
474,5462,1002,0.5085586905479431
475,5462,1322,0.5085349678993225
476,5462,3621,0.508353590965271
477,5462,4414,0.5082904696464539
478,5462,1549,0.5081347227096558
479,5462,23,0.5080698132514954
480,5462,5215,0.5080189108848572
481,5462,3697,0.5079513192176819
482,5462,1460,0.5078858137130737
483,5462,5151,0.5077711939811707
484,5462,1871,0.507688581943512
485,5462,901,0.5076858997344971
486,5462,5390,0.5076581835746765
487,5462,5175,0.5075947642326355
488,5462,75,0.5075375437736511
489,5462,1624,0.5071653723716736
490,5462,5598,0.5071531534194946
491,5462,1422,0.5069177150726318
492,5462,3791,0.5068122148513794
493,5462,965,0.5067787766456604
494,5462,1341,0.5067263841629028
495,5462,893,0.5066618919372559
496,5462,3949,0.5065335631370544
497,5462,1042,0.5065056085586548
498,5462,1286,0.5064112544059753
499,5462,3797,0.506258487701416
500,5462,269,0.5061506032943726
501,5462,1366,0.5058594346046448
502,5462,1415,0.505832314491272
503,5462,3381,0.5056796073913574
504,5462,4848,0.5055992007255554
505,5462,5221,0.5055933594703674
506,5462,3740,0.5052966475486755
507,5462,4925,0.505212128162384
508,5462,1677,0.5051378607749939
509,5462,5467,0.5048693418502808
510,5462,3056,0.5047807693481445
511,5462,730,0.5045696496963501
512,5462,3159,0.5043490529060364
513,5462,5330,0.5043080449104309
514,5462,3726,0.5042834281921387
515,5462,913,0.5042413473129272
516,5462,5436,0.5035626888275146
517,5462,1678,0.5035343766212463
518,5462,3789,0.5034888386726379
519,5462,550,0.5031304359436035
520,5462,3343,0.5031176805496216
521,5462,3774,0.502668023109436
522,5462,5033,0.5026427507400513
523,5462,1885,0.5024443864822388
524,5462,4536,0.5023802518844604
525,5462,3778,0.5022532343864441
526,5462,3588,0.5020384192466736
527,5462,1128,0.5019841194152832
528,5462,4949,0.5018354058265686
529,5462,2943,0.5018277764320374
530,5462,4032,0.5017876625061035
531,5462,5444,0.5017666220664978
532,5462,5298,0.5017127394676208
533,5462,3347,0.5015208721160889
534,5462,919,0.5015134811401367
535,5462,568,0.5013436079025269
536,5462,1092,0.5010748505592346
537,5462,281,0.500991702079773
538,5462,6194,0.5009647011756897
539,5462,2272,0.500928521156311
540,5462,1265,0.500882089138031
541,5462,1611,0.5007292628288269
542,5462,317,0.500677227973938
543,5462,3433,0.5005307197570801
544,5462,3618,0.5004938244819641
545,5462,2688,0.5004542469978333
546,5462,1403,0.500236988067627
547,5462,4022,0.500078558921814
548,5462,3626,0.5000439286231995
549,5462,2757,0.4999474287033081
550,5462,1254,0.49973028898239136
551,5462,3287,0.49972543120384216
552,5462,2636,0.4995594322681427
553,5462,22,0.49953895807266235
554,5462,3402,0.49952998757362366
555,5462,4416,0.4994834065437317
556,5462,2896,0.49944746494293213
557,5462,3288,0.4990737736225128
558,5462,3700,0.49898338317871094
559,5462,3450,0.498814195394516
560,5462,28,0.4988028109073639
561,5462,1971,0.49860110878944397
562,5462,3372,0.49847662448883057
563,5462,5477,0.4983521103858948
564,5462,3863,0.49830809235572815
565,5462,4271,0.4982980787754059
566,5462,1662,0.49819567799568176
567,5462,4754,0.4981551468372345
568,5462,5235,0.49814996123313904
569,5462,4776,0.49814504384994507
570,5462,5418,0.49798300862312317
571,5462,5456,0.4979482591152191
572,5462,4006,0.49789926409721375
573,5462,3219,0.49778059124946594
574,5462,4722,0.4977506697177887
575,5462,890,0.4976554811000824
576,5462,1643,0.49755924940109253
577,5462,1516,0.49745973944664
578,5462,5350,0.49743273854255676
579,5462,4278,0.49740272760391235
580,5462,4244,0.49740156531333923
581,5462,5067,0.4973371624946594
582,5462,5092,0.4973237216472626
583,5462,5373,0.4972224831581116
584,5462,4751,0.4971904754638672
585,5462,1609,0.4971272051334381
586,5462,5188,0.49699294567108154
587,5462,1389,0.4969906210899353
588,5462,2011,0.49697691202163696
589,5462,1260,0.4967462420463562
590,5462,5786,0.49670276045799255
591,5462,5226,0.49655506014823914
592,5462,1473,0.4965534508228302
593,5462,2645,0.4964584708213806
594,5462,1898,0.4964560866355896
595,5462,1675,0.49644702672958374
596,5462,2056,0.49639326333999634
597,5462,3714,0.4963862895965576
598,5462,3339,0.496268093585968
599,5462,1744,0.4962517023086548
600,5462,4050,0.4961417615413666
601,5462,4651,0.4960210919380188
602,5462,3331,0.49589353799819946
603,5462,394,0.49588802456855774
604,5462,3984,0.49586349725723267
605,5462,3936,0.495788037776947
606,5462,4665,0.49572911858558655
607,5462,1872,0.49569106101989746
608,5462,4356,0.4956371784210205
609,5462,5273,0.49561136960983276
610,5462,1446,0.4955116808414459
611,5462,4735,0.4954855144023895
612,5462,1522,0.495342493057251
613,5462,5878,0.4952538013458252
614,5462,5628,0.495128333568573
615,5462,3951,0.4946538209915161
616,5462,898,0.49463382363319397
617,5462,3301,0.49451330304145813
618,5462,2434,0.4945076107978821
619,5462,4483,0.494444340467453
620,5462,4777,0.49441391229629517
621,5462,6231,0.49439483880996704
622,5462,2110,0.49437379837036133
623,5462,2516,0.4943215250968933
624,5462,4237,0.4942436218261719
625,5462,3276,0.494196355342865
626,5462,3344,0.4941844344139099
627,5462,5331,0.4940301179885864
628,5462,1883,0.4940212666988373
629,5462,2385,0.4939270615577698
630,5462,3430,0.4939071834087372
631,5462,4003,0.4937596619129181
632,5462,5212,0.4935306906700134
633,5462,570,0.4933682084083557
634,5462,5421,0.4933563768863678
635,5462,3733,0.4933384358882904
636,5462,5378,0.49329543113708496
637,5462,2144,0.4932771325111389
638,5462,4534,0.49296119809150696
639,5462,2797,0.49290868639945984
640,5462,1392,0.49283790588378906
641,5462,840,0.4928155839443207
642,5462,1830,0.49273252487182617
643,5462,2260,0.4927123188972473
644,5462,3715,0.4925711750984192
645,5462,2315,0.49238893389701843
646,5462,3256,0.4923107326030731
647,5462,1054,0.4922543168067932
648,5462,2089,0.4920118749141693
649,5462,3783,0.49175089597702026
650,5462,1957,0.49174240231513977
651,5462,915,0.49170321226119995
652,5462,2827,0.49155092239379883
653,5462,2784,0.4914764165878296
654,5462,813,0.49124741554260254
655,5462,2052,0.4911799728870392
656,5462,3901,0.4910174608230591
657,5462,3051,0.4910133183002472
658,5462,2741,0.49099424481391907
659,5462,5317,0.490910142660141
660,5462,572,0.4908105731010437
661,5462,2823,0.49067166447639465
662,5462,237,0.4906555414199829
663,5462,3446,0.49065542221069336
664,5462,5936,0.4905678629875183
665,5462,1663,0.4904339015483856
666,5462,364,0.4902724027633667
667,5462,4554,0.48984864354133606
668,5462,2647,0.4897557497024536
669,5462,2627,0.4896131157875061
670,5462,1183,0.489551842212677
671,5462,1053,0.4895000159740448
672,5462,1505,0.4894942045211792
673,5462,3792,0.48947659134864807
674,5462,5195,0.48929548263549805
675,5462,2097,0.4892933964729309
676,5462,1945,0.48919808864593506
677,5462,3079,0.4891670048236847
678,5462,3582,0.48902183771133423
679,5462,3486,0.48897331953048706
680,5462,4935,0.4889639616012573
681,5462,2836,0.4889589548110962
682,5462,643,0.4887390434741974
683,5462,1420,0.4887367784976959
684,5462,4707,0.48867982625961304
685,5462,5194,0.48857054114341736
686,5462,5794,0.48833560943603516
687,5462,480,0.4882470369338989
688,5462,196,0.4880921542644501
689,5462,2710,0.4878733158111572
690,5462,3595,0.487705796957016
691,5462,5193,0.48761576414108276
692,5462,5414,0.48748359084129333
693,5462,1469,0.48736122250556946
694,5462,6234,0.48701196908950806
695,5462,2656,0.48697319626808167
696,5462,4802,0.4868098497390747
697,5462,4045,0.4867098331451416
698,5462,3172,0.48664718866348267
699,5462,738,0.4865766167640686
700,5462,4785,0.4865368902683258
701,5462,3908,0.4864904582500458
702,5462,2008,0.4864497780799866
703,5462,5114,0.48640069365501404
704,5462,1278,0.48633164167404175
705,5462,5038,0.48631587624549866
706,5462,2641,0.48611193895339966
707,5462,2406,0.4858848452568054
708,5462,3627,0.4858647584915161
709,5462,630,0.4858394265174866
710,5462,2085,0.4856080412864685
711,5462,5905,0.48559629917144775
712,5462,2067,0.4854944944381714
713,5462,1816,0.4854937791824341
714,5462,3224,0.48535335063934326
715,5462,1562,0.48529109358787537
716,5462,1703,0.48528844118118286
717,5462,4220,0.48522454500198364
718,5462,2134,0.4851173460483551
719,5462,5140,0.4850410223007202
720,5462,3870,0.48503923416137695
721,5462,5297,0.4848650097846985
722,5462,2576,0.48480871319770813
723,5462,3291,0.4847496747970581
724,5462,1685,0.4846614599227905
725,5462,5746,0.48460862040519714
726,5462,567,0.4845036268234253
727,5462,5110,0.48430731892585754
728,5462,288,0.4841724932193756
729,5462,286,0.4838864505290985
730,5462,636,0.4838145077228546
731,5462,3243,0.48371338844299316
732,5462,3630,0.48370546102523804
733,5462,3370,0.48364314436912537
734,5462,1590,0.4836202561855316
735,5462,3317,0.4836096465587616
736,5462,1461,0.4835280776023865
737,5462,2176,0.48347944021224976
738,5462,408,0.483262836933136
739,5462,5232,0.48306190967559814
740,5462,5734,0.4830428659915924
741,5462,3284,0.48302239179611206
742,5462,2743,0.482958048582077
743,5462,1497,0.48284101486206055
744,5462,3404,0.4828357398509979
745,5462,1276,0.4828310012817383
746,5462,2439,0.4827985167503357
747,5462,1046,0.4827653169631958
748,5462,1664,0.4827401340007782
749,5462,2941,0.4826934039592743
750,5462,5315,0.4825926125049591
751,5462,2984,0.4825820326805115
752,5462,2934,0.4824654757976532
753,5462,1525,0.48238056898117065
754,5462,3268,0.4821256995201111
755,5462,590,0.4821021556854248
756,5462,5268,0.4820914566516876
757,5462,764,0.48205190896987915
758,5462,5174,0.48199164867401123
759,5462,2064,0.48198947310447693
760,5462,3214,0.48192307353019714
761,5462,1586,0.48174533247947693
762,5462,3246,0.4817410707473755
763,5462,2822,0.48168450593948364
764,5462,1445,0.4815283715724945
765,5462,3388,0.48151472210884094
766,5462,2868,0.48149821162223816
767,5462,2788,0.48139598965644836
768,5462,5028,0.481392502784729
769,5462,3917,0.4812353849411011
770,5462,2811,0.48116418719291687
771,5462,1574,0.4811435341835022
772,5462,3389,0.48111745715141296
773,5462,5697,0.4810492694377899
774,5462,3241,0.4809221029281616
775,5462,2503,0.4808793365955353
776,5462,1790,0.4808206856250763
777,5462,57,0.48064520955085754
778,5462,3393,0.48064324259757996
779,5462,3225,0.4805440604686737
780,5462,3264,0.48048487305641174
781,5462,6029,0.4804607331752777
782,5462,1628,0.4802234172821045
783,5462,2760,0.48018598556518555
784,5462,5845,0.4801742434501648
785,5462,2051,0.48012661933898926
786,5462,4895,0.47992244362831116
787,5462,3361,0.4799094796180725
788,5462,1850,0.47987595200538635
789,5462,283,0.47982755303382874
790,5462,2750,0.47962501645088196
791,5462,1618,0.47961145639419556
792,5462,2013,0.47942298650741577
793,5462,30,0.479410320520401
794,5462,5961,0.4794096052646637
795,5462,5383,0.47939369082450867
796,5462,2789,0.4793127775192261
797,5462,4779,0.4791422188282013
798,5462,997,0.4791354238986969
799,5462,5203,0.47910845279693604
800,5462,4557,0.47908815741539
801,5462,116,0.4789878726005554
802,5462,3561,0.47896498441696167
803,5462,2528,0.47884875535964966
804,5462,4458,0.4788033068180084
805,5462,981,0.4787604808807373
806,5462,5948,0.47875380516052246
807,5462,2602,0.4786810576915741
808,5462,5953,0.4786560535430908
809,5462,2631,0.4786086082458496
810,5462,5278,0.478569895029068
811,5462,2766,0.47846782207489014
812,5462,2259,0.4782869219779968
813,5462,4054,0.4782335162162781
814,5462,4099,0.47821545600891113
815,5462,1458,0.4781580865383148
816,5462,5259,0.4779830276966095
817,5462,2620,0.4775724411010742
818,5462,5425,0.47752845287323
819,5462,2471,0.47750017046928406
820,5462,34,0.4772520959377289
821,5462,2913,0.4771948754787445
822,5462,3987,0.47717493772506714
823,5462,267,0.47716566920280457
824,5462,3001,0.4771544635295868
825,5462,5178,0.47710978984832764
826,5462,1198,0.4770037531852722
827,5462,5289,0.4769972860813141
828,5462,2181,0.4769705832004547
829,5462,2581,0.47686734795570374
830,5462,5029,0.4768063724040985
831,5462,5861,0.47671329975128174
832,5462,2753,0.47666242718696594
833,5462,1566,0.4766111373901367
834,5462,2250,0.47654178738594055
835,5462,5419,0.4756799042224884
836,5462,3907,0.4756750464439392
837,5462,2858,0.4756607115268707
838,5462,5081,0.475586473941803
839,5462,222,0.47550955414772034
840,5462,5160,0.47543221712112427
841,5462,2700,0.4754287302494049
842,5462,2383,0.47533896565437317
843,5462,3033,0.4751971364021301
844,5462,1550,0.4751587212085724
845,5462,5225,0.4749354422092438
846,5462,3019,0.4749217629432678
847,5462,2136,0.47488996386528015
848,5462,1879,0.47488996386528015
849,5462,3257,0.4747578203678131
850,5462,3058,0.47473883628845215
851,5462,415,0.4747351408004761
852,5462,3927,0.4746686518192291
853,5462,4007,0.4744855761528015
854,5462,5872,0.4744246006011963
855,5462,5831,0.47432178258895874
856,5462,221,0.4742637276649475
857,5462,3903,0.47425609827041626
858,5462,3258,0.4741377830505371
859,5462,673,0.4741288125514984
860,5462,5637,0.4740884304046631
861,5462,4594,0.47408050298690796
862,5462,3770,0.4740270674228668
863,5462,5360,0.47377994656562805
864,5462,1186,0.47375330328941345
865,5462,569,0.47367826104164124
866,5462,3948,0.4736364185810089
867,5462,5192,0.47362664341926575
868,5462,1983,0.47359398007392883
869,5462,4023,0.4735817313194275
870,5462,5180,0.4733079671859741
871,5462,5063,0.47330141067504883
872,5462,4120,0.47330018877983093
873,5462,1214,0.4732615351676941
874,5462,1881,0.47324031591415405
875,5462,4223,0.4731755256652832
876,5462,731,0.47297558188438416
877,5462,3444,0.4728885591030121
878,5462,3713,0.47288814187049866
879,5462,12,0.47285571694374084
880,5462,3909,0.47282788157463074
881,5462,2835,0.4728015065193176
882,5462,2860,0.47269028425216675
883,5462,3065,0.47255218029022217
884,5462,416,0.47249922156333923
885,5462,443,0.4724557101726532
886,5462,3034,0.47232291102409363
887,5462,3074,0.47210776805877686
888,5462,3758,0.47196027636528015
889,5462,6011,0.4719071388244629
890,5462,1666,0.47183486819267273
891,5462,39,0.47168639302253723
892,5462,5358,0.4714178144931793
893,5462,1608,0.47134286165237427
894,5462,5749,0.47132667899131775
895,5462,2856,0.47130927443504333
896,5462,3563,0.4712958037853241
897,5462,5322,0.47111374139785767
898,5462,4809,0.4710894823074341
899,5462,1205,0.47106021642684937
900,5462,1080,0.47104647755622864
901,5462,4025,0.47075456380844116
902,5462,6174,0.47071751952171326
903,5462,3954,0.47071602940559387
904,5462,6329,0.47070324420928955
905,5462,4796,0.4706985056400299
906,5462,5743,0.4706629812717438
907,5462,2221,0.47024834156036377
908,5462,5394,0.47013288736343384
909,5462,4243,0.47006821632385254
910,5462,3420,0.4700094163417816
911,5462,5622,0.4699605405330658
912,5462,721,0.469944566488266
913,5462,536,0.4698924124240875
914,5462,336,0.4696330428123474
915,5462,2834,0.4695536494255066
916,5462,5361,0.46952104568481445
917,5462,5977,0.46951231360435486
918,5462,3958,0.46937286853790283
919,5462,3089,0.4693259596824646
920,5462,5128,0.4692625105381012
921,5462,1927,0.46922552585601807
922,5462,21,0.46919676661491394
923,5462,3777,0.4691177308559418
924,5462,5476,0.46910718083381653
925,5462,1793,0.4691042900085449
926,5462,4702,0.46905046701431274
927,5462,5,0.4689858853816986
928,5462,2384,0.46877363324165344
929,5462,5691,0.46874868869781494
930,5462,774,0.4687263071537018
931,5462,4434,0.46870991587638855
932,5462,1510,0.46865543723106384
933,5462,3696,0.468603253364563
934,5462,2665,0.46853479743003845
935,5462,203,0.4685308337211609
936,5462,4281,0.4685154855251312
937,5462,2038,0.4684334993362427
938,5462,2369,0.4683339595794678
939,5462,2101,0.4682706892490387
940,5462,2998,0.4680854082107544
941,5462,1338,0.46808061003685
942,5462,4816,0.4680490493774414
943,5462,5108,0.4679526090621948
944,5462,767,0.46788254380226135
945,5462,3704,0.467716783285141
946,5462,5239,0.4676993787288666
947,5462,2415,0.46763646602630615
948,5462,1823,0.46757975220680237
949,5462,5773,0.467564195394516
950,5462,3248,0.46753227710723877
951,5462,2676,0.4674561619758606
952,5462,2653,0.4673071801662445
953,5462,3613,0.46719157695770264
954,5462,3501,0.46716809272766113
955,5462,603,0.46713265776634216
956,5462,3619,0.4670812487602234
957,5462,1886,0.4670531153678894
958,5462,2876,0.4670056998729706
959,5462,6233,0.46687111258506775
960,5462,5670,0.466865599155426
961,5462,3479,0.4668079614639282
962,5462,904,0.4667920768260956
963,5462,5575,0.4667434096336365
964,5462,1337,0.4666978418827057
965,5462,5306,0.4665747880935669
966,5462,3063,0.46648287773132324
967,5462,3701,0.4664326012134552
968,5462,1261,0.4663323163986206
969,5462,3560,0.46629148721694946
970,5462,962,0.4661811590194702
971,5462,2005,0.4661751985549927
972,5462,5351,0.4661546051502228
973,5462,639,0.46610063314437866
974,5462,5655,0.46591928601264954
975,5462,2039,0.46587109565734863
976,5462,2975,0.4657033085823059
977,5462,3081,0.46567589044570923
978,5462,1129,0.46564316749572754
979,5462,4028,0.4656069576740265
980,5462,5150,0.46539077162742615
981,5462,5398,0.465334951877594
982,5462,26,0.46530529856681824
983,5462,4891,0.46519166231155396
984,5462,2742,0.46519073843955994
985,5462,677,0.4651744067668915
986,5462,1972,0.46503397822380066
987,5462,1789,0.4648427665233612
988,5462,6374,0.4647686183452606
989,5462,5454,0.4645831286907196
990,5462,652,0.46455541253089905
991,5462,5415,0.46452194452285767
992,5462,3278,0.46450695395469666
993,5462,4072,0.4644070267677307
994,5462,2541,0.46414119005203247
995,5462,1548,0.46413129568099976
996,5462,5420,0.4640166461467743
997,5462,3112,0.4639618396759033
998,5462,2055,0.46389907598495483
999,5462,2873,0.4635644853115082
1000,5462,5859,0.46354931592941284
1001,5462,3064,0.4635165333747864
1002,5462,976,0.4635164141654968
1003,5462,3944,0.46344664692878723
1004,5462,2058,0.46341973543167114
1005,5462,6387,0.4633764922618866
1006,5462,5906,0.46332216262817383
1007,5462,3311,0.46332165598869324
1008,5462,4033,0.46306344866752625
1009,5462,2802,0.46280917525291443
1010,5462,1470,0.4626278579235077
1011,5462,4037,0.4626270532608032
1012,5462,5387,0.46253520250320435
1013,5462,2478,0.4624647796154022
1014,5462,5636,0.4623412787914276
1015,5462,912,0.4622716009616852
1016,5462,141,0.46216946840286255
1017,5462,5391,0.4621433913707733
1018,5462,547,0.46211376786231995
1019,5462,1421,0.46181318163871765
1020,5462,15,0.4615495502948761
1021,5462,2182,0.4613780975341797
1022,5462,2535,0.46131521463394165
1023,5462,5207,0.4612746238708496
1024,5462,1379,0.46116289496421814
1025,5462,67,0.46110987663269043
1026,5462,4755,0.4610721170902252
1027,5462,4196,0.4610707461833954
1028,5462,1699,0.46101686358451843
1029,5462,2550,0.4610065519809723
1030,5462,3975,0.4609295725822449
1031,5462,3251,0.4605436623096466
1032,5462,1181,0.4605414867401123
1033,5462,5073,0.46052423119544983
1034,5462,911,0.4604599177837372
1035,5462,3747,0.46036168932914734
1036,5462,975,0.4603000283241272
1037,5462,5325,0.46024298667907715
1038,5462,5102,0.4599957764148712
1039,5462,4211,0.45989009737968445
1040,5462,1577,0.45969659090042114
1041,5462,1048,0.45958876609802246
1042,5462,2278,0.45955389738082886
1043,5462,6069,0.45942673087120056
1044,5462,3754,0.4593929052352905
1045,5462,3941,0.45904719829559326
1046,5462,1524,0.4589409828186035
1047,5462,5782,0.458886057138443
1048,5462,1686,0.4588685929775238
1049,5462,788,0.45880869030952454
1050,5462,2580,0.4587664306163788
1051,5462,3812,0.4587523341178894
1052,5462,5291,0.45869067311286926
1053,5462,5185,0.4586825370788574
1054,5462,3359,0.45866650342941284
1055,5462,5609,0.45865511894226074
1056,5462,3128,0.4586523175239563
1057,5462,3397,0.45857173204421997
1058,5462,889,0.458568274974823
1059,5462,1861,0.4585600793361664
1060,5462,2157,0.4583917260169983
1061,5462,1758,0.45837166905403137
1062,5462,6219,0.45835354924201965
1063,5462,3245,0.4581238627433777
1064,5462,2616,0.4580013155937195
1065,5462,1362,0.45798665285110474
1066,5462,474,0.45797911286354065
1067,5462,3955,0.4578683376312256
1068,5462,687,0.457861989736557
1069,5462,1587,0.45765626430511475
1070,5462,4217,0.45762133598327637
1071,5462,5313,0.45753002166748047
1072,5462,3077,0.4574592113494873
1073,5462,178,0.45744091272354126
1074,5462,5021,0.45742905139923096
1075,5462,462,0.4573877155780792
1076,5462,3408,0.4573417007923126
1077,5462,3982,0.4573192894458771
1078,5462,5198,0.4572809338569641
1079,5462,4868,0.4572620689868927
1080,5462,1832,0.4572318196296692
1081,5462,1888,0.45721304416656494
1082,5462,1792,0.4571642577648163
1083,5462,5339,0.4571582078933716
1084,5462,5321,0.4570941627025604
1085,5462,3431,0.4570276737213135
1086,5462,2791,0.4570122957229614
1087,5462,1935,0.45685112476348877
1088,5462,3945,0.4567895233631134
1089,5462,3968,0.45678773522377014
1090,5462,669,0.45674923062324524
1091,5462,3666,0.45664945244789124
1092,5462,1863,0.456643670797348
1093,5462,1633,0.4566073417663574
1094,5462,1200,0.4566041827201843
1095,5462,1463,0.45651665329933167
1096,5462,2973,0.45646029710769653
1097,5462,1024,0.4564596712589264
1098,5462,4724,0.4564470052719116
1099,5462,936,0.4563444256782532
1100,5462,1302,0.45630159974098206
1101,5462,1551,0.45628783106803894
1102,5462,4234,0.45626869797706604
1103,5462,3465,0.45624032616615295
1104,5462,5392,0.456240177154541
1105,5462,1857,0.45602038502693176
1106,5462,2630,0.45600008964538574
1107,5462,5808,0.45599430799484253
1108,5462,1937,0.45599037408828735
1109,5462,4221,0.4559653103351593
1110,5462,2178,0.4559539556503296
1111,5462,4128,0.4559340178966522
1112,5462,4242,0.45591244101524353
1113,5462,5687,0.45581820607185364
1114,5462,5136,0.45574918389320374
1115,5462,1035,0.45571398735046387
1116,5462,809,0.455655962228775
1117,5462,776,0.4556233882904053
1118,5462,1705,0.45555272698402405
1119,5462,5464,0.45554354786872864
1120,5462,2690,0.4555266797542572
1121,5462,2353,0.45548784732818604
1122,5462,983,0.4554768204689026
1123,5462,5142,0.4554268419742584
1124,5462,2049,0.4553785026073456
1125,5462,4774,0.45534369349479675
1126,5462,4995,0.45531338453292847
1127,5462,4637,0.4553016126155853
1128,5462,5745,0.4551791548728943
1129,5462,4884,0.4551790952682495
1130,5462,2730,0.4551325738430023
1131,5462,4071,0.45512014627456665
1132,5462,1940,0.4551098942756653
1133,5462,5324,0.45508936047554016
1134,5462,1309,0.4547364413738251
1135,5462,1915,0.4546741843223572
1136,5462,2805,0.45465773344039917
1137,5462,4854,0.45457741618156433
1138,5462,1646,0.45453694462776184
1139,5462,2235,0.45450863242149353
1140,5462,2102,0.4544934332370758
1141,5462,1896,0.4544121026992798
1142,5462,1623,0.4543892443180084
1143,5462,729,0.45436713099479675
1144,5462,690,0.454328715801239
1145,5462,3657,0.4543111026287079
1146,5462,2976,0.45431050658226013
1147,5462,1553,0.454274982213974
1148,5462,2138,0.4542281925678253
1149,5462,833,0.45422670245170593
1150,5462,3416,0.4541700482368469
1151,5462,3391,0.4541514217853546
1152,5462,4182,0.4539995491504669
1153,5462,4717,0.4539485275745392
1154,5462,4273,0.45388680696487427
1155,5462,4964,0.45376455783843994
1156,5462,4250,0.4536774456501007
1157,5462,3800,0.45353764295578003
1158,5462,4692,0.4535367488861084
1159,5462,3149,0.4535357654094696
1160,5462,2720,0.45353415608406067
1161,5462,3360,0.4535047113895416
1162,5462,2605,0.4534800052642822
1163,5462,2302,0.45347175002098083
1164,5462,1659,0.453451931476593
1165,5462,3451,0.45344430208206177
1166,5462,1791,0.45331239700317383
1167,5462,1690,0.45305415987968445
1168,5462,708,0.45300400257110596
1169,5462,4253,0.452972412109375
1170,5462,4880,0.452869713306427
1171,5462,3132,0.45258891582489014
1172,5462,1000,0.45250025391578674
1173,5462,3717,0.45247703790664673
1174,5462,6001,0.4524576663970947
1175,5462,4231,0.452436238527298
1176,5462,914,0.4523777663707733
1177,5462,2311,0.45230767130851746
1178,5462,1272,0.4522286057472229
1179,5462,3386,0.4522125720977783
1180,5462,3103,0.45217686891555786
1181,5462,3935,0.45202532410621643
1182,5462,4760,0.4519660472869873
1183,5462,3694,0.45196130871772766
1184,5462,4631,0.45190203189849854
1185,5462,5931,0.45181989669799805
1186,5462,2683,0.4515182375907898
1187,5462,3688,0.45140540599823
1188,5462,4322,0.45133092999458313
1189,5462,2844,0.4512903392314911
1190,5462,4879,0.45122864842414856
1191,5462,4216,0.45121949911117554
1192,5462,4520,0.4511914849281311
1193,5462,2819,0.45113590359687805
1194,5462,4207,0.45112329721450806
1195,5462,3753,0.451059490442276
1196,5462,4778,0.45099616050720215
1197,5462,4822,0.45098990201950073
1198,5462,810,0.450974702835083
1199,5462,5801,0.4509599208831787
1200,5462,5412,0.45088791847229004
1201,5462,3286,0.45078662037849426
1202,5462,2781,0.45067840814590454
1203,5462,468,0.45065391063690186
1204,5462,5417,0.4506092667579651
1205,5462,1742,0.4505804181098938
1206,5462,3443,0.4505682587623596
1207,5462,5337,0.4505653977394104
1208,5462,4279,0.45055052638053894
1209,5462,5458,0.4505212604999542
1210,5462,2128,0.4505128860473633
1211,5462,2333,0.45050397515296936
1212,5462,3824,0.4504951536655426
1213,5462,3118,0.45047512650489807
1214,5462,3662,0.45047077536582947
1215,5462,3961,0.4504678249359131
1216,5462,3671,0.4504525363445282
1217,5462,370,0.45044857263565063
1218,5462,1589,0.4503394663333893
1219,5462,3816,0.45031145215034485
1220,5462,4004,0.44998860359191895
1221,5462,1396,0.4499790668487549
1222,5462,1059,0.4498802423477173
1223,5462,2695,0.4498668611049652
1224,5462,1814,0.44977033138275146
1225,5462,5762,0.4497443735599518
1226,5462,2120,0.44971296191215515
1227,5462,1155,0.44969385862350464
1228,5462,877,0.4495958983898163
1229,5462,2137,0.44958603382110596
1230,5462,3612,0.44955942034721375
1231,5462,3425,0.4494060277938843
1232,5462,4632,0.4493962824344635
1233,5462,1810,0.4493895173072815
1234,5462,2286,0.44931718707084656
1235,5462,487,0.4491799473762512
1236,5462,4277,0.44916966557502747
1237,5462,705,0.4490877091884613
1238,5462,2618,0.44904249906539917
1239,5462,3796,0.4490395784378052
1240,5462,393,0.44902026653289795
1241,5462,4448,0.4489506185054779
1242,5462,3316,0.4488945007324219
1243,5462,1617,0.4488614499568939
1244,5462,3811,0.4488466680049896
1245,5462,3640,0.44882214069366455
1246,5462,2153,0.4488140344619751
1247,5462,5220,0.4487464427947998
1248,5462,1153,0.44873377680778503
1249,5462,2662,0.44867780804634094
1250,5462,5187,0.4486345946788788
1251,5462,5115,0.4486335515975952
1252,5462,4014,0.4485209882259369
1253,5462,5349,0.4484769403934479
1254,5462,1519,0.4484753906726837
1255,5462,5689,0.4483678638935089
1256,5462,2702,0.4483533203601837
1257,5462,1631,0.4483520984649658
1258,5462,4106,0.4483105540275574
1259,5462,5423,0.4482242166996002
1260,5462,3024,0.44813185930252075
1261,5462,4803,0.4481205642223358
1262,5462,5473,0.448013573884964
1263,5462,3320,0.4480043649673462
1264,5462,5695,0.44786739349365234
1265,5462,2669,0.4477868974208832
1266,5462,1997,0.44765710830688477
1267,5462,3237,0.44760140776634216
1268,5462,5116,0.44753792881965637
1269,5462,3956,0.44753775000572205
1270,5462,2352,0.44745880365371704
1271,5462,5332,0.44739314913749695
1272,5462,5582,0.4473866820335388
1273,5462,5478,0.44731077551841736
1274,5462,896,0.4472484886646271
1275,5462,5112,0.4471800625324249
1276,5462,5650,0.4471125304698944
1277,5462,5717,0.44693106412887573
1278,5462,5739,0.4469259977340698
1279,5462,3428,0.4468992054462433
1280,5462,3354,0.4467645287513733
1281,5462,10,0.4466560482978821
1282,5462,254,0.44662559032440186
1283,5462,3277,0.4465986490249634
1284,5462,990,0.4465521275997162
1285,5462,1878,0.4465028941631317
1286,5462,1899,0.44636744260787964
1287,5462,2555,0.44631433486938477
1288,5462,4761,0.446306049823761
1289,5462,3435,0.4462849795818329
1290,5462,638,0.4461882412433624
1291,5462,5652,0.44612830877304077
1292,5462,3781,0.44605550169944763
1293,5462,2031,0.4460519552230835
1294,5462,5797,0.4459667503833771
1295,5462,4753,0.44583404064178467
1296,5462,3216,0.4457453787326813
1297,5462,2597,0.4456556737422943
1298,5462,2218,0.44563689827919006
1299,5462,5641,0.44562721252441406
1300,5462,6118,0.4456159174442291
1301,5462,5727,0.44554823637008667
1302,5462,3729,0.445543497800827
1303,5462,854,0.4455050230026245
1304,5462,2779,0.4454733431339264
1305,5462,5069,0.4454239010810852
1306,5462,2230,0.4454040825366974
1307,5462,5731,0.44532376527786255
1308,5462,3346,0.4453110992908478
1309,5462,1354,0.4452812969684601
1310,5462,3655,0.4451673924922943
1311,5462,1498,0.44507718086242676
1312,5462,170,0.4450720250606537
1313,5462,5393,0.4450134336948395
1314,5462,5891,0.4449909031391144
1315,5462,2732,0.44492945075035095
1316,5462,2092,0.4448747932910919
1317,5462,2083,0.4448358416557312
1318,5462,2657,0.44458723068237305
1319,5462,950,0.44441866874694824
1320,5462,2716,0.44416627287864685
1321,5462,6143,0.44410571455955505
1322,5462,1684,0.44406658411026
1323,5462,1582,0.4439471960067749
1324,5462,1593,0.4439471960067749
1325,5462,1521,0.4439275562763214
1326,5462,38,0.44381359219551086
1327,5462,471,0.44380682706832886
1328,5462,5402,0.44378843903541565
1329,5462,5864,0.44370347261428833
1330,5462,3046,0.44368550181388855
1331,5462,3931,0.4436715841293335
1332,5462,4255,0.4436609447002411
1333,5462,3458,0.4436519145965576
1334,5462,2903,0.4436253011226654
1335,5462,413,0.4436233341693878
1336,5462,1201,0.44341450929641724
1337,5462,935,0.4433835744857788
1338,5462,3644,0.4433058798313141
1339,5462,2032,0.4432721436023712
1340,5462,3746,0.4432707130908966
1341,5462,4026,0.4432332217693329
1342,5462,2640,0.44319748878479004
1343,5462,3658,0.44304415583610535
1344,5462,3403,0.4429492950439453
1345,5462,3436,0.4429297149181366
1346,5462,6320,0.4428657293319702
1347,5462,1170,0.4428381323814392
1348,5462,4238,0.44282805919647217
1349,5462,1335,0.44272691011428833
1350,5462,952,0.4426712989807129
1351,5462,2364,0.4425191581249237
1352,5462,1692,0.44251736998558044
1353,5462,3090,0.4425061345100403
1354,5462,2825,0.44246405363082886
1355,5462,651,0.44220393896102905
1356,5462,1973,0.44219285249710083
1357,5462,4210,0.44200366735458374
1358,5462,5133,0.4419538080692291
1359,5462,3632,0.4419359862804413
1360,5462,324,0.4419029951095581
1361,5462,1455,0.4418880343437195
1362,5462,3765,0.4418521821498871
1363,5462,2334,0.4418408274650574
1364,5462,1288,0.44180744886398315
1365,5462,5196,0.441806823015213
1366,5462,2867,0.4417644739151001
1367,5462,3295,0.4417622983455658
1368,5462,4791,0.44173187017440796
1369,5462,5693,0.4415901303291321
1370,5462,499,0.4414694011211395
1371,5462,5892,0.4414205849170685
1372,5462,5269,0.44135576486587524
1373,5462,4871,0.44132354855537415
1374,5462,4826,0.4413219690322876
1375,5462,885,0.44131791591644287
1376,5462,1917,0.44128596782684326
1377,5462,5469,0.4412842392921448
1378,5462,4739,0.4410327672958374
1379,5462,3981,0.44097450375556946
1380,5462,1977,0.4408781826496124
1381,5462,1029,0.44085073471069336
1382,5462,2308,0.4406980574131012
1383,5462,2368,0.4406960904598236
1384,5462,6221,0.4406850337982178
1385,5462,2020,0.4406636953353882
1386,5462,3067,0.4405263066291809
1387,5462,3400,0.44046181440353394
1388,5462,3925,0.4403937757015228
1389,5462,2921,0.4403228461742401
1390,5462,1946,0.4402463138103485
1391,5462,3885,0.44021695852279663
1392,5462,4001,0.4402058720588684
1393,5462,2677,0.4401232898235321
1394,5462,1908,0.44007065892219543
1395,5462,2103,0.44005087018013
1396,5462,3108,0.4400430917739868
1397,5462,1938,0.4399798810482025
1398,5462,5219,0.4399624466896057
1399,5462,5288,0.4399603605270386
1400,5462,5937,0.4399411082267761
1401,5462,1051,0.4398490786552429
1402,5462,1290,0.4397522807121277
1403,5462,6205,0.43964865803718567
1404,5462,999,0.43952372670173645
1405,5462,5993,0.43949809670448303
1406,5462,5457,0.43943044543266296
1407,5462,2287,0.43941715359687805
1408,5462,3298,0.4393908381462097
1409,5462,1910,0.4393855333328247
1410,5462,2273,0.43937790393829346
1411,5462,2981,0.43937554955482483
1412,5462,3022,0.43936240673065186
1413,5462,905,0.43934178352355957
1414,5462,341,0.43919065594673157
1415,5462,2793,0.439178466796875
1416,5462,2946,0.4391142427921295
1417,5462,505,0.43907666206359863
1418,5462,210,0.4389919340610504
1419,5462,5228,0.4388566315174103
1420,5462,5468,0.4387929141521454
1421,5462,2990,0.4387816786766052
1422,5462,5460,0.43876996636390686
1423,5462,5065,0.4387035667896271
1424,5462,1847,0.4386502206325531
1425,5462,3684,0.43864867091178894
1426,5462,5987,0.43861669301986694
1427,5462,2304,0.4384991228580475
1428,5462,4745,0.4384663701057434
1429,5462,5327,0.43842166662216187
1430,5462,954,0.4381929636001587
1431,5462,2306,0.43808555603027344
1432,5462,4521,0.4380378723144531
1433,5462,3641,0.4380170702934265
1434,5462,2,0.43777352571487427
1435,5462,1323,0.437721848487854
1436,5462,1407,0.43769344687461853
1437,5462,4771,0.4376409649848938
1438,5462,1838,0.4375717341899872
1439,5462,2392,0.437498539686203
1440,5462,3452,0.43748825788497925
1441,5462,5489,0.43748006224632263
1442,5462,4759,0.4374619126319885
1443,5462,2969,0.4373854100704193
1444,5462,3010,0.4373435974121094
1445,5462,1074,0.4372687041759491
1446,5462,5147,0.4372608959674835
1447,5462,63,0.4372403621673584
1448,5462,5481,0.437107652425766
1449,5462,5224,0.43706169724464417
1450,5462,1930,0.4370165467262268
1451,5462,4762,0.436867356300354
1452,5462,650,0.4368197023868561
1453,5462,2900,0.43681031465530396
1454,5462,43,0.4367726147174835
1455,5462,3054,0.436725914478302
1456,5462,3804,0.4366949200630188
1457,5462,2226,0.43661221861839294
1458,5462,1055,0.4365993142127991
1459,5462,2240,0.43659791350364685
1460,5462,3429,0.43642085790634155
1461,5462,3629,0.43638932704925537
1462,5462,2694,0.4363837242126465
1463,5462,2637,0.4363349676132202
1464,5462,3028,0.4363243281841278
1465,5462,5170,0.43625006079673767
1466,5462,2590,0.4361274540424347
1467,5462,5982,0.4361000657081604
1468,5462,2014,0.4360392093658447
1469,5462,3411,0.4359728693962097
1470,5462,3543,0.4359361529350281
1471,5462,2792,0.43590036034584045
1472,5462,353,0.4357643723487854
1473,5462,1802,0.4357467293739319
1474,5462,3673,0.43574315309524536
1475,5462,2098,0.4356164038181305
1476,5462,4726,0.4355928599834442
1477,5462,5623,0.4355833828449249
1478,5462,5929,0.43557021021842957
1479,5462,3014,0.43556421995162964
1480,5462,506,0.4355241656303406
1481,5462,1654,0.43543902039527893
1482,5462,1283,0.4354323446750641
1483,5462,4187,0.4353787899017334
1484,5462,1408,0.4353482723236084
1485,5462,5348,0.435336172580719
1486,5462,1047,0.435329407453537
1487,5462,5098,0.4352632164955139
1488,5462,2722,0.43524137139320374
1489,5462,3439,0.4351617395877838
1490,5462,2472,0.43516024947166443
1491,5462,6226,0.4350408613681793
1492,5462,3653,0.4349193274974823
1493,5462,2285,0.43489453196525574
1494,5462,2179,0.4348885118961334
1495,5462,879,0.4348214864730835
1496,5462,1974,0.4347526431083679
1497,5462,681,0.4347272217273712
1498,5462,2452,0.4345737397670746
1499,5462,5254,0.4345264434814453
1500,5462,3006,0.4345220625400543
1501,5462,5885,0.43450984358787537
1502,5462,3242,0.4344935715198517
1503,5462,2987,0.4344547390937805
1504,5462,4894,0.43443581461906433
1505,5462,610,0.43438100814819336
1506,5462,2084,0.43432706594467163
1507,5462,1656,0.4342939853668213
1508,5462,2147,0.4342872202396393
1509,5462,3140,0.4342629313468933
1510,5462,6406,0.4340771436691284
1511,5462,5480,0.4340459108352661
1512,5462,2380,0.433979332447052
1513,5462,1174,0.43396663665771484
1514,5462,4723,0.4339295029640198
1515,5462,6002,0.4338880777359009
1516,5462,4733,0.43387922644615173
1517,5462,2375,0.43382370471954346
1518,5462,2625,0.43380454182624817
1519,5462,5264,0.43379631638526917
1520,5462,822,0.4337588846683502
1521,5462,5076,0.4336898624897003
1522,5462,4877,0.433689147233963
1523,5462,1357,0.43366891145706177
1524,5462,5012,0.43365052342414856
1525,5462,5372,0.43349501490592957
1526,5462,1528,0.4334823489189148
1527,5462,1010,0.43345174193382263
1528,5462,1801,0.4333818256855011
1529,5462,1841,0.433370977640152
1530,5462,4545,0.433330774307251
1531,5462,3846,0.4331754744052887
1532,5462,1518,0.43317338824272156
1533,5462,3424,0.4331009089946747
1534,5462,3384,0.4330807030200958
1535,5462,1360,0.4330095648765564
1536,5462,2798,0.4328343868255615
1537,5462,5952,0.432765930891037
1538,5462,3236,0.4326000213623047
1539,5462,2188,0.4325762093067169
1540,5462,5300,0.4325503706932068
1541,5462,3807,0.4325145184993744
1542,5462,3283,0.43248429894447327
1543,5462,4180,0.43242624402046204
1544,5462,5887,0.432349294424057
1545,5462,3362,0.4323387145996094
1546,5462,50,0.43225571513175964
1547,5462,3095,0.4322023391723633
1548,5462,2010,0.4320398271083832
1549,5462,3898,0.43190503120422363
1550,5462,5292,0.43190112709999084
1551,5462,1079,0.43187761306762695
1552,5462,5960,0.4317949116230011
1553,5462,3690,0.4317399263381958
1554,5462,2571,0.43169668316841125
1555,5462,3548,0.431683748960495
1556,5462,828,0.4316486418247223
1557,5462,5233,0.43158891797065735
1558,5462,2901,0.4315088391304016
1559,5462,2348,0.4315037131309509
1560,5462,4019,0.4314541816711426
1561,5462,2658,0.43122148513793945
1562,5462,1091,0.43119487166404724
1563,5462,4016,0.4311688244342804
1564,5462,4616,0.43109580874443054
1565,5462,3565,0.431090384721756
1566,5462,5326,0.4310687780380249
1567,5462,3419,0.43104037642478943
1568,5462,6047,0.4310328960418701
1569,5462,1180,0.43100807070732117
1570,5462,1005,0.43092653155326843
1571,5462,424,0.43067336082458496
1572,5462,4965,0.4306536018848419
1573,5462,4855,0.4306325912475586
1574,5462,3608,0.43053123354911804
1575,5462,1961,0.43048691749572754
1576,5462,2177,0.43048691749572754
1577,5462,2660,0.4304557740688324
1578,5462,2763,0.43038222193717957
1579,5462,4060,0.43034154176712036
1580,5462,2007,0.430309921503067
1581,5462,3890,0.4302446246147156
1582,5462,5245,0.43006739020347595
1583,5462,5678,0.429980605840683
1584,5462,3303,0.4299042224884033
1585,5462,3539,0.42985573410987854
1586,5462,2601,0.4298008978366852
1587,5462,3921,0.4296504557132721
1588,5462,3217,0.4295479953289032
1589,5462,3003,0.42947420477867126
1590,5462,4256,0.42941492795944214
1591,5462,5729,0.42939138412475586
1592,5462,939,0.42922720313072205
1593,5462,3725,0.4292127788066864
1594,5462,2908,0.42912259697914124
1595,5462,3788,0.429119348526001
1596,5462,5250,0.4291009306907654
1597,5462,5403,0.42904695868492126
1598,5462,6166,0.4290067255496979
1599,5462,657,0.42897409200668335
1600,5462,3970,0.4289374053478241
1601,5462,2268,0.42893460392951965
1602,5462,2344,0.4289204776287079
1603,5462,4245,0.42889174818992615
1604,5462,1490,0.42888343334198
1605,5462,48,0.4288605749607086
1606,5462,3814,0.4288502633571625
1607,5462,6422,0.4288468360900879
1608,5462,5074,0.42881283164024353
1609,5462,624,0.42879459261894226
1610,5462,5127,0.4287533760070801
1611,5462,4181,0.42868056893348694
1612,5462,3833,0.42859071493148804
1613,5462,5896,0.42857176065444946
1614,5462,4276,0.42854034900665283
1615,5462,5308,0.42846551537513733
1616,5462,1369,0.42841672897338867
1617,5462,548,0.42832231521606445
1618,5462,2850,0.42827722430229187
1619,5462,4606,0.4282553791999817
1620,5462,3092,0.42823705077171326
1621,5462,3015,0.4281088411808014
1622,5462,3939,0.4280596375465393
1623,5462,1987,0.4279826283454895
1624,5462,2469,0.42788583040237427
1625,5462,3979,0.4277665317058563
1626,5462,2349,0.42773357033729553
1627,5462,4870,0.42768582701683044
1628,5462,3412,0.4276807904243469
1629,5462,2848,0.42761507630348206
1630,5462,5248,0.4275979697704315
1631,5462,5201,0.427510142326355
1632,5462,5821,0.427410364151001
1633,5462,3309,0.42738431692123413
1634,5462,4540,0.427334725856781
1635,5462,143,0.42730459570884705
1636,5462,895,0.42730093002319336
1637,5462,5368,0.42728084325790405
1638,5462,3600,0.4271155595779419
1639,5462,3785,0.4270678162574768
1640,5462,1996,0.42703282833099365
1641,5462,1367,0.426983118057251
1642,5462,933,0.4269496202468872
1643,5462,3364,0.42694637179374695
1644,5462,5051,0.42694178223609924
1645,5462,6423,0.42688608169555664
1646,5462,4843,0.42687922716140747
1647,5462,634,0.42668846249580383
1648,5462,2393,0.4265768229961395
1649,5462,4331,0.42649519443511963
1650,5462,3421,0.42648589611053467
1651,5462,5249,0.4264691472053528
1652,5462,1554,0.42645779252052307
1653,5462,3385,0.4264149069786072
1654,5462,4328,0.4263857305049896
1655,5462,655,0.42635390162467957
1656,5462,2000,0.42629048228263855
1657,5462,3861,0.42624297738075256
1658,5462,1799,0.426192969083786
1659,5462,1956,0.42612773180007935
1660,5462,1151,0.42610278725624084
1661,5462,5442,0.42603427171707153
1662,5462,1907,0.4260047674179077
1663,5462,2297,0.42600440979003906
1664,5462,5211,0.42595216631889343
1665,5462,2906,0.4259183406829834
1666,5462,227,0.4258885085582733
1667,5462,3427,0.425882488489151
1668,5462,796,0.4258502125740051
1669,5462,3639,0.42580336332321167
1670,5462,3698,0.425790011882782
1671,5462,3005,0.4257599711418152
1672,5462,3377,0.425714910030365
1673,5462,4193,0.425603449344635
1674,5462,1169,0.42558595538139343
1675,5462,5257,0.42557981610298157
1676,5462,41,0.4255431294441223
1677,5462,3896,0.4253864586353302
1678,5462,1856,0.4253690242767334
1679,5462,1358,0.4252731502056122
1680,5462,3711,0.42521151900291443
1681,5462,4959,0.42505472898483276
1682,5462,1637,0.42504552006721497
1683,5462,2480,0.42504143714904785
1684,5462,2251,0.425032377243042
1685,5462,5459,0.424957811832428
1686,5462,587,0.42492398619651794
1687,5462,5424,0.4249153733253479
1688,5462,886,0.42488518357276917
1689,5462,1267,0.4248363673686981
1690,5462,3707,0.4248083233833313
1691,5462,3275,0.424734503030777
1692,5462,1235,0.4246722459793091
1693,5462,4602,0.4246472120285034
1694,5462,5834,0.4246448278427124
1695,5462,5209,0.4246163070201874
1696,5462,1478,0.42453137040138245
1697,5462,922,0.4245053827762604
1698,5462,2284,0.42447927594184875
1699,5462,4979,0.4244403839111328
1700,5462,498,0.4244173765182495
1701,5462,2180,0.4243750274181366
1702,5462,5428,0.42429783940315247
1703,5462,5889,0.42428743839263916
1704,5462,1036,0.42426326870918274
1705,5462,3415,0.4242282807826996
1706,5462,5109,0.4242115616798401
1707,5462,2575,0.4241504371166229
1708,5462,5806,0.42412540316581726
1709,5462,1258,0.4240027666091919
1710,5462,3399,0.4239998757839203
1711,5462,3844,0.42395636439323425
1712,5462,3634,0.42389193177223206
1713,5462,3418,0.4238549470901489
1714,5462,3334,0.42385098338127136
1715,5462,3983,0.42378050088882446
1716,5462,463,0.4237578511238098
1717,5462,2488,0.42372778058052063
1718,5462,3021,0.42371559143066406
1719,5462,3447,0.42367613315582275
1720,5462,159,0.42358502745628357
1721,5462,1044,0.42345425486564636
1722,5462,3084,0.42341727018356323
1723,5462,2692,0.4234110414981842
1724,5462,942,0.4233752191066742
1725,5462,4786,0.423374742269516
1726,5462,5967,0.42330628633499146
1727,5462,2598,0.4232751429080963
1728,5462,2814,0.4231473505496979
1729,5462,5507,0.4231453835964203
1730,5462,5230,0.42312121391296387
1731,5462,5809,0.4231095314025879
1732,5462,5304,0.42306947708129883
1733,5462,1931,0.4230431616306305
1734,5462,797,0.42295709252357483
1735,5462,4524,0.4229371249675751
1736,5462,3322,0.42284712195396423
1737,5462,1855,0.4228346347808838
1738,5462,4162,0.42280063033103943
1739,5462,3810,0.422770231962204
1740,5462,2435,0.4227687120437622
1741,5462,17,0.4227033853530884
1742,5462,5787,0.422626793384552
1743,5462,1009,0.42262041568756104
1744,5462,6088,0.42259493470191956
1745,5462,4509,0.4225134253501892
1746,5462,1844,0.4224339723587036
1747,5462,3113,0.42242977023124695
1748,5462,5241,0.42242592573165894
1749,5462,1794,0.4223392903804779
1750,5462,1399,0.4222649037837982
1751,5462,4274,0.42216283082962036
1752,5462,907,0.4221299886703491
1753,5462,1530,0.42211997509002686
1754,5462,5829,0.4221132695674896
1755,5462,2104,0.4220430552959442
1756,5462,433,0.42199814319610596
1757,5462,946,0.4219645857810974
1758,5462,6209,0.42193958163261414
1759,5462,2568,0.4219122529029846
1760,5462,1982,0.42175179719924927
1761,5462,348,0.42169827222824097
1762,5462,511,0.42168182134628296
1763,5462,4804,0.42155367136001587
1764,5462,3238,0.4214977025985718
1765,5462,5090,0.4214092493057251
1766,5462,259,0.42137882113456726
1767,5462,1311,0.4213142395019531
1768,5462,399,0.4213009178638458
1769,5462,1462,0.42130082845687866
1770,5462,472,0.42123672366142273
1771,5462,2661,0.42118513584136963
1772,5462,476,0.42114555835723877
1773,5462,658,0.4210851490497589
1774,5462,787,0.4209940731525421
1775,5462,2679,0.4208424389362335
1776,5462,3602,0.4207606613636017
1777,5462,5925,0.42068666219711304
1778,5462,1419,0.4206811487674713
1779,5462,3663,0.4205408990383148
1780,5462,6229,0.4205235242843628
1781,5462,1508,0.4203827679157257
1782,5462,1333,0.42035627365112305
1783,5462,3290,0.4203030467033386
1784,5462,3332,0.4202781319618225
1785,5462,5710,0.42026016116142273
1786,5462,4700,0.42022985219955444
1787,5462,355,0.4201516807079315
1788,5462,3394,0.42013314366340637
1789,5462,4857,0.4200027585029602
1790,5462,1632,0.41997626423835754
1791,5462,2790,0.41993480920791626
1792,5462,1346,0.41990670561790466
1793,5462,3556,0.4198673367500305
1794,5462,2801,0.41985151171684265
1795,5462,5396,0.4198414385318756
1796,5462,3497,0.4198177754878998
1797,5462,5680,0.41981104016304016
1798,5462,3409,0.4197041392326355
1799,5462,3310,0.419699102640152
1800,5462,1406,0.41962432861328125
1801,5462,465,0.4195684492588043
1802,5462,4009,0.4194839298725128
1803,5462,2883,0.41947251558303833
1804,5462,329,0.41943448781967163
1805,5462,2897,0.4193943738937378
1806,5462,3825,0.4191718101501465
1807,5462,5274,0.41912683844566345
1808,5462,2691,0.41900768876075745
1809,5462,3358,0.41900426149368286
1810,5462,4896,0.4190041422843933
1811,5462,1138,0.418716698884964
1812,5462,5408,0.4187154173851013
1813,5462,1019,0.4186095595359802
1814,5462,475,0.4186028242111206
1815,5462,1213,0.4186026155948639
1816,5462,1447,0.4186025559902191
1817,5462,5738,0.4184771776199341
1818,5462,32,0.41845422983169556
1819,5462,1057,0.4183613359928131
1820,5462,4961,0.4183374345302582
1821,5462,2872,0.41825804114341736
1822,5462,2988,0.41821539402008057
1823,5462,3353,0.4181308448314667
1824,5462,2734,0.418120801448822
1825,5462,5309,0.41812026500701904
1826,5462,2879,0.418049693107605
1827,5462,1307,0.4180227220058441
1828,5462,1922,0.41801032423973083
1829,5462,314,0.41796842217445374
1830,5462,4403,0.41794553399086
1831,5462,3020,0.41792696714401245
1832,5462,5883,0.41781744360923767
1833,5462,3943,0.4177961051464081
1834,5462,3546,0.41770482063293457
1835,5462,1020,0.41763508319854736
1836,5462,1981,0.417619526386261
1837,5462,3300,0.4176095128059387
1838,5462,5516,0.41759374737739563
1839,5462,4474,0.41745659708976746
1840,5462,49,0.41739022731781006
1841,5462,1543,0.4173508584499359
1842,5462,4038,0.4173361361026764
1843,5462,3482,0.41733360290527344
1844,5462,5921,0.41732433438301086
1845,5462,412,0.4172903597354889
1846,5462,6262,0.4172804653644562
1847,5462,289,0.4172649085521698
1848,5462,1382,0.4172194004058838
1849,5462,333,0.41719046235084534
1850,5462,843,0.41713467240333557
1851,5462,2321,0.4170953631401062
1852,5462,3401,0.417042076587677
1853,5462,134,0.416975200176239
1854,5462,3540,0.41696879267692566
1855,5462,3307,0.41693729162216187
1856,5462,3559,0.41690295934677124
1857,5462,680,0.41689246892929077
1858,5462,6177,0.4168682098388672
1859,5462,4144,0.41676175594329834
1860,5462,1959,0.4166424572467804
1861,5462,668,0.416617214679718
1862,5462,5366,0.4166157841682434
1863,5462,513,0.4165405333042145
1864,5462,670,0.4165300130844116
1865,5462,3350,0.4165257215499878
1866,5462,4973,0.4164876937866211
1867,5462,688,0.416462242603302
1868,5462,313,0.4164067804813385
1869,5462,3302,0.41640251874923706
1870,5462,4793,0.4162716269493103
1871,5462,2114,0.41624951362609863
1872,5462,4233,0.41622650623321533
1873,5462,3127,0.41622138023376465
1874,5462,3204,0.41618841886520386
1875,5462,3628,0.41608962416648865
1876,5462,900,0.41601991653442383
1877,5462,1306,0.41596999764442444
1878,5462,4694,0.41596558690071106
1879,5462,654,0.41594263911247253
1880,5462,2843,0.41588619351387024
1881,5462,4138,0.41587430238723755
1882,5462,672,0.41583824157714844
1883,5462,3642,0.4158101975917816
1884,5462,3304,0.4158000349998474
1885,5462,6184,0.4157944321632385
1886,5462,297,0.4157576560974121
1887,5462,3260,0.415744423866272
1888,5462,4986,0.41570305824279785
1889,5462,2869,0.4156089723110199
1890,5462,2944,0.4155779182910919
1891,5462,1327,0.4154767394065857
1892,5462,359,0.41544607281684875
1893,5462,3636,0.4154333770275116
1894,5462,3820,0.4154169261455536
1895,5462,5917,0.4153927266597748
1896,5462,1072,0.41537290811538696
1897,5462,3685,0.41526904702186584
1898,5462,4567,0.4152475595474243
1899,5462,4930,0.4151827096939087
1900,5462,742,0.4151621162891388
1901,5462,1298,0.4151512384414673
1902,5462,428,0.41512852907180786
1903,5462,1352,0.41506192088127136
1904,5462,2982,0.41505929827690125
1905,5462,5665,0.4150397479534149
1906,5462,2659,0.4150375723838806
1907,5462,3053,0.4150204062461853
1908,5462,2721,0.41501566767692566
1909,5462,2689,0.4149838984012604
1910,5462,1098,0.414974570274353
1911,5462,3776,0.41491952538490295
1912,5462,1873,0.41488149762153625
1913,5462,1642,0.4148619771003723
1914,5462,2663,0.4148455858230591
1915,5462,2615,0.41484132409095764
1916,5462,437,0.4148082733154297
1917,5462,3661,0.4145964980125427
1918,5462,4800,0.4144921898841858
1919,5462,2767,0.41441982984542847
1920,5462,1256,0.4143131375312805
1921,5462,3212,0.4142182171344757
1922,5462,3985,0.4141903817653656
1923,5462,2288,0.41402730345726013
1924,5462,849,0.41402047872543335
1925,5462,3441,0.41394466161727905
1926,5462,3678,0.41388189792633057
1927,5462,343,0.4138428866863251
1928,5462,1348,0.4138229489326477
1929,5462,1187,0.41382282972335815
1930,5462,1630,0.41381391882896423
1931,5462,2095,0.41378164291381836
1932,5462,2213,0.41378164291381836
1933,5462,315,0.41377896070480347
1934,5462,3719,0.41358885169029236
1935,5462,2994,0.4134873151779175
1936,5462,3722,0.4134589731693268
1937,5462,2237,0.41334524750709534
1938,5462,1025,0.41328638792037964
1939,5462,2135,0.4132555425167084
1940,5462,4951,0.4132232666015625
1941,5462,2851,0.41320914030075073
1942,5462,5591,0.4132034182548523
1943,5462,3285,0.4131690561771393
1944,5462,3234,0.4131360948085785
1945,5462,3355,0.4130990207195282
1946,5462,270,0.4130828082561493
1947,5462,759,0.4129316210746765
1948,5462,1373,0.4129188656806946
1949,5462,238,0.4128759801387787
1950,5462,761,0.4128015637397766
1951,5462,5594,0.41278165578842163
1952,5462,4013,0.4127786457538605
1953,5462,37,0.4127330183982849
1954,5462,3215,0.41270437836647034
1955,5462,2712,0.41268110275268555
1956,5462,4137,0.41262906789779663
1957,5462,2638,0.4126279950141907
1958,5462,2861,0.412613183259964
1959,5462,6288,0.4125683307647705
1960,5462,5667,0.4125017821788788
1961,5462,1014,0.4124709963798523
1962,5462,5954,0.4124070703983307
1963,5462,2497,0.4123430848121643
1964,5462,3338,0.41232243180274963
1965,5462,3230,0.41227757930755615
1966,5462,4941,0.4121752977371216
1967,5462,4673,0.41212353110313416
1968,5462,296,0.4121231436729431
1969,5462,4129,0.4120934009552002
1970,5462,1985,0.41205674409866333
1971,5462,5310,0.41204729676246643
1972,5462,5737,0.4119093418121338
1973,5462,4885,0.4118126928806305
1974,5462,2015,0.4118121862411499
1975,5462,5902,0.4117405116558075
1976,5462,3732,0.41172924637794495
1977,5462,2099,0.4117123484611511
1978,5462,3145,0.4116409718990326
1979,5462,3762,0.4116397202014923
1980,5462,3413,0.41162753105163574
1981,5462,2132,0.41158220171928406
1982,5462,4020,0.4115672707557678
1983,5462,1163,0.4115351438522339
1984,5462,2991,0.4115050435066223
1985,5462,2813,0.4114663004875183
1986,5462,2127,0.41146036982536316
1987,5462,6232,0.41133952140808105
1988,5462,2283,0.4112004041671753
1989,5462,3638,0.4111762046813965
1990,5462,3867,0.4111429452896118
1991,5462,18,0.41108497977256775
1992,5462,2970,0.4110822379589081
1993,5462,3296,0.41098451614379883
1994,5462,123,0.4109480679035187
1995,5462,1825,0.4109182059764862
1996,5462,3691,0.4108996093273163
1997,5462,6230,0.41083839535713196
1998,5462,2585,0.41081503033638
1999,5462,5828,0.41076338291168213
2000,5462,461,0.41067931056022644
2001,5462,3683,0.41065865755081177
2002,5462,1244,0.41063135862350464
2003,5462,3769,0.41060104966163635
2004,5462,1708,0.41057518124580383
2005,5462,2124,0.4105321168899536
2006,5462,1345,0.41042837500572205
2007,5462,5200,0.4104136824607849
2008,5462,916,0.4103287160396576
2009,5462,508,0.41030898690223694
2010,5462,1156,0.4102265238761902
2011,5462,1859,0.41021156311035156
2012,5462,3011,0.41011306643486023
2013,5462,4710,0.4100576639175415
2014,5462,4172,0.4100525379180908
2015,5462,2327,0.41003480553627014
2016,5462,1105,0.4099532663822174
2017,5462,4491,0.40994036197662354
2018,5462,3342,0.4098249673843384
2019,5462,2948,0.4097711741924286
2020,5462,2030,0.40973925590515137
2021,5462,5664,0.40972915291786194
2022,5462,1004,0.40971726179122925
2023,5462,5841,0.4095290005207062
2024,5462,492,0.40950363874435425
2025,5462,5287,0.4094328284263611
2026,5462,2626,0.40941745042800903
2027,5462,5827,0.4093901813030243
2028,5462,5677,0.40938782691955566
2029,5462,5431,0.40938326716423035
2030,5462,1933,0.40937191247940063
2031,5462,3387,0.40920671820640564
2032,5462,2378,0.4091934561729431
2033,5462,5508,0.40919235348701477
2034,5462,6405,0.40916576981544495
2035,5462,5684,0.4090456962585449
2036,5462,2807,0.40896904468536377
2037,5462,1925,0.40892115235328674
2038,5462,1636,0.40891700983047485
2039,5462,5686,0.40887534618377686
2040,5462,3129,0.4088491201400757
2041,5462,3308,0.4087643027305603
2042,5462,1167,0.4087504744529724
2043,5462,1644,0.4087158441543579
2044,5462,2758,0.408692866563797
2045,5462,649,0.408689022064209
2046,5462,1596,0.4086610674858093
2047,5462,1556,0.4086313545703888
2048,5462,356,0.40857818722724915
2049,5462,1947,0.4085429012775421
2050,5462,42,0.4084852337837219
2051,5462,2746,0.4084285795688629
2052,5462,3790,0.40837180614471436
2053,5462,1212,0.4083419442176819
2054,5462,4577,0.4083329439163208
2055,5462,3023,0.40830978751182556
2056,5462,2381,0.40829092264175415
2057,5462,1567,0.4082799553871155
2058,5462,5535,0.40825071930885315
2059,5462,1626,0.4082006812095642
2060,5462,5927,0.40813973546028137
2061,5462,3720,0.40813589096069336
2062,5462,1594,0.4081144332885742
2063,5462,488,0.40807947516441345
2064,5462,4048,0.4080764651298523
2065,5462,3093,0.40792059898376465
2066,5462,1376,0.40784600377082825
2067,5462,1313,0.4078327715396881
2068,5462,5486,0.4078032076358795
2069,5462,3650,0.40779417753219604
2070,5462,56,0.40770527720451355
2071,5462,2041,0.40767553448677063
2072,5462,3392,0.4076088070869446
2073,5462,3101,0.40757620334625244
2074,5462,1304,0.407534122467041
2075,5462,623,0.40747764706611633
2076,5462,2001,0.40745460987091064
2077,5462,417,0.40737423300743103
2078,5462,2059,0.4073556661605835
2079,5462,3473,0.4073488414287567
2080,5462,3321,0.407206267118454
2081,5462,5713,0.4071807563304901
2082,5462,3679,0.4071604609489441
2083,5462,4799,0.40711870789527893
2084,5462,1165,0.40699586272239685
2085,5462,1619,0.4068942666053772
2086,5462,4627,0.40682992339134216
2087,5462,4502,0.40671011805534363
2088,5462,5379,0.40662625432014465
2089,5462,5850,0.40659603476524353
2090,5462,2884,0.4065229296684265
2091,5462,4906,0.4064169228076935
2092,5462,2939,0.406316876411438
2093,5462,4292,0.4062967002391815
2094,5462,3731,0.4062894880771637
2095,5462,3840,0.40628889203071594
2096,5462,3841,0.40628889203071594
2097,5462,5740,0.4062854051589966
2098,5462,3591,0.40627866983413696
2099,5462,3675,0.4062058627605438
2100,5462,3250,0.4060536324977875
2101,5462,928,0.4060288071632385
2102,5462,1860,0.4059993028640747
2103,5462,2775,0.40590834617614746
2104,5462,35,0.4058555066585541
2105,5462,1500,0.405785471200943
2106,5462,2112,0.4057503640651703
2107,5462,5399,0.40572136640548706
2108,5462,4642,0.4056564271450043
2109,5462,5155,0.4055902659893036
2110,5462,357,0.4055137634277344
2111,5462,2871,0.40550053119659424
2112,5462,33,0.4054839015007019
2113,5462,1820,0.40538591146469116
2114,5462,5654,0.40531444549560547
2115,5462,4202,0.40531179308891296
2116,5462,3635,0.40531158447265625
2117,5462,594,0.40513700246810913
2118,5462,2769,0.40511107444763184
2119,5462,1275,0.40508347749710083
2120,5462,1809,0.405076265335083
2121,5462,2398,0.40505313873291016
2122,5462,732,0.4050374925136566
2123,5462,5472,0.4049985408782959
2124,5462,4115,0.40496715903282166
2125,5462,1393,0.40493878722190857
2126,5462,2704,0.40491271018981934
2127,5462,4214,0.4048846960067749
2128,5462,970,0.40478813648223877
2129,5462,4531,0.4047277271747589
2130,5462,1401,0.4047143757343292
2131,5462,2141,0.40465712547302246
2132,5462,927,0.40461695194244385
2133,5462,3743,0.404595285654068
2134,5462,5064,0.4045937657356262
2135,5462,1889,0.4044533967971802
2136,5462,2094,0.4044533967971802
2137,5462,2891,0.40436363220214844
2138,5462,2842,0.40431106090545654
2139,5462,3645,0.404258668422699
2140,5462,3272,0.40422913432121277
2141,5462,1037,0.40422624349594116
2142,5462,5359,0.40420737862586975
2143,5462,332,0.4041999578475952
2144,5462,6216,0.4041832685470581
2145,5462,3771,0.40417614579200745
2146,5462,6119,0.40416622161865234
2147,5462,5018,0.4041188359260559
2148,5462,2674,0.4040627181529999
2149,5462,1545,0.40401923656463623
2150,5462,435,0.40392735600471497
2151,5462,3007,0.4039020836353302
2152,5462,748,0.4038664996623993
2153,5462,4983,0.40385985374450684
2154,5462,1003,0.40385422110557556
2155,5462,5485,0.40384986996650696
2156,5462,4685,0.4038498103618622
2157,5462,2387,0.4037940204143524
2158,5462,2619,0.4037872850894928
2159,5462,3097,0.40373894572257996
2160,5462,2504,0.4037291705608368
2161,5462,4058,0.403687059879303
2162,5462,4832,0.40365713834762573
2163,5462,4729,0.4036490023136139
2164,5462,789,0.40355005860328674
2165,5462,4232,0.4035295248031616
2166,5462,59,0.4035212993621826
2167,5462,5988,0.4034492075443268
2168,5462,4705,0.4034218490123749
2169,5462,1173,0.40339651703834534
2170,5462,1368,0.40336138010025024
2171,5462,5242,0.4033490717411041
2172,5462,1351,0.40332138538360596
2173,5462,1691,0.4033195376396179
2174,5462,3315,0.40319955348968506
2175,5462,993,0.4031919836997986
2176,5462,212,0.4030251204967499
2177,5462,4000,0.402957558631897
2178,5462,5635,0.40294149518013
2179,5462,6295,0.4029406011104584
2180,5462,5385,0.40293219685554504
2181,5462,459,0.40287891030311584
2182,5462,929,0.40284302830696106
2183,5462,1902,0.4027928411960602
2184,5462,2985,0.40278467535972595
2185,5462,2421,0.4027511477470398
2186,5462,6016,0.402744859457016
2187,5462,4957,0.4027301073074341
2188,5462,2764,0.4027094841003418
2189,5462,3161,0.4026356339454651
2190,5462,3624,0.40262171626091003
2191,5462,2453,0.4025688171386719
2192,5462,4617,0.4025673270225525
2193,5462,1564,0.402525395154953
2194,5462,4588,0.4024934470653534
2195,5462,4850,0.40246152877807617
2196,5462,225,0.4024325907230377
2197,5462,4737,0.4024146497249603
2198,5462,2131,0.4023626446723938
2199,5462,4604,0.40235692262649536
2200,5462,744,0.40234747529029846
2201,5462,1253,0.40233108401298523
2202,5462,4105,0.40225690603256226
2203,5462,1152,0.40219035744667053
2204,5462,4814,0.40215086936950684
2205,5462,1812,0.40211212635040283
2206,5462,3727,0.4020870327949524
2207,5462,1197,0.40191230177879333
2208,5462,3647,0.401843398809433
2209,5462,1778,0.4018305838108063
2210,5462,6091,0.4017985165119171
2211,5462,1223,0.4017523527145386
2212,5462,5770,0.40169328451156616
2213,5462,3999,0.4016738533973694
2214,5462,3261,0.40162578225135803
2215,5462,1061,0.40161392092704773
2216,5462,4624,0.4015803933143616
2217,5462,2355,0.40157660841941833
2218,5462,5341,0.4015243351459503
2219,5462,3406,0.4014926552772522
2220,5462,1843,0.4014752209186554
2221,5462,3803,0.40138110518455505
2222,5462,5913,0.4013548791408539
2223,5462,5279,0.4013415575027466
2224,5462,5971,0.40133363008499146
2225,5462,5640,0.4013165533542633
2226,5462,2685,0.40118667483329773
2227,5462,1797,0.40107443928718567
2228,5462,6045,0.4010697901248932
2229,5462,5548,0.40103858709335327
2230,5462,4189,0.4010307192802429
2231,5462,6242,0.40100184082984924
2232,5462,1459,0.4009222686290741
2233,5462,3279,0.40081292390823364
2234,5462,3016,0.4007502496242523
2235,5462,198,0.40070003271102905
2236,5462,2997,0.4006185233592987
2237,5462,2494,0.4005945026874542
2238,5462,361,0.4005887508392334
2239,5462,4077,0.40054553747177124
2240,5462,1280,0.4004199504852295
2241,5462,4578,0.4004061818122864
2242,5462,4159,0.4004030227661133
2243,5462,2035,0.4003918468952179
2244,5462,1277,0.400363564491272
2245,5462,2846,0.4003027081489563
2246,5462,3341,0.400175541639328
2247,5462,302,0.4001283049583435
2248,5462,4882,0.40012025833129883
2249,5462,215,0.4000302255153656
2250,5462,5795,0.40002962946891785
2251,5462,3897,0.39984583854675293
2252,5462,3352,0.3998093903064728
2253,5462,2780,0.3997982144355774
2254,5462,4280,0.3997615873813629
2255,5462,625,0.39970919489860535
2256,5462,3470,0.39970308542251587
2257,5462,3396,0.3996874690055847
2258,5462,3086,0.3996654152870178
2259,5462,2962,0.3996301293373108
2260,5462,197,0.3996241092681885
2261,5462,2546,0.3996237516403198
2262,5462,1501,0.3995647132396698
2263,5462,2664,0.3995395004749298
2264,5462,3914,0.3995147943496704
2265,5462,1967,0.3995085656642914
2266,5462,6353,0.39949944615364075
2267,5462,2054,0.3994809687137604
2268,5462,988,0.3993985056877136
2269,5462,1953,0.3993951380252838
2270,5462,5595,0.3993771970272064
2271,5462,482,0.39926666021347046
2272,5462,5340,0.39926382899284363
2273,5462,4847,0.39925098419189453
2274,5462,5137,0.3992328345775604
2275,5462,97,0.3992065191268921
2276,5462,2936,0.3990917205810547
2277,5462,2894,0.39907577633857727
2278,5462,747,0.3990720510482788
2279,5462,6034,0.3990527093410492
2280,5462,6019,0.39905256032943726
2281,5462,4851,0.3990407884120941
2282,5462,3993,0.39895859360694885
2283,5462,5862,0.39893051981925964
2284,5462,1795,0.3989160656929016
2285,5462,5068,0.39891374111175537
2286,5462,2840,0.398784339427948
2287,5462,5904,0.39876535534858704
2288,5462,1552,0.39846619963645935
2289,5462,2703,0.39845091104507446
2290,5462,55,0.3983726501464844
2291,5462,3329,0.39835652709007263
2292,5462,909,0.3983202278614044
2293,5462,3817,0.39831963181495667
2294,5462,3868,0.39829662442207336
2295,5462,4679,0.3982824385166168
2296,5462,4837,0.3982134759426117
2297,5462,4945,0.39811742305755615
2298,5462,1672,0.3981015682220459
2299,5462,3189,0.39808782935142517
2300,5462,4996,0.3980594873428345
2301,5462,4154,0.3979928493499756
2302,5462,986,0.3979383409023285
2303,5462,6202,0.3979261815547943
2304,5462,5986,0.3979068696498871
2305,5462,121,0.397847443819046
2306,5462,3259,0.39783284068107605
2307,5462,910,0.39781975746154785
2308,5462,3434,0.39777258038520813
2309,5462,4002,0.3977568745613098
2310,5462,3457,0.39771947264671326
2311,5462,4030,0.39769187569618225
2312,5462,4166,0.3976479172706604
2313,5462,201,0.39742395281791687
2314,5462,593,0.39740440249443054
2315,5462,199,0.3973931074142456
2316,5462,5163,0.3973845839500427
2317,5462,5152,0.39735984802246094
2318,5462,1075,0.3973325490951538
2319,5462,5078,0.3973320424556732
2320,5462,2964,0.39727386832237244
2321,5462,2849,0.3972405195236206
2322,5462,4407,0.39722397923469543
2323,5462,2377,0.39713236689567566
2324,5462,5280,0.3971268832683563
2325,5462,2569,0.39712560176849365
2326,5462,4201,0.3970915377140045
2327,5462,768,0.39705222845077515
2328,5462,960,0.3969913423061371
2329,5462,3586,0.39695268869400024
2330,5462,1884,0.3968961238861084
2331,5462,1356,0.3968820571899414
2332,5462,4527,0.3968716561794281
2333,5462,2042,0.39676544070243835
2334,5462,2624,0.3966624438762665
2335,5462,6022,0.39664316177368164
2336,5462,1017,0.3966357707977295
2337,5462,164,0.39662861824035645
2338,5462,5847,0.39647552371025085
2339,5462,51,0.39642074704170227
2340,5462,6043,0.39633825421333313
2341,5462,2655,0.39632877707481384
2342,5462,3078,0.3962970972061157
2343,5462,4654,0.39623379707336426
2344,5462,1252,0.3962138593196869
2345,5462,5771,0.3961353003978729
2346,5462,1639,0.3961328864097595
2347,5462,5461,0.396128386259079
2348,5462,3223,0.3961244225502014
2349,5462,5336,0.3961106538772583
2350,5462,6042,0.39604973793029785
2351,5462,5926,0.3960438072681427
2352,5462,5865,0.39601853489875793
2353,5462,2267,0.396007776260376
2354,5462,4789,0.39594119787216187
2355,5462,207,0.395921528339386
2356,5462,3755,0.3959197998046875
2357,5462,2697,0.39585989713668823
2358,5462,5122,0.39575374126434326
2359,5462,1340,0.39574331045150757
2360,5462,5763,0.3957216739654541
2361,5462,4660,0.3956988751888275
2362,5462,1409,0.39565038681030273
2363,5462,4614,0.3955780565738678
2364,5462,3710,0.3955507278442383
2365,5462,1158,0.39549991488456726
2366,5462,5526,0.3954467177391052
2367,5462,646,0.3953399658203125
2368,5462,1923,0.39531785249710083
2369,5462,1166,0.39519059658050537
2370,5462,4703,0.39517080783843994
2371,5462,5647,0.3951572775840759
2372,5462,1846,0.3951568901538849
2373,5462,1427,0.39512160420417786
2374,5462,5683,0.3951214849948883
2375,5462,1916,0.3950694799423218
2376,5462,765,0.3950345516204834
2377,5462,2201,0.39503079652786255
2378,5462,4899,0.3949664831161499
2379,5462,5915,0.3949056565761566
2380,5462,3567,0.3947378695011139
2381,5462,4893,0.3947317898273468
2382,5462,1378,0.3947039246559143
2383,5462,1875,0.394702672958374
2384,5462,754,0.39469629526138306
2385,5462,3499,0.394679456949234
2386,5462,4878,0.3946646749973297
2387,5462,5700,0.39463508129119873
2388,5462,1833,0.3945935070514679
2389,5462,4478,0.39453765749931335
2390,5462,1230,0.3944970667362213
2391,5462,2190,0.3944266438484192
2392,5462,1993,0.39440131187438965
2393,5462,971,0.3943440020084381
2394,5462,1413,0.3943291902542114
2395,5462,5159,0.39428839087486267
2396,5462,1297,0.394254595041275
2397,5462,2043,0.3942355215549469
2398,5462,6012,0.39418166875839233
2399,5462,5271,0.3941441476345062
2400,5462,3938,0.3940941393375397
2401,5462,2783,0.3940926492214203
2402,5462,4100,0.3940885066986084
2403,5462,3959,0.3940701186656952
2404,5462,3333,0.3940381407737732
2405,5462,5085,0.39403340220451355
2406,5462,3978,0.3940065801143646
2407,5462,3274,0.39387691020965576
2408,5462,1314,0.3938748240470886
2409,5462,2313,0.39386406540870667
2410,5462,2026,0.39380061626434326
2411,5462,2745,0.39377307891845703
2412,5462,1240,0.39373859763145447
2413,5462,253,0.3937344253063202
2414,5462,3184,0.39372774958610535
2415,5462,103,0.3936963677406311
2416,5462,4198,0.3936716318130493
2417,5462,350,0.39363110065460205
2418,5462,5145,0.3935241103172302
2419,5462,1114,0.3934628665447235
2420,5462,4012,0.39344072341918945
2421,5462,5502,0.39342671632766724
2422,5462,3152,0.39342111349105835
2423,5462,2150,0.3934028744697571
2424,5462,1876,0.3934028744697571
2425,5462,5465,0.3933867812156677
2426,5462,4268,0.3933104872703552
2427,5462,2728,0.39326196908950806
2428,5462,3682,0.3932526409626007
2429,5462,4492,0.39309442043304443
2430,5462,3547,0.39309191703796387
2431,5462,870,0.39308255910873413
2432,5462,3656,0.393010675907135
2433,5462,963,0.39291900396347046
2434,5462,1021,0.3929018974304199
2435,5462,925,0.39284008741378784
2436,5462,1948,0.3927195072174072
2437,5462,5550,0.3926806151866913
2438,5462,5928,0.3926774263381958
2439,5462,401,0.3926454186439514
2440,5462,2622,0.39263373613357544
2441,5462,3926,0.3926139771938324
2442,5462,2509,0.3925940990447998
2443,5462,3881,0.3925417959690094
2444,5462,5024,0.3925411105155945
2445,5462,4125,0.3924880027770996
2446,5462,980,0.3924688696861267
2447,5462,4888,0.39242473244667053
2448,5462,2893,0.39240995049476624
2449,5462,4971,0.39240115880966187
2450,5462,967,0.39238977432250977
2451,5462,5992,0.3923588991165161
2452,5462,5757,0.3923499584197998
2453,5462,6178,0.39231637120246887
2454,5462,2219,0.3923060894012451
2455,5462,1918,0.3922818899154663
2456,5462,3854,0.3922044038772583
2457,5462,1162,0.3921547830104828
2458,5462,4881,0.3921424150466919
2459,5462,2416,0.3920539915561676
2460,5462,384,0.3919143080711365
2461,5462,4817,0.3918805718421936
2462,5462,4501,0.3918462097644806
2463,5462,1377,0.39184537529945374
2464,5462,5776,0.39182713627815247
2465,5462,2731,0.3918258547782898
2466,5462,1372,0.39181411266326904
2467,5462,3168,0.3917351961135864
2468,5462,5490,0.39172959327697754
2469,5462,3581,0.391726553440094
2470,5462,4770,0.39171430468559265
2471,5462,4849,0.3917137384414673
2472,5462,2307,0.3916873037815094
2473,5462,5432,0.3916832208633423
2474,5462,1787,0.3916563093662262
2475,5462,3866,0.39160317182540894
2476,5462,3880,0.39158621430397034
2477,5462,2437,0.3915449380874634
2478,5462,244,0.3915155231952667
2479,5462,4476,0.39149436354637146
2480,5462,1050,0.3914821147918701
2481,5462,6240,0.3914542496204376
2482,5462,2644,0.3914274573326111
2483,5462,3186,0.39129766821861267
2484,5462,1687,0.391258180141449
2485,5462,65,0.39124611020088196
2486,5462,3506,0.3911722004413605
2487,5462,3469,0.3911570608615875
2488,5462,4236,0.3911036550998688
2489,5462,2080,0.39106249809265137
2490,5462,5842,0.3910588026046753
2491,5462,3305,0.39097359776496887
2492,5462,5562,0.3908848166465759
2493,5462,4161,0.39088162779808044
2494,5462,4010,0.3908528983592987
2495,5462,3197,0.3908523917198181
2496,5462,1175,0.39074212312698364
2497,5462,1417,0.3907334506511688
2498,5462,3312,0.3906911313533783
2499,5462,2116,0.39066123962402344
2500,5462,3918,0.3906409740447998
2501,5462,1772,0.3906409442424774
2502,5462,1504,0.3906382620334625
2503,5462,4719,0.3906368315219879
2504,5462,2755,0.3905995488166809
2505,5462,1185,0.3904847502708435
2506,5462,5724,0.3904755115509033
2507,5462,664,0.3904705047607422
2508,5462,445,0.3903719186782837
2509,5462,5494,0.39031967520713806
2510,5462,1347,0.39031410217285156
2511,5462,5070,0.3903121054172516
2512,5462,3735,0.3903065323829651
2513,5462,4535,0.39029020071029663
2514,5462,4225,0.39028292894363403
2515,5462,5097,0.39026740193367004
2516,5462,4078,0.39025557041168213
2517,5462,2717,0.3902513384819031
2518,5462,1218,0.39022329449653625
2519,5462,2405,0.3901965916156769
2520,5462,3167,0.3901696503162384
2521,5462,1150,0.39016878604888916
2522,5462,5679,0.39016541838645935
2523,5462,2977,0.39015287160873413
2524,5462,5251,0.3901278078556061
2525,5462,1629,0.3900550305843353
2526,5462,1375,0.390010267496109
2527,5462,6220,0.3899828791618347
2528,5462,1171,0.38996005058288574
2529,5462,2845,0.38993003964424133
2530,5462,2473,0.3898850381374359
2531,5462,2724,0.38987696170806885
2532,5462,3190,0.38985756039619446
2533,5462,3815,0.38985273241996765
2534,5462,2048,0.3898187279701233
2535,5462,2600,0.3897915780544281
2536,5462,2018,0.38975632190704346
2537,5462,6154,0.38970354199409485
2538,5462,4768,0.38959118723869324
2539,5462,2113,0.389558345079422
2540,5462,232,0.38949939608573914
2541,5462,81,0.3894745707511902
2542,5462,1343,0.3894525170326233
2543,5462,1980,0.38942232728004456
2544,5462,2652,0.389413058757782
2545,5462,2040,0.38936981558799744
2546,5462,2958,0.38924601674079895
2547,5462,1701,0.389243483543396
2548,5462,2511,0.38919922709465027
2549,5462,1851,0.38916388154029846
2550,5462,836,0.38910841941833496
2551,5462,4611,0.389085054397583
2552,5462,3099,0.3890259563922882
2553,5462,2446,0.38892364501953125
2554,5462,5286,0.38892173767089844
2555,5462,1808,0.38889482617378235
2556,5462,306,0.3888397812843323
2557,5462,5505,0.38879790902137756
2558,5462,862,0.38872137665748596
2559,5462,3171,0.38865926861763
2560,5462,834,0.3886526823043823
2561,5462,6180,0.38856589794158936
2562,5462,4401,0.3885561227798462
2563,5462,1217,0.38851767778396606
2564,5462,522,0.3884224593639374
2565,5462,5653,0.3883945345878601
2566,5462,4082,0.38838085532188416
2567,5462,4213,0.3883671462535858
2568,5462,1225,0.3883506953716278
2569,5462,1164,0.3883490562438965
2570,5462,4464,0.3883468210697174
2571,5462,3000,0.38834044337272644
2572,5462,2681,0.38824450969696045
2573,5462,5857,0.3882239758968353
2574,5462,3075,0.3882221579551697
2575,5462,404,0.3882093131542206
2576,5462,3775,0.3881520926952362
2577,5462,3952,0.3881153464317322
2578,5462,2413,0.3880351483821869
2579,5462,5873,0.38798826932907104
2580,5462,236,0.3879806697368622
2581,5462,280,0.3878692090511322
2582,5462,2880,0.38781973719596863
2583,5462,709,0.38781872391700745
2584,5462,5804,0.38775351643562317
2585,5462,3614,0.38768133521080017
2586,5462,5858,0.38764631748199463
2587,5462,4227,0.3875896632671356
2588,5462,1453,0.3875442445278168
2589,5462,2047,0.3875349760055542
2590,5462,5466,0.3874792754650116
2591,5462,3512,0.3874509036540985
2592,5462,5005,0.387347936630249
2593,5462,2786,0.38733920454978943
2594,5462,4835,0.3872841000556946
2595,5462,4121,0.3872777819633484
2596,5462,4890,0.3871970474720001
2597,5462,1640,0.38717716932296753
2598,5462,156,0.3871687054634094
2599,5462,700,0.3870592713356018
2600,5462,1839,0.387055367231369
2601,5462,4549,0.38702112436294556
2602,5462,3351,0.3869827389717102
2603,5462,464,0.38693854212760925
2604,5462,3442,0.3869118094444275
2605,5462,3313,0.3869118094444275
2606,5462,5813,0.386900931596756
2607,5462,5520,0.38689985871315
2608,5462,4587,0.3868640661239624
2609,5462,284,0.386810302734375
2610,5462,3801,0.3867284655570984
2611,5462,5576,0.38672760128974915
2612,5462,5643,0.3867229223251343
2613,5462,4190,0.3867189288139343
2614,5462,3604,0.38671502470970154
2615,5462,1242,0.3866950571537018
2616,5462,158,0.38666924834251404
2617,5462,1837,0.386636346578598
2618,5462,4203,0.3866214454174042
2619,5462,1303,0.3865448236465454
2620,5462,213,0.38652512431144714
2621,5462,1992,0.38651329278945923
2622,5462,4514,0.38649871945381165
2623,5462,1402,0.3864791691303253
2624,5462,2930,0.3864702582359314
2625,5462,5907,0.38644087314605713
2626,5462,1511,0.38643425703048706
2627,5462,373,0.3863753080368042
2628,5462,2145,0.38637039065361023
2629,5462,3231,0.3862764835357666
2630,5462,3109,0.386261522769928
2631,5462,2762,0.3862485885620117
2632,5462,4773,0.38620200753211975
2633,5462,2016,0.3861945569515228
2634,5462,80,0.3861556649208069
2635,5462,4240,0.3859858810901642
2636,5462,2191,0.3859047293663025
2637,5462,3232,0.38589563965797424
2638,5462,758,0.3858558237552643
2639,5462,923,0.38585156202316284
2640,5462,3603,0.3858465254306793
2641,5462,1774,0.385834276676178
2642,5462,211,0.38575124740600586
2643,5462,1949,0.38571232557296753
2644,5462,2800,0.38569876551628113
2645,5462,5918,0.38562268018722534
2646,5462,2761,0.3855622112751007
2647,5462,2650,0.38556089997291565
2648,5462,2782,0.38554805517196655
2649,5462,4664,0.3855298161506653
2650,5462,2028,0.385528564453125
2651,5462,2019,0.3855217695236206
2652,5462,2986,0.3855205476284027
2653,5462,4794,0.38552016019821167
2654,5462,4648,0.385488361120224
2655,5462,2165,0.3854179382324219
2656,5462,4715,0.3853731155395508
2657,5462,660,0.3853597640991211
2658,5462,3289,0.3853510618209839
2659,5462,509,0.38515350222587585
2660,5462,2557,0.3850783705711365
2661,5462,3146,0.3850422501564026
2662,5462,1540,0.38500574231147766
2663,5462,379,0.38497453927993774
2664,5462,3672,0.3849542438983917
2665,5462,5426,0.38494712114334106
2666,5462,5788,0.38493621349334717
2667,5462,3799,0.3849051892757416
2668,5462,3884,0.3848481774330139
2669,5462,735,0.38484615087509155
2670,5462,6334,0.38481417298316956
2671,5462,1544,0.38474729657173157
2672,5462,3971,0.3847059905529022
2673,5462,5266,0.38463231921195984
2674,5462,5596,0.3846311867237091
2675,5462,3865,0.38455212116241455
2676,5462,3610,0.38454708456993103
2677,5462,6312,0.38449954986572266
2678,5462,1018,0.38445723056793213
2679,5462,1391,0.38436585664749146
2680,5462,4267,0.38436514139175415
2681,5462,2935,0.38434791564941406
2682,5462,5940,0.3843420445919037
2683,5462,3076,0.3842979967594147
2684,5462,2759,0.38427087664604187
2685,5462,2593,0.38424697518348694
2686,5462,276,0.38416245579719543
2687,5462,1489,0.38414931297302246
2688,5462,1887,0.38414740562438965
2689,5462,2022,0.38414618372917175
2690,5462,5629,0.38411396741867065
2691,5462,1436,0.38410860300064087
2692,5462,1979,0.3840765953063965
2693,5462,4199,0.38406825065612793
2694,5462,1840,0.3840498924255371
2695,5462,2812,0.3840205669403076
2696,5462,958,0.3839792311191559
2697,5462,1641,0.3839623034000397
2698,5462,3027,0.383943647146225
2699,5462,3269,0.38391533493995667
2700,5462,5253,0.38380885124206543
2701,5462,4980,0.3837950825691223
2702,5462,1237,0.3837328553199768
2703,5462,1190,0.3837328553199768
2704,5462,3228,0.3837205469608307
2705,5462,2462,0.38370993733406067
2706,5462,3882,0.3836534321308136
2707,5462,1353,0.3836316168308258
2708,5462,4107,0.38360491394996643
2709,5462,1328,0.3835087716579437
2710,5462,4412,0.3834848403930664
2711,5462,3830,0.383476585149765
2712,5462,1196,0.38344117999076843
2713,5462,2208,0.38336825370788574
2714,5462,1913,0.3833281099796295
2715,5462,2518,0.3832772374153137
2716,5462,2794,0.3831527531147003
2717,5462,1211,0.3831506073474884
2718,5462,5515,0.3831491470336914
2719,5462,1381,0.38310110569000244
2720,5462,4580,0.3830926716327667
2721,5462,255,0.38305145502090454
2722,5462,3253,0.3830365538597107
2723,5462,2236,0.3830001950263977
2724,5462,5694,0.38292789459228516
2725,5462,1491,0.3829166293144226
2726,5462,1305,0.3828849494457245
2727,5462,780,0.3828718960285187
2728,5462,3096,0.3828071057796478
2729,5462,1131,0.38279980421066284
2730,5462,4744,0.3827982246875763
2731,5462,2708,0.3827027678489685
2732,5462,2090,0.3825857937335968
2733,5462,3887,0.38256457448005676
2734,5462,2765,0.3825260102748871
2735,5462,4538,0.3825211822986603
2736,5462,110,0.38250958919525146
2737,5462,691,0.382455050945282
2738,5462,706,0.3824426531791687
2739,5462,4249,0.38236674666404724
2740,5462,1207,0.38234755396842957
2741,5462,5877,0.38233569264411926
2742,5462,1176,0.3823075592517853
2743,5462,4528,0.3822978436946869
2744,5462,2672,0.3822682201862335
2745,5462,1597,0.38223040103912354
2746,5462,4795,0.3822149932384491
2747,5462,6150,0.3821977972984314
2748,5462,1773,0.38218170404434204
2749,5462,6331,0.38218122720718384
2750,5462,3448,0.3821791112422943
2751,5462,1160,0.382155179977417
2752,5462,4615,0.3821061849594116
2753,5462,6392,0.38209205865859985
2754,5462,2687,0.3820888102054596
2755,5462,3913,0.3820556700229645
2756,5462,1425,0.3820445239543915
2757,5462,5237,0.3820336163043976
2758,5462,5166,0.38203200697898865
2759,5462,3150,0.3819619417190552
2760,5462,3265,0.38195767998695374
2761,5462,1995,0.38189107179641724
2762,5462,3751,0.38185444474220276
2763,5462,432,0.3818466365337372
2764,5462,150,0.38171637058258057
2765,5462,2714,0.38166341185569763
2766,5462,6354,0.3816606402397156
2767,5462,2211,0.3816452920436859
2768,5462,4332,0.3816181719303131
2769,5462,4047,0.3816128969192505
2770,5462,3904,0.3815877437591553
2771,5462,4111,0.38154059648513794
2772,5462,1964,0.38150960206985474
2773,5462,442,0.38148704171180725
2774,5462,214,0.3814001977443695
2775,5462,4645,0.3813943564891815
2776,5462,5171,0.38137415051460266
2777,5462,3524,0.3813546597957611
2778,5462,6152,0.38133084774017334
2779,5462,1247,0.38127851486206055
2780,5462,2573,0.38125818967819214
2781,5462,2258,0.3811812102794647
2782,5462,1539,0.38112473487854004
2783,5462,5908,0.3810984194278717
2784,5462,6046,0.38108763098716736
2785,5462,2325,0.3810558617115021
2786,5462,3239,0.3810201585292816
2787,5462,4599,0.3808973431587219
2788,5462,906,0.3808939456939697
2789,5462,2126,0.3808544874191284
2790,5462,1301,0.38084977865219116
2791,5462,4171,0.38082998991012573
2792,5462,1788,0.38077595829963684
2793,5462,3849,0.3807729184627533
2794,5462,5958,0.3806711435317993
2795,5462,4725,0.3806450664997101
2796,5462,3594,0.38062620162963867
2797,5462,6092,0.38056012988090515
2798,5462,3832,0.3805563151836395
2799,5462,641,0.38055160641670227
2800,5462,2587,0.3805489242076874
2801,5462,5996,0.38049986958503723
2802,5462,3853,0.3804672062397003
2803,5462,4254,0.3803490102291107
2804,5462,2857,0.38034144043922424
2805,5462,778,0.3802889585494995
2806,5462,1697,0.38025999069213867
2807,5462,2275,0.3802352249622345
2808,5462,5455,0.38020598888397217
2809,5462,3398,0.38019630312919617
2810,5462,1479,0.3801519274711609
2811,5462,2772,0.38015174865722656
2812,5462,4463,0.38014402985572815
2813,5462,5554,0.3801399767398834
2814,5462,5007,0.38013431429862976
2815,5462,1694,0.380026251077652
2816,5462,1279,0.37999865412712097
2817,5462,3319,0.37999653816223145
2818,5462,3862,0.3799804747104645
2819,5462,3856,0.3799298107624054
2820,5462,5362,0.37991097569465637
2821,5462,1011,0.3799072802066803
2822,5462,3235,0.37983834743499756
2823,5462,2063,0.37983471155166626
2824,5462,671,0.37981781363487244
2825,5462,2735,0.3796856701374054
2826,5462,2785,0.37966781854629517
2827,5462,1976,0.37954553961753845
2828,5462,266,0.3794803321361542
2829,5462,2680,0.37943628430366516
2830,5462,358,0.3794125020503998
2831,5462,3986,0.37940821051597595
2832,5462,3468,0.37940528988838196
2833,5462,5369,0.3793988823890686
2834,5462,287,0.3793953061103821
2835,5462,4212,0.3793812394142151
2836,5462,5919,0.3793737292289734
2837,5462,4939,0.3793611228466034
2838,5462,3934,0.37929731607437134
2839,5462,2044,0.3792654573917389
2840,5462,4543,0.37926313281059265
2841,5462,5189,0.37921667098999023
2842,5462,4831,0.37920570373535156
2843,5462,4118,0.379201740026474
2844,5462,811,0.3791723847389221
2845,5462,5493,0.37915757298469543
2846,5462,4657,0.37912049889564514
2847,5462,5400,0.37907862663269043
2848,5462,1041,0.37905392050743103
2849,5462,279,0.3790043592453003
2850,5462,4262,0.3790004551410675
2851,5462,5347,0.3789313733577728
2852,5462,3878,0.3788382112979889
2853,5462,2389,0.37881946563720703
2854,5462,3267,0.378814160823822
2855,5462,1932,0.37877601385116577
2856,5462,4122,0.3787589967250824
2857,5462,309,0.3787560760974884
2858,5462,1573,0.37873387336730957
2859,5462,402,0.37869298458099365
2860,5462,5430,0.37866735458374023
2861,5462,1761,0.3786200284957886
2862,5462,4165,0.37860730290412903
2863,5462,799,0.37856850028038025
2864,5462,6010,0.378525972366333
2865,5462,608,0.37847426533699036
2866,5462,2338,0.3784548044204712
2867,5462,5624,0.3784368932247162
2868,5462,3169,0.37840571999549866
2869,5462,880,0.378346711397171
2870,5462,1431,0.3781721591949463
2871,5462,1221,0.37816181778907776
2872,5462,1536,0.37815675139427185
2873,5462,3280,0.37815240025520325
2874,5462,5002,0.3781198263168335
2875,5462,3607,0.37804797291755676
2876,5462,2570,0.3780273199081421
2877,5462,391,0.37800833582878113
2878,5462,4865,0.3779902160167694
2879,5462,5552,0.3777908980846405
2880,5462,6171,0.37773850560188293
2881,5462,5066,0.3775387108325958
2882,5462,4792,0.37751877307891846
2883,5462,5164,0.37740153074264526
2884,5462,5690,0.3773825764656067
2885,5462,4311,0.3773581385612488
2886,5462,699,0.3772621154785156
2887,5462,2820,0.37725913524627686
2888,5462,3013,0.37724339962005615
2889,5462,264,0.37701690196990967
2890,5462,2727,0.3770154118537903
2891,5462,1115,0.37700891494750977
2892,5462,4297,0.3770027458667755
2893,5462,5823,0.3769148290157318
2894,5462,2500,0.3768502473831177
2895,5462,4112,0.37679433822631836
2896,5462,1934,0.3767559826374054
2897,5462,3589,0.37674665451049805
2898,5462,3050,0.37672504782676697
2899,5462,2227,0.3766986131668091
2900,5462,354,0.37665924429893494
2901,5462,1383,0.3766418397426605
2902,5462,2927,0.3766249716281891
2903,5462,4947,0.37658819556236267
2904,5462,4736,0.3764592409133911
2905,5462,4985,0.37645435333251953
2906,5462,887,0.37638619542121887
2907,5462,3461,0.37638381123542786
2908,5462,6302,0.3763822019100189
2909,5462,4984,0.3763469159603119
2910,5462,4219,0.3763304054737091
2911,5462,704,0.3763241469860077
2912,5462,2951,0.3763074278831482
2913,5462,2241,0.3762545585632324
2914,5462,2521,0.37621283531188965
2915,5462,1480,0.37619689106941223
2916,5462,6218,0.3761020302772522
2917,5462,1966,0.3760833442211151
2918,5462,1882,0.3760715425014496
2919,5462,5539,0.3760603368282318
2920,5462,733,0.37602800130844116
2921,5462,5352,0.37597590684890747
2922,5462,1068,0.37584540247917175
2923,5462,1475,0.3757672607898712
2924,5462,2335,0.3757328689098358
2925,5462,5284,0.3757125437259674
2926,5462,2075,0.3756260573863983
2927,5462,2345,0.37559589743614197
2928,5462,2301,0.375592976808548
2929,5462,1316,0.37558645009994507
2930,5462,5751,0.3755798637866974
2931,5462,773,0.3755606412887573
2932,5462,1112,0.37554991245269775
2933,5462,1226,0.37543028593063354
2934,5462,1194,0.37543028593063354
2935,5462,3819,0.37542471289634705
2936,5462,5627,0.37538987398147583
2937,5462,5759,0.3752860426902771
2938,5462,4057,0.3752318322658539
2939,5462,1769,0.3752291798591614
2940,5462,4783,0.37522104382514954
2941,5462,5837,0.37521883845329285
2942,5462,2088,0.3752151429653168
2943,5462,1869,0.3752151429653168
2944,5462,5899,0.3751979172229767
2945,5462,188,0.37516847252845764
2946,5462,2726,0.37516453862190247
2947,5462,1852,0.37515345215797424
2948,5462,382,0.3751288950443268
2949,5462,4623,0.37506046891212463
2950,5462,3623,0.37502795457839966
2951,5462,3659,0.3750090003013611
2952,5462,2106,0.37499433755874634
2953,5462,2068,0.3749818503856659
2954,5462,2673,0.3749614655971527
2955,5462,4496,0.37495648860931396
2956,5462,1016,0.37491875886917114
2957,5462,4340,0.37491172552108765
2958,5462,1541,0.37488609552383423
2959,5462,2707,0.37484779953956604
2960,5462,2971,0.3748454451560974
2961,5462,3822,0.3748204708099365
2962,5462,2166,0.37479421496391296
2963,5462,1829,0.3747929334640503
2964,5462,5119,0.37477126717567444
2965,5462,3759,0.3747471570968628
2966,5462,3196,0.3747401237487793
2967,5462,4366,0.374738484621048
2968,5462,3843,0.37472426891326904
2969,5462,4124,0.3746945858001709
2970,5462,2634,0.37468576431274414
2971,5462,4842,0.3746805191040039
2972,5462,5674,0.3746216297149658
2973,5462,4780,0.3745826482772827
2974,5462,1771,0.37454554438591003
2975,5462,504,0.37452203035354614
2976,5462,6324,0.37430286407470703
2977,5462,3823,0.37427812814712524
2978,5462,3760,0.37420886754989624
2979,5462,5721,0.37417787313461304
2980,5462,3839,0.37414491176605225
2981,5462,756,0.3741186559200287
2982,5462,4840,0.37410077452659607
2983,5462,4991,0.37408706545829773
2984,5462,4874,0.3740703761577606
2985,5462,1620,0.3740672171115875
2986,5462,2216,0.3739834725856781
2987,5462,1204,0.3739708662033081
2988,5462,3143,0.373942106962204
2989,5462,529,0.37380242347717285
2990,5462,4603,0.3737935423851013
2991,5462,4248,0.37378990650177
2992,5462,4069,0.3737814724445343
2993,5462,563,0.3737567365169525
2994,5462,5648,0.3737559914588928
2995,5462,3126,0.373748242855072
2996,5462,6093,0.3737475275993347
2997,5462,365,0.37371519207954407
2998,5462,1324,0.3736705780029297
2999,5462,5546,0.3736201524734497
3000,5462,3496,0.3736139237880707
3001,5462,4570,0.37356749176979065
3002,5462,4988,0.37356725335121155
3003,5462,4215,0.37351110577583313
3004,5462,2429,0.37344253063201904
3005,5462,4619,0.37336084246635437
3006,5462,2077,0.37328749895095825
3007,5462,982,0.3732650578022003
3008,5462,5275,0.37326428294181824
3009,5462,5441,0.3732401728630066
3010,5462,6165,0.37322354316711426
3011,5462,4801,0.37315088510513306
3012,5462,2096,0.3731357455253601
3013,5462,5825,0.37308430671691895
3014,5462,2070,0.37305206060409546
3015,5462,1877,0.37305206060409546
3016,5462,5824,0.3730205297470093
3017,5462,5557,0.37299907207489014
3018,5462,3756,0.3729686737060547
3019,5462,546,0.3729550540447235
3020,5462,5741,0.3729456663131714
3021,5462,2231,0.3729398548603058
3022,5462,703,0.37293240427970886
3023,5462,4853,0.37293192744255066
3024,5462,6172,0.3728775382041931
3025,5462,5525,0.3728597164154053
3026,5462,4177,0.3728190064430237
3027,5462,1468,0.372814416885376
3028,5462,4731,0.37280115485191345
3029,5462,3929,0.37275421619415283
3030,5462,6112,0.37258100509643555
3031,5462,4994,0.372574120759964
3032,5462,3517,0.37253764271736145
3033,5462,3008,0.372511625289917
3034,5462,4767,0.372485876083374
3035,5462,1989,0.37244436144828796
3036,5462,5976,0.37243565917015076
3037,5462,5052,0.37243086099624634
3038,5462,2484,0.3724081218242645
3039,5462,1890,0.3723286986351013
3040,5462,2426,0.37232744693756104
3041,5462,2912,0.3723192811012268
3042,5462,3080,0.37228092551231384
3043,5462,3327,0.3722664713859558
3044,5462,2617,0.3721425235271454
3045,5462,3772,0.37213918566703796
3046,5462,5802,0.37212252616882324
3047,5462,6039,0.37206923961639404
3048,5462,1136,0.3720564544200897
3049,5462,2069,0.37201112508773804
3050,5462,3829,0.37199559807777405
3051,5462,1542,0.371992290019989
3052,5462,945,0.3719218075275421
3053,5462,277,0.3718971610069275
3054,5462,779,0.37188029289245605
3055,5462,298,0.3718733787536621
3056,5462,507,0.37186792492866516
3057,5462,1649,0.37184709310531616
3058,5462,331,0.3717682957649231
3059,5462,4064,0.3717597723007202
3060,5462,1921,0.3717360496520996
3061,5462,1255,0.3716910183429718
3062,5462,5162,0.3716549873352051
3063,5462,2276,0.37155044078826904
3064,5462,154,0.37154054641723633
3065,5462,466,0.37153205275535583
3066,5462,5894,0.37144410610198975
3067,5462,2933,0.37140583992004395
3068,5462,2915,0.37139084935188293
3069,5462,1943,0.3713825047016144
3070,5462,1168,0.37137070298194885
3071,5462,4017,0.37135204672813416
3072,5462,310,0.3713409900665283
3073,5462,4812,0.37133723497390747
3074,5462,5118,0.3713333010673523
3075,5462,2967,0.3713243305683136
3076,5462,4620,0.3712344467639923
3077,5462,1716,0.37121424078941345
3078,5462,5897,0.37115365266799927
3079,5462,3047,0.3710211217403412
3080,5462,6238,0.3710191547870636
3081,5462,3577,0.37100154161453247
3082,5462,5303,0.37096738815307617
3083,5462,3522,0.3709670901298523
3084,5462,4116,0.37093889713287354
3085,5462,5848,0.37092310190200806
3086,5462,2965,0.37087538838386536
3087,5462,1071,0.3708351254463196
3088,5462,13,0.3708351254463196
3089,5462,5334,0.3708351254463196
3090,5462,1043,0.3708351254463196
3091,5462,3584,0.3708351254463196
3092,5462,3550,0.3708351254463196
3093,5462,5333,0.3708351254463196
3094,5462,344,0.3708351254463196
3095,5462,4622,0.3708351254463196
3096,5462,1683,0.3708351254463196
3097,5462,3576,0.3708351254463196
3098,5462,3757,0.3708351254463196
3099,5462,5043,0.3708351254463196
3100,5462,5121,0.3708351254463196
3101,5462,102,0.3708351254463196
3102,5462,3271,0.3708351254463196
3103,5462,2929,0.3708351254463196
3104,5462,2917,0.3708351254463196
3105,5462,2911,0.3708351254463196
3106,5462,3876,0.3708351254463196
3107,5462,6198,0.3708351254463196
3108,5462,3780,0.3708351254463196
3109,5462,3795,0.3708351254463196
3110,5462,1583,0.3708351254463196
3111,5462,1578,0.3708351254463196
3112,5462,4690,0.3708351254463196
3113,5462,2342,0.3708351254463196
3114,5462,1397,0.37079256772994995
3115,5462,2290,0.37078219652175903
3116,5462,5283,0.37071850895881653
3117,5462,145,0.3707176446914673
3118,5462,2838,0.37070444226264954
3119,5462,2087,0.3706968128681183
3120,5462,3806,0.3706585764884949
3121,5462,3085,0.37053388357162476
3122,5462,5783,0.37047314643859863
3123,5462,5518,0.37038224935531616
3124,5462,425,0.3703814446926117
3125,5462,3784,0.37023189663887024
3126,5462,5416,0.37021124362945557
3127,5462,4600,0.3702048063278198
3128,5462,4560,0.37007561326026917
3129,5462,5744,0.370061993598938
3130,5462,3369,0.3700522184371948
3131,5462,5852,0.37004590034484863
3132,5462,3852,0.37002500891685486
3133,5462,2139,0.36995217204093933
3134,5462,1007,0.3699515163898468
3135,5462,3787,0.3699289560317993
3136,5462,6307,0.36988702416419983
3137,5462,3651,0.36985981464385986
3138,5462,6173,0.369828462600708
3139,5462,3249,0.36976322531700134
3140,5462,3875,0.369739294052124
3141,5462,5355,0.36973220109939575
3142,5462,6267,0.3697158694267273
3143,5462,157,0.3697023391723633
3144,5462,4815,0.3696843087673187
3145,5462,1246,0.3696761131286621
3146,5462,2877,0.3696305751800537
3147,5462,2542,0.369613379240036
3148,5462,185,0.36960434913635254
3149,5462,5534,0.3695623576641083
3150,5462,1532,0.3694876432418823
3151,5462,3969,0.36945489048957825
3152,5462,4295,0.3694191873073578
3153,5462,5422,0.36940473318099976
3154,5462,4806,0.36935481429100037
3155,5462,689,0.36934182047843933
3156,5462,1669,0.36925461888313293
3157,5462,4544,0.3692305088043213
3158,5462,1513,0.3692130148410797
3159,5462,2918,0.36920568346977234
3160,5462,1892,0.3691449761390686
3161,5462,5939,0.36910533905029297
3162,5462,3031,0.3690945506095886
3163,5462,1849,0.36907726526260376
3164,5462,2006,0.36907726526260376
3165,5462,519,0.3690098822116852
3166,5462,4398,0.3689918518066406
3167,5462,6008,0.3689705729484558
3168,5462,4230,0.3688635230064392
3169,5462,1264,0.3687945008277893
3170,5462,1133,0.36878055334091187
3171,5462,1410,0.3687590956687927
3172,5462,4829,0.3687071204185486
3173,5462,1318,0.36868253350257874
3174,5462,4856,0.3686809539794922
3175,5462,5676,0.3686697781085968
3176,5462,6031,0.36866873502731323
3177,5462,3967,0.3686589300632477
3178,5462,3252,0.36856359243392944
3179,5462,766,0.3685520589351654
3180,5462,4251,0.3685457408428192
3181,5462,78,0.3685046136379242
3182,5462,4934,0.36846688389778137
3183,5462,1178,0.3684317469596863
3184,5462,381,0.3684141933917999
3185,5462,3282,0.36841365694999695
3186,5462,5013,0.368376225233078
3187,5462,490,0.3682776987552643
3188,5462,4897,0.3682708442211151
3189,5462,4858,0.36824309825897217
3190,5462,3748,0.3681817352771759
3191,5462,4844,0.3681705892086029
3192,5462,378,0.3681286573410034
3193,5462,722,0.368101567029953
3194,5462,4029,0.3680724799633026
3195,5462,5167,0.36806604266166687
3196,5462,5966,0.3680509328842163
3197,5462,1895,0.36803531646728516
3198,5462,4550,0.3679991364479065
3199,5462,2093,0.3679492771625519
3200,5462,2073,0.3679440915584564
3201,5462,2947,0.3679283559322357
3202,5462,5240,0.36790817975997925
3203,5462,2709,0.36789470911026
3204,5462,6274,0.36779630184173584
3205,5462,3459,0.367739200592041
3206,5462,763,0.3677351474761963
3207,5462,1271,0.3677230477333069
3208,5462,305,0.3677196800708771
3209,5462,4917,0.3677079677581787
3210,5462,4955,0.36768603324890137
3211,5462,124,0.3676658868789673
3212,5462,109,0.3676409423351288
3213,5462,2774,0.36758726835250854
3214,5462,5470,0.36756864190101624
3215,5462,4601,0.36755919456481934
3216,5462,4697,0.36754631996154785
3217,5462,1229,0.3675360679626465
3218,5462,1154,0.3675043284893036
3219,5462,1394,0.3675026595592499
3220,5462,5031,0.36745765805244446
3221,5462,2953,0.36734727025032043
3222,5462,1651,0.367269366979599
3223,5462,5439,0.36719077825546265
3224,5462,5868,0.3671754002571106
3225,5462,3432,0.3671591281890869
3226,5462,5404,0.36711710691452026
3227,5462,2978,0.3670317828655243
3228,5462,3611,0.3670085668563843
3229,5462,3153,0.36700624227523804
3230,5462,337,0.3669959604740143
3231,5462,5775,0.3669956922531128
3232,5462,1339,0.3669339418411255
3233,5462,3965,0.3668713867664337
3234,5462,3045,0.3668248653411865
3235,5462,4609,0.3668176233768463
3236,5462,5071,0.36680787801742554
3237,5462,4141,0.36678066849708557
3238,5462,3407,0.3667442798614502
3239,5462,979,0.3667171597480774
3240,5462,1238,0.3666226267814636
3241,5462,3706,0.36658114194869995
3242,5462,216,0.366580605506897
3243,5462,257,0.36640000343322754
3244,5462,888,0.3663804829120636
3245,5462,2886,0.3663737177848816
3246,5462,1113,0.3663465976715088
3247,5462,4034,0.36633366346359253
3248,5462,111,0.36630651354789734
3249,5462,5903,0.3662894368171692
3250,5462,5050,0.3662627339363098
3251,5462,3117,0.366245299577713
3252,5462,2508,0.36621370911598206
3253,5462,627,0.36618441343307495
3254,5462,388,0.36603376269340515
3255,5462,3042,0.36603108048439026
3256,5462,374,0.3660109043121338
3257,5462,321,0.3659128248691559
3258,5462,5574,0.36581557989120483
3259,5462,1101,0.36580970883369446
3260,5462,4139,0.3658072352409363
3261,5462,5658,0.36579880118370056
3262,5462,1191,0.3657902181148529
3263,5462,1648,0.36575746536254883
3264,5462,108,0.3656514585018158
3265,5462,5838,0.36557507514953613
3266,5462,6142,0.36553916335105896
3267,5462,6108,0.36551299691200256
3268,5462,3052,0.3655007481575012
3269,5462,5062,0.36543887853622437
3270,5462,410,0.36542338132858276
3271,5462,5236,0.3654199540615082
3272,5462,1192,0.3654169738292694
3273,5462,5223,0.3653627038002014
3274,5462,473,0.36518409848213196
3275,5462,1601,0.3651781678199768
3276,5462,5747,0.3651622235774994
3277,5462,3962,0.3651416599750519
3278,5462,1380,0.3651197552680969
3279,5462,4259,0.365083783864975
3280,5462,1232,0.3650659918785095
3281,5462,346,0.36497700214385986
3282,5462,1388,0.36496680974960327
3283,5462,3899,0.36492863297462463
3284,5462,5750,0.36492130160331726
3285,5462,3266,0.3649120330810547
3286,5462,674,0.36487120389938354
3287,5462,2232,0.3648374080657959
3288,5462,5343,0.3648339807987213
3289,5462,2343,0.36480948328971863
3290,5462,113,0.3645872175693512
3291,5462,4838,0.3645201325416565
3292,5462,24,0.36449843645095825
3293,5462,3699,0.36444592475891113
3294,5462,4090,0.36442136764526367
3295,5462,1404,0.3643932640552521
3296,5462,2411,0.3643481731414795
3297,5462,19,0.3643195331096649
3298,5462,2266,0.3641512989997864
3299,5462,5311,0.3641195297241211
3300,5462,1670,0.3640333414077759
3301,5462,58,0.36397549510002136
3302,5462,714,0.36397093534469604
3303,5462,5879,0.36394068598747253
3304,5462,2610,0.36393749713897705
3305,5462,479,0.3639261722564697
3306,5462,1836,0.3638434410095215
3307,5462,819,0.3638390600681305
3308,5462,4176,0.3637993633747101
3309,5462,420,0.3637160062789917
3310,5462,3580,0.3636866807937622
3311,5462,4992,0.36367177963256836
3312,5462,3902,0.36365410685539246
3313,5462,3767,0.36355146765708923
3314,5462,6311,0.36355113983154297
3315,5462,174,0.36352232098579407
3316,5462,926,0.3634885251522064
3317,5462,2328,0.3634810745716095
3318,5462,1095,0.3634254038333893
3319,5462,4990,0.3634220063686371
3320,5462,3254,0.36340567469596863
3321,5462,4134,0.363322913646698
3322,5462,4197,0.36326003074645996
3323,5462,1815,0.3632534444332123
3324,5462,3383,0.363229364156723
3325,5462,4561,0.3631753623485565
3326,5462,537,0.36317065358161926
3327,5462,1963,0.3631665110588074
3328,5462,89,0.36313068866729736
3329,5462,1056,0.3631156384944916
3330,5462,2198,0.3629550337791443
3331,5462,2158,0.36293137073516846
3332,5462,2817,0.3628959059715271
3333,5462,5712,0.36282265186309814
3334,5462,1903,0.36282163858413696
3335,5462,1905,0.36279240250587463
3336,5462,4810,0.3627777695655823
3337,5462,3325,0.3627021908760071
3338,5462,5409,0.36266377568244934
3339,5462,1430,0.3626469075679779
3340,5462,1865,0.3626329302787781
3341,5462,4677,0.362627238035202
3342,5462,162,0.36248156428337097
3343,5462,6266,0.3624507188796997
3344,5462,2400,0.3624354600906372
3345,5462,4507,0.3624252676963806
3346,5462,151,0.36241045594215393
3347,5462,892,0.36238211393356323
3348,5462,5920,0.362379252910614
3349,5462,3156,0.362351655960083
3350,5462,5344,0.36234840750694275
3351,5462,726,0.36230868101119995
3352,5462,2455,0.3622305989265442
3353,5462,1845,0.3622246980667114
3354,5462,1986,0.36216774582862854
3355,5462,4027,0.3621547222137451
3356,5462,2922,0.36204731464385986
3357,5462,5901,0.36204689741134644
3358,5462,4056,0.36199337244033813
3359,5462,181,0.36198368668556213
3360,5462,342,0.36188337206840515
3361,5462,3009,0.3618524670600891
3362,5462,4638,0.3617946207523346
3363,5462,2553,0.361758291721344
3364,5462,2366,0.36171406507492065
3365,5462,5606,0.3616660535335541
3366,5462,208,0.3615768551826477
3367,5462,3201,0.36155834794044495
3368,5462,622,0.3615293800830841
3369,5462,3328,0.3614877462387085
3370,5462,2556,0.3614729642868042
3371,5462,1503,0.3614652156829834
3372,5462,4406,0.3614518940448761
3373,5462,5356,0.36141932010650635
3374,5462,3043,0.3614170253276825
3375,5462,973,0.3613925576210022
3376,5462,2828,0.36138707399368286
3377,5462,753,0.3613831698894501
3378,5462,4634,0.36138176918029785
3379,5462,1688,0.3613620102405548
3380,5462,2749,0.36133861541748047
3381,5462,451,0.36129194498062134
3382,5462,3091,0.3612678349018097
3383,5462,1109,0.3612384498119354
3384,5462,1568,0.3611781597137451
3385,5462,489,0.36114513874053955
3386,5462,3886,0.36113134026527405
3387,5462,14,0.3611191511154175
3388,5462,345,0.3611191511154175
3389,5462,5514,0.3611041009426117
3390,5462,3708,0.3610949218273163
3391,5462,1015,0.36107051372528076
3392,5462,5285,0.3610668480396271
3393,5462,2351,0.3610225319862366
3394,5462,1295,0.3609594404697418
3395,5462,3376,0.3609502613544464
3396,5462,4839,0.36090612411499023
3397,5462,4656,0.3608992099761963
3398,5462,1625,0.3608201742172241
3399,5462,1766,0.36081674695014954
3400,5462,4513,0.36077389121055603
3401,5462,6235,0.36074137687683105
3402,5462,5555,0.3607146441936493
3403,5462,5238,0.3607133626937866
3404,5462,3730,0.3606864809989929
3405,5462,2536,0.3606632649898529
3406,5462,5692,0.36066296696662903
3407,5462,934,0.36061516404151917
3408,5462,4970,0.36060386896133423
3409,5462,1359,0.3605528175830841
3410,5462,3745,0.3605397641658783
3411,5462,3609,0.36047837138175964
3412,5462,2889,0.360330730676651
3413,5462,5914,0.3603111505508423
3414,5462,5134,0.3602737486362457
3415,5462,5900,0.36024507880210876
3416,5462,1555,0.3602355420589447
3417,5462,6285,0.3602297604084015
3418,5462,5672,0.3602116107940674
3419,5462,1361,0.36020538210868835
3420,5462,2572,0.3602040410041809
3421,5462,2595,0.3601609468460083
3422,5462,3071,0.3601348400115967
3423,5462,405,0.36011695861816406
3424,5462,3798,0.36007052659988403
3425,5462,3199,0.36005088686943054
3426,5462,4257,0.3600435256958008
3427,5462,2649,0.3599686324596405
3428,5462,3554,0.35993945598602295
3429,5462,1673,0.35990604758262634
3430,5462,4571,0.3598974645137787
3431,5462,1960,0.35988858342170715
3432,5462,2214,0.3598839044570923
3433,5462,1798,0.35987845063209534
3434,5462,2756,0.3598516583442688
3435,5462,1287,0.3598000705242157
3436,5462,4475,0.35977423191070557
3437,5462,2670,0.35972100496292114
3438,5462,5551,0.35971200466156006
3439,5462,554,0.35963016748428345
3440,5462,4493,0.35960039496421814
3441,5462,663,0.3594953119754791
3442,5462,5661,0.3594087064266205
3443,5462,139,0.3594070374965668
3444,5462,5951,0.359405517578125
3445,5462,3185,0.35933366417884827
3446,5462,1954,0.35927310585975647
3447,5462,1941,0.3592682480812073
3448,5462,4460,0.3592529594898224
3449,5462,311,0.35924360156059265
3450,5462,6310,0.35923904180526733
3451,5462,1970,0.3592362105846405
3452,5462,6224,0.359195351600647
3453,5462,5072,0.3591906428337097
3454,5462,996,0.35917454957962036
3455,5462,235,0.3590925335884094
3456,5462,4160,0.3590713441371918
3457,5462,4192,0.35906076431274414
3458,5462,4113,0.35904479026794434
3459,5462,4713,0.35901758074760437
3460,5462,752,0.3589015007019043
3461,5462,3466,0.35884523391723633
3462,5462,921,0.3588336706161499
3463,5462,2193,0.35880401730537415
3464,5462,3062,0.3587731122970581
3465,5462,1268,0.35873356461524963
3466,5462,5681,0.3586738109588623
3467,5462,3940,0.3586161434650421
3468,5462,3538,0.3586008846759796
3469,5462,2671,0.35859861969947815
3470,5462,512,0.3585236966609955
3471,5462,4688,0.35848304629325867
3472,5462,6182,0.35846811532974243
3473,5462,4643,0.3584676682949066
3474,5462,5893,0.35846686363220215
3475,5462,1220,0.35845091938972473
3476,5462,1571,0.35843968391418457
3477,5462,3569,0.35842958092689514
3478,5462,6260,0.3583877980709076
3479,5462,5989,0.3583844304084778
3480,5462,6237,0.35833850502967834
3481,5462,3667,0.35830625891685486
3482,5462,5034,0.35830116271972656
3483,5462,5711,0.3582967519760132
3484,5462,2461,0.3582821786403656
3485,5462,6254,0.35827839374542236
3486,5462,5735,0.3582702577114105
3487,5462,5615,0.35822901129722595
3488,5462,6197,0.3581855893135071
3489,5462,2331,0.35818368196487427
3490,5462,5371,0.35817334055900574
3491,5462,3195,0.35817259550094604
3492,5462,5312,0.35813677310943604
3493,5462,4178,0.358122318983078
3494,5462,3893,0.3581176996231079
3495,5462,3494,0.35808420181274414
3496,5462,195,0.3580828309059143
3497,5462,4905,0.3580666780471802
3498,5462,4142,0.35805392265319824
3499,5462,1606,0.35803860425949097
3500,5462,6164,0.35803160071372986
3501,5462,6223,0.35793912410736084
3502,5462,968,0.35793769359588623
3503,5462,1385,0.3579363524913788
3504,5462,3763,0.3579138517379761
3505,5462,4821,0.35791295766830444
3506,5462,586,0.3579091429710388
3507,5462,4518,0.35790374875068665
3508,5462,3122,0.3578900098800659
3509,5462,3768,0.35781940817832947
3510,5462,4830,0.35781553387641907
3511,5462,2686,0.35780829191207886
3512,5462,881,0.3577624559402466
3513,5462,3660,0.35773348808288574
3514,5462,2937,0.3576606512069702
3515,5462,3724,0.35766035318374634
3516,5462,1120,0.3576553165912628
3517,5462,2996,0.35760194063186646
3518,5462,2192,0.3575424253940582
3519,5462,4517,0.3575039207935333
3520,5462,2696,0.3574795722961426
3521,5462,5573,0.3574782609939575
3522,5462,3,0.35744285583496094
3523,5462,6000,0.3574107587337494
3524,5462,5026,0.3573714792728424
3525,5462,578,0.357354998588562
3526,5462,4769,0.3573475182056427
3527,5462,6115,0.35734233260154724
3528,5462,4976,0.35732245445251465
3529,5462,5973,0.35727658867836
3530,5462,2596,0.35725292563438416
3531,5462,3029,0.3572295606136322
3532,5462,711,0.35719871520996094
3533,5462,1132,0.35718750953674316
3534,5462,4200,0.35716161131858826
3535,5462,3637,0.35708239674568176
3536,5462,179,0.35704895853996277
3537,5462,20,0.35689041018486023
3538,5462,4728,0.3568844497203827
3539,5462,411,0.35687151551246643
3540,5462,4427,0.35687077045440674
3541,5462,2173,0.35685035586357117
3542,5462,3911,0.3568393290042877
3543,5462,790,0.35682767629623413
3544,5462,3703,0.35681068897247314
3545,5462,5531,0.3567661941051483
3546,5462,5649,0.356742262840271
3547,5462,743,0.3567204475402832
3548,5462,3738,0.3566981554031372
3549,5462,2574,0.3566722571849823
3550,5462,4956,0.3566007614135742
3551,5462,307,0.35657286643981934
3552,5462,1919,0.35655733942985535
3553,5462,702,0.3565313518047333
3554,5462,3837,0.3565269410610199
3555,5462,4975,0.3564305305480957
3556,5462,908,0.35642141103744507
3557,5462,5451,0.35636913776397705
3558,5462,252,0.3563302755355835
3559,5462,2168,0.3563273847103119
3560,5462,4962,0.3563038110733032
3561,5462,1188,0.35630351305007935
3562,5462,899,0.35630232095718384
3563,5462,74,0.3561999201774597
3564,5462,2233,0.3561651110649109
3565,5462,2992,0.3561613857746124
3566,5462,6004,0.3561323583126068
3567,5462,1813,0.35610294342041016
3568,5462,5004,0.3560658395290375
3569,5462,751,0.35603824257850647
3570,5462,6300,0.3559819757938385
3571,5462,3220,0.35591238737106323
3572,5462,2172,0.35591205954551697
3573,5462,3505,0.35586217045783997
3574,5462,1227,0.3558120131492615
3575,5462,430,0.3557593524456024
3576,5462,2966,0.3557451665401459
3577,5462,5604,0.3557063043117523
3578,5462,5760,0.3557004928588867
3579,5462,2723,0.35563531517982483
3580,5462,3910,0.35561710596084595
3581,5462,5949,0.3556102514266968
3582,5462,1509,0.3555929958820343
3583,5462,2024,0.35557785630226135
3584,5462,383,0.3555313050746918
3585,5462,3533,0.35551559925079346
3586,5462,2733,0.35547271370887756
3587,5462,485,0.3554688096046448
3588,5462,750,0.35541635751724243
3589,5462,27,0.3553869426250458
3590,5462,2458,0.35536864399909973
3591,5462,6340,0.35535508394241333
3592,5462,6313,0.35531872510910034
3593,5462,3960,0.3552902042865753
3594,5462,1219,0.35527312755584717
3595,5462,1292,0.3552497923374176
3596,5462,4666,0.3551279306411743
3597,5462,4546,0.35505998134613037
3598,5462,897,0.3549253046512604
3599,5462,2397,0.3548612594604492
3600,5462,234,0.3548440635204315
3601,5462,2459,0.35482776165008545
3602,5462,4317,0.35478734970092773
3603,5462,1483,0.35475224256515503
3604,5462,131,0.3547300398349762
3605,5462,545,0.35467982292175293
3606,5462,2292,0.354656457901001
3607,5462,728,0.35465049743652344
3608,5462,5702,0.3546070456504822
3609,5462,816,0.35460126399993896
3610,5462,3601,0.35458657145500183
3611,5462,5053,0.3545037806034088
3612,5462,4319,0.35445544123649597
3613,5462,5886,0.3544119596481323
3614,5462,5556,0.35440903902053833
3615,5462,2892,0.3544066250324249
3616,5462,2604,0.3543933629989624
3617,5462,1904,0.3543846607208252
3618,5462,3455,0.35434433817863464
3619,5462,3293,0.35430964827537537
3620,5462,2491,0.35427772998809814
3621,5462,4228,0.3542373776435852
3622,5462,1161,0.3542361855506897
3623,5462,5049,0.35422423481941223
3624,5462,4918,0.3541407585144043
3625,5462,3963,0.3540939688682556
3626,5462,1243,0.35408055782318115
3627,5462,4447,0.35405269265174866
3628,5462,3116,0.3540119230747223
3629,5462,2442,0.35398295521736145
3630,5462,713,0.35395222902297974
3631,5462,3417,0.3539489209651947
3632,5462,6,0.35394150018692017
3633,5462,500,0.3539109528064728
3634,5462,1315,0.35389575362205505
3635,5462,2558,0.35388296842575073
3636,5462,60,0.3538782596588135
3637,5462,6015,0.35386326909065247
3638,5462,6013,0.3537975251674652
3639,5462,3049,0.35378599166870117
3640,5462,692,0.35367104411125183
3641,5462,835,0.35366615653038025
3642,5462,6338,0.3536491394042969
3643,5462,5851,0.3535776436328888
3644,5462,5613,0.353577584028244
3645,5462,4136,0.3535744249820709
3646,5462,3562,0.3535275459289551
3647,5462,5985,0.3535161316394806
3648,5462,2118,0.3534935712814331
3649,5462,2082,0.35347628593444824
3650,5462,2228,0.35347628593444824
3651,5462,6137,0.353455126285553
3652,5462,3585,0.3534543514251709
3653,5462,4639,0.35342511534690857
3654,5462,7,0.3534151613712311
3655,5462,1452,0.35337117314338684
3656,5462,6364,0.35335350036621094
3657,5462,712,0.3533332645893097
3658,5462,1441,0.3533170521259308
3659,5462,4155,0.35327568650245667
3660,5462,978,0.3532070815563202
3661,5462,8,0.35320624709129333
3662,5462,5500,0.35318905115127563
3663,5462,5814,0.35318025946617126
3664,5462,1273,0.35317501425743103
3665,5462,4608,0.3531278073787689
3666,5462,389,0.35312166810035706
3667,5462,4732,0.3530789315700531
3668,5462,2956,0.3530717194080353
3669,5462,2282,0.35304439067840576
3670,5462,1822,0.3530438542366028
3671,5462,4819,0.35299697518348694
3672,5462,5181,0.35297685861587524
3673,5462,5611,0.3529416620731354
3674,5462,693,0.3527365028858185
3675,5462,1786,0.35268884897232056
3676,5462,4954,0.3526310324668884
3677,5462,2418,0.3525751531124115
3678,5462,5057,0.3525018095970154
3679,5462,1332,0.352483868598938
3680,5462,4763,0.35247090458869934
3681,5462,5169,0.35246536135673523
3682,5462,2887,0.352464884519577
3683,5462,1067,0.3524642586708069
3684,5462,495,0.3524467647075653
3685,5462,205,0.3524192273616791
3686,5462,3227,0.3524072766304016
3687,5462,5644,0.35223719477653503
3688,5462,2578,0.3522195518016815
3689,5462,5397,0.3522171676158905
3690,5462,552,0.3521825969219208
3691,5462,1146,0.35214218497276306
3692,5462,4133,0.35213157534599304
3693,5462,5206,0.35211026668548584
3694,5462,3930,0.35206425189971924
3695,5462,1384,0.35201016068458557
3696,5462,6027,0.3520090878009796
3697,5462,800,0.3520038425922394
3698,5462,1257,0.35197845101356506
3699,5462,2399,0.3519670069217682
3700,5462,5506,0.35193881392478943
3701,5462,2608,0.35191214084625244
3702,5462,564,0.3519090414047241
3703,5462,2265,0.3519047796726227
3704,5462,99,0.35189855098724365
3705,5462,2612,0.35188519954681396
3706,5462,3734,0.3518766760826111
3707,5462,4062,0.3518224358558655
3708,5462,2081,0.3517773151397705
3709,5462,3649,0.3516947627067566
3710,5462,153,0.35164913535118103
3711,5462,1073,0.3516412675380707
3712,5462,4741,0.35162344574928284
3713,5462,4887,0.3516189455986023
3714,5462,2770,0.3515913784503937
3715,5462,4593,0.3515878915786743
3716,5462,2474,0.3514595329761505
3717,5462,2244,0.35145723819732666
3718,5462,6418,0.3514153063297272
3719,5462,3380,0.35141468048095703
3720,5462,4086,0.3513912260532379
3721,5462,6409,0.35133981704711914
3722,5462,2495,0.35129785537719727
3723,5462,4421,0.3512936234474182
3724,5462,5709,0.35127687454223633
3725,5462,3025,0.35122573375701904
3726,5462,3213,0.35111701488494873
3727,5462,3002,0.35109642148017883
3728,5462,2152,0.35106080770492554
3729,5462,5017,0.3510366678237915
3730,5462,2668,0.35102665424346924
3731,5462,6160,0.3510248363018036
3732,5462,224,0.35102397203445435
3733,5462,3598,0.35099363327026367
3734,5462,6239,0.35099267959594727
3735,5462,2979,0.3509905934333801
3736,5462,695,0.3509177267551422
3737,5462,431,0.3509071469306946
3738,5462,727,0.35087892413139343
3739,5462,4132,0.3508134186267853
3740,5462,467,0.3507775366306305
3741,5462,460,0.3507513403892517
3742,5462,3665,0.35074424743652344
3743,5462,4015,0.3507431447505951
3744,5462,4472,0.35070106387138367
3745,5462,422,0.35067063570022583
3746,5462,621,0.3506082594394684
3747,5462,4226,0.35060158371925354
3748,5462,477,0.3505271077156067
3749,5462,204,0.35048407316207886
3750,5462,5255,0.3504156172275543
3751,5462,5726,0.350413978099823
3752,5462,71,0.35040467977523804
3753,5462,278,0.3503435254096985
3754,5462,2185,0.35030633211135864
3755,5462,4668,0.35028883814811707
3756,5462,308,0.35026752948760986
3757,5462,1040,0.35020381212234497
3758,5462,1900,0.350197434425354
3759,5462,4889,0.35011711716651917
3760,5462,1387,0.3500809669494629
3761,5462,4284,0.35004115104675293
3762,5462,5099,0.34997987747192383
3763,5462,5270,0.3499539792537689
3764,5462,503,0.34994012117385864
3765,5462,1231,0.3499135673046112
3766,5462,1193,0.3499135673046112
3767,5462,1118,0.3498908281326294
3768,5462,5645,0.34987306594848633
3769,5462,454,0.3498727083206177
3770,5462,5790,0.3498668670654297
3771,5462,5696,0.34985819458961487
3772,5462,1331,0.3498382270336151
3773,5462,2379,0.34977811574935913
3774,5462,917,0.34975048899650574
3775,5462,4469,0.34972429275512695
3776,5462,4320,0.3496853709220886
3777,5462,5261,0.3496491611003876
3778,5462,2317,0.349589467048645
3779,5462,6227,0.34958937764167786
3780,5462,1107,0.3495621681213379
3781,5462,571,0.3495342433452606
3782,5462,2025,0.34945669770240784
3783,5462,5844,0.34944969415664673
3784,5462,4595,0.3494415879249573
3785,5462,1806,0.34939274191856384
3786,5462,2974,0.34936609864234924
3787,5462,873,0.34932971000671387
3788,5462,5970,0.3492879867553711
3789,5462,5880,0.3492789566516876
3790,5462,4131,0.34927746653556824
3791,5462,3599,0.34926092624664307
3792,5462,3070,0.34926077723503113
3793,5462,1342,0.3492596745491028
3794,5462,4589,0.34913337230682373
3795,5462,2270,0.3490932285785675
3796,5462,1595,0.3490792214870453
3797,5462,2561,0.34907564520835876
3798,5462,4872,0.34905388951301575
3799,5462,2639,0.34903138875961304
3800,5462,246,0.3490106761455536
3801,5462,6049,0.3489813208580017
3802,5462,1775,0.3489015996456146
3803,5462,3462,0.3488908112049103
3804,5462,2224,0.34884220361709595
3805,5462,1443,0.34883779287338257
3806,5462,4982,0.34880462288856506
3807,5462,3761,0.3487778306007385
3808,5462,4336,0.34877312183380127
3809,5462,193,0.3487536311149597
3810,5462,2200,0.34865427017211914
3811,5462,875,0.3485938310623169
3812,5462,104,0.34857821464538574
3813,5462,4052,0.3484858572483063
3814,5462,3061,0.3484695553779602
3815,5462,2248,0.3484489619731903
3816,5462,1563,0.34841665625572205
3817,5462,53,0.34838494658470154
3818,5462,5765,0.3483456075191498
3819,5462,5840,0.34833788871765137
3820,5462,6129,0.348322331905365
3821,5462,4410,0.34829315543174744
3822,5462,1488,0.3482612669467926
3823,5462,29,0.3481939733028412
3824,5462,5779,0.3481718599796295
3825,5462,2382,0.34815049171447754
3826,5462,1423,0.34814679622650146
3827,5462,2391,0.34808626770973206
3828,5462,4005,0.34805843234062195
3829,5462,4950,0.3480377197265625
3830,5462,4104,0.348028302192688
3831,5462,5491,0.3480135500431061
3832,5462,1717,0.34798336029052734
3833,5462,2566,0.3479735851287842
3834,5462,3587,0.3479667007923126
3835,5462,2513,0.3479638993740082
3836,5462,2295,0.3479297459125519
3837,5462,4024,0.347883403301239
3838,5462,5818,0.34788060188293457
3839,5462,1805,0.3478318452835083
3840,5462,1142,0.34775474667549133
3841,5462,6305,0.34774401783943176
3842,5462,770,0.34768566489219666
3843,5462,1676,0.3476254940032959
3844,5462,4150,0.34762176871299744
3845,5462,4621,0.34755605459213257
3846,5462,3449,0.3475472331047058
3847,5462,2199,0.3475254774093628
3848,5462,1245,0.3474959433078766
3849,5462,3677,0.3474673628807068
3850,5462,3555,0.3474155366420746
3851,5462,2162,0.347415030002594
3852,5462,903,0.34740665555000305
3853,5462,2952,0.3474017381668091
3854,5462,4610,0.3473796844482422
3855,5462,812,0.3473269045352936
3856,5462,4633,0.34725138545036316
3857,5462,2037,0.3472360670566559
3858,5462,3646,0.3472355008125305
3859,5462,3860,0.34720155596733093
3860,5462,1104,0.347188264131546
3861,5462,737,0.3471066355705261
3862,5462,295,0.3470478355884552
3863,5462,3481,0.34696316719055176
3864,5462,1800,0.34696024656295776
3865,5462,2787,0.34695643186569214
3866,5462,182,0.34689241647720337
3867,5462,4712,0.3468756675720215
3868,5462,3716,0.3468581438064575
3869,5462,1100,0.3468429446220398
3870,5462,3004,0.3468370735645294
3871,5462,5630,0.34681984782218933
3872,5462,2438,0.3468107581138611
3873,5462,3579,0.34679827094078064
3874,5462,4696,0.3467946946620941
3875,5462,1911,0.346722275018692
3876,5462,1494,0.34672215580940247
3877,5462,2046,0.3466913402080536
3878,5462,3475,0.346681147813797
3879,5462,219,0.34666234254837036
3880,5462,1063,0.3466426134109497
3881,5462,852,0.34664157032966614
3882,5462,2923,0.3466201424598694
3883,5462,815,0.34657880663871765
3884,5462,3183,0.3465537130832672
3885,5462,4883,0.34653231501579285
3886,5462,2539,0.34644198417663574
3887,5462,5022,0.3464183509349823
3888,5462,3526,0.3464088439941406
3889,5462,1477,0.34640514850616455
3890,5462,1467,0.3463791310787201
3891,5462,5055,0.34637391567230225
3892,5462,5141,0.34635162353515625
3893,5462,6395,0.3462360203266144
3894,5462,6314,0.34622421860694885
3895,5462,4864,0.3461349904537201
3896,5462,4110,0.34612831473350525
3897,5462,2130,0.34609419107437134
3898,5462,4746,0.3460935056209564
3899,5462,2388,0.34597164392471313
3900,5462,955,0.3458983302116394
3901,5462,5718,0.34588465094566345
3902,5462,327,0.3458538353443146
3903,5462,6024,0.3458263874053955
3904,5462,4036,0.34580913186073303
3905,5462,6005,0.345807820558548
3906,5462,3460,0.34580692648887634
3907,5462,1411,0.34570208191871643
3908,5462,5706,0.345657080411911
3909,5462,5381,0.34565576910972595
3910,5462,3111,0.3456531763076782
3911,5462,1485,0.3456330895423889
3912,5462,3055,0.3455866575241089
3913,5462,2490,0.34553229808807373
3914,5462,1370,0.3455198109149933
3915,5462,611,0.3454434275627136
3916,5462,2370,0.3453836739063263
3917,5462,4074,0.3453824818134308
3918,5462,1134,0.3453682065010071
3919,5462,966,0.3453655540943146
3920,5462,1968,0.3453640341758728
3921,5462,4972,0.3453567326068878
3922,5462,368,0.3453458249568939
3923,5462,2167,0.3453449308872223
3924,5462,1958,0.34533238410949707
3925,5462,6128,0.34526562690734863
3926,5462,2305,0.34525424242019653
3927,5462,3026,0.34523195028305054
3928,5462,418,0.3452252447605133
3929,5462,4558,0.34522297978401184
3930,5462,872,0.3451961874961853
3931,5462,604,0.34516969323158264
3932,5462,2751,0.3451635539531708
3933,5462,5923,0.3451501131057739
3934,5462,839,0.34510141611099243
3935,5462,2591,0.3450990915298462
3936,5462,3030,0.34507906436920166
3937,5462,3827,0.3450717628002167
3938,5462,2950,0.3449602425098419
3939,5462,3534,0.34494560956954956
3940,5462,360,0.34493187069892883
3941,5462,66,0.34487420320510864
3942,5462,701,0.344848096370697
3943,5462,5663,0.34478628635406494
3944,5462,4958,0.3447834849357605
3945,5462,84,0.34475597739219666
3946,5462,4727,0.3446437120437622
3947,5462,2206,0.34464001655578613
3948,5462,5519,0.34463781118392944
3949,5462,4873,0.34461915493011475
3950,5462,4618,0.34457841515541077
3951,5462,4765,0.3445773720741272
3952,5462,5216,0.3445574939250946
3953,5462,1834,0.34451887011528015
3954,5462,5014,0.3445020318031311
3955,5462,616,0.34449225664138794
3956,5462,2949,0.34449103474617004
3957,5462,2443,0.3444671034812927
3958,5462,4564,0.3444317579269409
3959,5462,4820,0.34440821409225464
3960,5462,3831,0.34438711404800415
3961,5462,1125,0.344347208738327
3962,5462,6399,0.3443368673324585
3963,5462,1487,0.3442874252796173
3964,5462,4781,0.3442184627056122
3965,5462,2529,0.34417974948883057
3966,5462,1334,0.3441242575645447
3967,5462,951,0.34411904215812683
3968,5462,5570,0.34410548210144043
3969,5462,1824,0.34407007694244385
3970,5462,1210,0.344062864780426
3971,5462,964,0.34398749470710754
3972,5462,2372,0.3439328670501709
3973,5462,5662,0.3439043164253235
3974,5462,1111,0.34389278292655945
3975,5462,2919,0.34385740756988525
3976,5462,6263,0.3438568711280823
3977,5462,6416,0.34385284781455994
3978,5462,1259,0.343830406665802
3979,5462,831,0.3438303768634796
3980,5462,5571,0.3437548279762268
3981,5462,5621,0.34373846650123596
3982,5462,3972,0.3437330722808838
3983,5462,5959,0.3437132239341736
3984,5462,4548,0.34369638562202454
3985,5462,265,0.3436592221260071
3986,5462,6203,0.34365689754486084
3987,5462,2170,0.34360960125923157
3988,5462,220,0.34359613060951233
3989,5462,4698,0.34352993965148926
3990,5462,5075,0.343519389629364
3991,5462,1955,0.3434644043445587
3992,5462,5753,0.34338295459747314
3993,5462,2100,0.3433746099472046
3994,5462,1464,0.3433386981487274
3995,5462,2940,0.3433269262313843
3996,5462,2492,0.3433171212673187
3997,5462,2396,0.34330418705940247
3998,5462,5934,0.34319716691970825
3999,5462,2076,0.34318459033966064
4000,5462,665,0.34314796328544617
4001,5462,1471,0.34314385056495667
4002,5462,1602,0.34312301874160767
4003,5462,3170,0.3430672287940979
4004,5462,544,0.34303903579711914
4005,5462,1929,0.34299999475479126
4006,5462,3883,0.3429754972457886
4007,5462,1350,0.34292370080947876
4008,5462,1320,0.34292370080947876
4009,5462,5698,0.3429129123687744
4010,5462,363,0.34290775656700134
4011,5462,3889,0.3428995907306671
4012,5462,4167,0.3428904414176941
4013,5462,1866,0.3428342938423157
4014,5462,4499,0.3427846133708954
4015,5462,2187,0.3427364230155945
4016,5462,5778,0.3427273631095886
4017,5462,5094,0.34270530939102173
4018,5462,2643,0.34269312024116516
4019,5462,5037,0.3426714241504669
4020,5462,707,0.34266942739486694
4021,5462,2778,0.34266746044158936
4022,5462,2256,0.3426443338394165
4023,5462,2682,0.3426211476325989
4024,5462,4252,0.34256941080093384
4025,5462,5758,0.3425353169441223
4026,5462,5058,0.34249234199523926
4027,5462,5126,0.3424653708934784
4028,5462,375,0.34243085980415344
4029,5462,3900,0.34242406487464905
4030,5462,4658,0.34241607785224915
4031,5462,1448,0.3423934876918793
4032,5462,1374,0.34234818816185
4033,5462,3670,0.34223851561546326
4034,5462,2829,0.3422107994556427
4035,5462,4158,0.3422085642814636
4036,5462,2246,0.3421972692012787
4037,5462,859,0.34219443798065186
4038,5462,1537,0.3420974314212799
4039,5462,2243,0.34207695722579956
4040,5462,5374,0.34206444025039673
4041,5462,444,0.3420601785182953
4042,5462,5540,0.3420427441596985
4043,5462,4183,0.3420368731021881
4044,5462,5405,0.34199655055999756
4045,5462,5863,0.3419847786426544
4046,5462,4109,0.3419792652130127
4047,5462,4590,0.341974139213562
4048,5462,1781,0.3419230282306671
4049,5462,478,0.3418940007686615
4050,5462,5353,0.3418865203857422
4051,5462,3324,0.34185513854026794
4052,5462,3410,0.3418022692203522
4053,5462,5183,0.34177324175834656
4054,5462,5708,0.3417697846889496
4055,5462,409,0.3417668342590332
4056,5462,6346,0.3417329788208008
4057,5462,4377,0.3416731655597687
4058,5462,1308,0.3415808379650116
4059,5462,5777,0.3415645956993103
4060,5462,434,0.34154531359672546
4061,5462,4386,0.3415285646915436
4062,5462,4490,0.34150412678718567
4063,5462,2866,0.34147879481315613
4064,5462,2470,0.34143632650375366
4065,5462,5191,0.34141603112220764
4066,5462,6051,0.3414152264595032
4067,5462,2711,0.34140148758888245
4068,5462,300,0.3413996398448944
4069,5462,223,0.3413810133934021
4070,5462,2050,0.3413771390914917
4071,5462,1897,0.3413771390914917
4072,5462,2358,0.3413606286048889
4073,5462,3809,0.34134137630462646
4074,5462,6376,0.3413344919681549
4075,5462,3702,0.3413097858428955
4076,5462,2932,0.34130173921585083
4077,5462,5106,0.3412877917289734
4078,5462,1456,0.3412706255912781
4079,5462,1317,0.34121328592300415
4080,5462,2968,0.34120509028434753
4081,5462,2496,0.3411312699317932
4082,5462,3871,0.34112289547920227
4083,5462,4537,0.3411075174808502
4084,5462,4653,0.34107980132102966
4085,5462,2419,0.3410780429840088
4086,5462,2376,0.3410758674144745
4087,5462,1038,0.34107086062431335
4088,5462,4636,0.3410697281360626
4089,5462,5981,0.3410329818725586
4090,5462,231,0.34090790152549744
4091,5462,4834,0.3408454954624176
4092,5462,1172,0.34075093269348145
4093,5462,2023,0.3407244086265564
4094,5462,814,0.34071260690689087
4095,5462,4579,0.34071028232574463
4096,5462,5909,0.34070533514022827
4097,5462,3476,0.3406931161880493
4098,5462,5656,0.3406432271003723
4099,5462,5244,0.3406131863594055
4100,5462,138,0.34058907628059387
4101,5462,5910,0.34058889746665955
4102,5462,169,0.34057578444480896
4103,5462,1783,0.3405736982822418
4104,5462,5603,0.34047457575798035
4105,5462,4157,0.34045910835266113
4106,5462,414,0.3404479920864105
4107,5462,4672,0.3403782844543457
4108,5462,4498,0.34035876393318176
4109,5462,3850,0.3403380811214447
4110,5462,662,0.3403337299823761
4111,5462,2186,0.34033238887786865
4112,5462,4303,0.3402830958366394
4113,5462,1325,0.3400830924510956
4114,5462,1988,0.3400648832321167
4115,5462,4114,0.3400580883026123
4116,5462,88,0.3400530219078064
4117,5462,1661,0.34005269408226013
4118,5462,5413,0.3400362730026245
4119,5462,5019,0.3400284945964813
4120,5462,5867,0.340008407831192
4121,5462,6017,0.3399869203567505
4122,5462,3144,0.33996641635894775
4123,5462,647,0.33996352553367615
4124,5462,4093,0.33995941281318665
4125,5462,4823,0.33995604515075684
4126,5462,4824,0.33992570638656616
4127,5462,1864,0.33989015221595764
4128,5462,5559,0.33988162875175476
4129,5462,2931,0.3398609161376953
4130,5462,734,0.33985695242881775
4131,5462,5935,0.33981940150260925
4132,5462,2768,0.33979806303977966
4133,5462,5685,0.33976057171821594
4134,5462,6007,0.33974456787109375
4135,5462,126,0.33967673778533936
4136,5462,1565,0.33967524766921997
4137,5462,2340,0.3396107852458954
4138,5462,5035,0.33952927589416504
4139,5462,491,0.3395266532897949
4140,5462,3847,0.3394848704338074
4141,5462,3297,0.3394739031791687
4142,5462,2440,0.3394577205181122
4143,5462,2810,0.3394511044025421
4144,5462,4860,0.33939480781555176
4145,5462,2725,0.33937904238700867
4146,5462,5210,0.33936721086502075
4147,5462,2257,0.33935150504112244
4148,5462,1621,0.339334100484848
4149,5462,956,0.3393268287181854
4150,5462,6120,0.3393014073371887
4151,5462,5617,0.33928370475769043
4152,5462,1208,0.3392272889614105
4153,5462,3368,0.33919477462768555
4154,5462,538,0.3391910791397095
4155,5462,1994,0.33908864855766296
4156,5462,4960,0.3390769362449646
4157,5462,947,0.33905863761901855
4158,5462,5263,0.33903464674949646
4159,5462,1088,0.3390241265296936
4160,5462,2736,0.3390163481235504
4161,5462,83,0.33900442719459534
4162,5462,2859,0.3390007019042969
4163,5462,2217,0.3389747440814972
4164,5462,863,0.3389488160610199
4165,5462,2222,0.33890336751937866
4166,5462,4640,0.3388690650463104
4167,5462,73,0.3388036787509918
4168,5462,5703,0.3387432098388672
4169,5462,4833,0.3387054204940796
4170,5462,1386,0.3386881351470947
4171,5462,4963,0.3386739492416382
4172,5462,400,0.3386346101760864
4173,5462,642,0.3386121392250061
4174,5462,2160,0.33859115839004517
4175,5462,2310,0.3385882079601288
4176,5462,5272,0.33847489953041077
4177,5462,6273,0.33840546011924744
4178,5462,4764,0.3383949398994446
4179,5462,930,0.3383041024208069
4180,5462,1990,0.3382967710494995
4181,5462,5965,0.33826032280921936
4182,5462,6425,0.3382396697998047
4183,5462,3066,0.33823180198669434
4184,5462,5625,0.33817988634109497
4185,5462,645,0.3379582166671753
4186,5462,1616,0.3379512131214142
4187,5462,5688,0.33793917298316956
4188,5462,5089,0.33792075514793396
4189,5462,4175,0.3378976285457611
4190,5462,782,0.3378477096557617
4191,5462,262,0.3377703130245209
4192,5462,1433,0.3377681374549866
4193,5462,180,0.33768561482429504
4194,5462,6094,0.33760058879852295
4195,5462,2402,0.3374851644039154
4196,5462,1045,0.3374182879924774
4197,5462,1807,0.3374033570289612
4198,5462,4269,0.33739396929740906
4199,5462,1560,0.33731210231781006
4200,5462,2161,0.3373008668422699
4201,5462,440,0.33723995089530945
4202,5462,2027,0.3372288942337036
4203,5462,683,0.3372274935245514
4204,5462,5822,0.33718955516815186
4205,5462,874,0.3371216058731079
4206,5462,4186,0.33709821105003357
4207,5462,1203,0.3370395600795746
4208,5462,6169,0.3370248079299927
4209,5462,1250,0.3370075225830078
4210,5462,3507,0.33700260519981384
4211,5462,4479,0.3369808793067932
4212,5462,3991,0.3369543254375458
4213,5462,3426,0.3369311988353729
4214,5462,5082,0.3369081914424896
4215,5462,4079,0.3368901312351227
4216,5462,5023,0.3367801904678345
4217,5462,4948,0.3366730213165283
4218,5462,1750,0.33664223551750183
4219,5462,5736,0.3366226851940155
4220,5462,4916,0.3365839123725891
4221,5462,2718,0.33647018671035767
4222,5462,1344,0.3364628255367279
4223,5462,1013,0.3364450931549072
4224,5462,258,0.33643481135368347
4225,5462,3989,0.33635491132736206
4226,5462,5568,0.336224228143692
4227,5462,3571,0.33622145652770996
4228,5462,501,0.3361711800098419
4229,5462,1086,0.3361310660839081
4230,5462,4087,0.3360757529735565
4231,5462,5433,0.33607545495033264
4232,5462,1570,0.33600032329559326
4233,5462,5549,0.3359362483024597
4234,5462,1285,0.3359139859676361
4235,5462,3136,0.33582744002342224
4236,5462,1312,0.33582615852355957
4237,5462,5161,0.3357585668563843
4238,5462,5849,0.33573219180107117
4239,5462,5380,0.33572453260421753
4240,5462,4075,0.3357038199901581
4241,5462,4655,0.33569660782814026
4242,5462,6136,0.3356662094593048
4243,5462,4041,0.33564066886901855
4244,5462,4861,0.33562934398651123
4245,5462,2034,0.33557361364364624
4246,5462,4344,0.3355560600757599
4247,5462,3490,0.33549976348876953
4248,5462,1868,0.3354951739311218
4249,5462,4130,0.3354514241218567
4250,5462,2837,0.3353409767150879
4251,5462,4691,0.33532601594924927
4252,5462,2361,0.3352958858013153
4253,5462,1096,0.3352877199649811
4254,5462,5781,0.33526545763015747
4255,5462,5924,0.3352629542350769
4256,5462,2737,0.33524733781814575
4257,5462,98,0.335235595703125
4258,5462,2526,0.33522549271583557
4259,5462,5962,0.3352147042751312
4260,5462,4584,0.3351348340511322
4261,5462,5869,0.3350977301597595
4262,5462,1768,0.3350926637649536
4263,5462,1145,0.33504512906074524
4264,5462,3947,0.33497920632362366
4265,5462,5124,0.33493444323539734
4266,5462,2212,0.334884375333786
4267,5462,2510,0.334884375333786
4268,5462,194,0.33485254645347595
4269,5462,439,0.33482280373573303
4270,5462,4438,0.33480140566825867
4271,5462,6134,0.3347729444503784
4272,5462,5995,0.33469831943511963
4273,5462,1764,0.33466678857803345
4274,5462,876,0.3346664011478424
4275,5462,5723,0.3346572816371918
4276,5462,5096,0.33464348316192627
4277,5462,3998,0.33462196588516235
4278,5462,2898,0.3346025049686432
4279,5462,2701,0.3345687985420227
4280,5462,6359,0.3345596492290497
4281,5462,4282,0.3345578610897064
4282,5462,5854,0.33453744649887085
4283,5462,4327,0.33452776074409485
4284,5462,5267,0.3344118297100067
4285,5462,4649,0.3344009816646576
4286,5462,5719,0.3343583941459656
4287,5462,5671,0.33433783054351807
4288,5462,4084,0.3343220055103302
4289,5462,829,0.334299772977829
4290,5462,2065,0.3342880308628082
4291,5462,4556,0.3342862129211426
4292,5462,4488,0.3341595530509949
4293,5462,1558,0.334153950214386
4294,5462,4663,0.33413583040237427
4295,5462,1759,0.3341309726238251
4296,5462,5620,0.33412879705429077
4297,5462,4204,0.33407437801361084
4298,5462,6349,0.3340446949005127
4299,5462,3106,0.3340390622615814
4300,5462,2993,0.3340311646461487
4301,5462,868,0.33402854204177856
4302,5462,4859,0.333924800157547
4303,5462,987,0.33392396569252014
4304,5462,3038,0.33386728167533875
4305,5462,3857,0.3338667154312134
4306,5462,5060,0.3338225483894348
4307,5462,2390,0.33381372690200806
4308,5462,458,0.33381256461143494
4309,5462,5666,0.33376365900039673
4310,5462,4613,0.33375194668769836
4311,5462,5294,0.3337360620498657
4312,5462,894,0.33370858430862427
4313,5462,991,0.3336200416088104
4314,5462,2146,0.3335728943347931
4315,5462,2151,0.33354702591896057
4316,5462,6317,0.3335454761981964
4317,5462,2017,0.33353573083877563
4318,5462,5616,0.33347442746162415
4319,5462,2427,0.3334527313709259
4320,5462,3395,0.33343884348869324
4321,5462,1614,0.33340761065483093
4322,5462,5807,0.3332878053188324
4323,5462,891,0.33328595757484436
4324,5462,5529,0.33327311277389526
4325,5462,2409,0.33326780796051025
4326,5462,4270,0.33326005935668945
4327,5462,1527,0.33322787284851074
4328,5462,1777,0.33320119976997375
4329,5462,2281,0.3331778347492218
4330,5462,1713,0.33313828706741333
4331,5462,5682,0.3330827057361603
4332,5462,4070,0.3330807685852051
4333,5462,5305,0.33300650119781494
4334,5462,4863,0.33287736773490906
4335,5462,4126,0.33287572860717773
4336,5462,675,0.33286428451538086
4337,5462,68,0.33284372091293335
4338,5462,2961,0.3328429162502289
4339,5462,4572,0.33283334970474243
4340,5462,2633,0.3328220248222351
4341,5462,2684,0.332797646522522
4342,5462,2481,0.3327952027320862
4343,5462,589,0.33279451727867126
4344,5462,2195,0.33278319239616394
4345,5462,4699,0.3327620029449463
4346,5462,5978,0.3327579200267792
4347,5462,4936,0.332716166973114
4348,5462,4582,0.3326992094516754
4349,5462,2534,0.33269834518432617
4350,5462,176,0.33268967270851135
4351,5462,4747,0.33258140087127686
4352,5462,4680,0.3325740396976471
4353,5462,5772,0.33256617188453674
4354,5462,2999,0.33254194259643555
4355,5462,1665,0.33254092931747437
4356,5462,6401,0.3325268626213074
4357,5462,1234,0.33250656723976135
4358,5462,5569,0.33249732851982117
4359,5462,5117,0.3324761688709259
4360,5462,653,0.3324350118637085
4361,5462,2959,0.33238983154296875
4362,5462,4229,0.3323143422603607
4363,5462,4898,0.332309365272522
4364,5462,6041,0.33230555057525635
4365,5462,5190,0.33227604627609253
4366,5462,369,0.3322107195854187
4367,5462,5488,0.3321514129638672
4368,5462,1535,0.33214429020881653
4369,5462,3012,0.3321148157119751
4370,5462,4592,0.33201783895492554
4371,5462,628,0.33201611042022705
4372,5462,470,0.33199840784072876
4373,5462,1291,0.3319931626319885
4374,5462,6327,0.331900417804718
4375,5462,3114,0.3318213224411011
4376,5462,2942,0.33178889751434326
4377,5462,4953,0.3317672312259674
4378,5462,5819,0.3317030370235443
4379,5462,5830,0.3316311836242676
4380,5462,2074,0.3315799832344055
4381,5462,3928,0.33157649636268616
4382,5462,403,0.33157622814178467
4383,5462,5942,0.3315742015838623
4384,5462,6111,0.33157116174697876
4385,5462,2460,0.3315333425998688
4386,5462,4927,0.3315264880657196
4387,5462,421,0.33150848746299744
4388,5462,6291,0.3315018117427826
4389,5462,2125,0.3314843475818634
4390,5462,820,0.331402063369751
4391,5462,2420,0.3313681185245514
4392,5462,1831,0.3313587009906769
4393,5462,2477,0.3313470482826233
4394,5462,1853,0.3313470482826233
4395,5462,1022,0.3313428461551666
4396,5462,697,0.3313051760196686
4397,5462,2225,0.33127260208129883
4398,5462,247,0.33120444416999817
4399,5462,6122,0.331182599067688
4400,5462,1867,0.3311786651611328
4401,5462,4652,0.3311599791049957
4402,5462,5006,0.33108270168304443
4403,5462,4827,0.3310224413871765
4404,5462,3194,0.3310200572013855
4405,5462,395,0.3309972584247589
4406,5462,3752,0.3309129774570465
4407,5462,5704,0.33087554574012756
4408,5462,725,0.3308654725551605
4409,5462,6380,0.33076751232147217
4410,5462,171,0.3307667374610901
4411,5462,2119,0.3307417929172516
4412,5462,2194,0.3306868374347687
4413,5462,6038,0.33066946268081665
4414,5462,878,0.33055219054222107
4415,5462,515,0.3304661810398102
4416,5462,3202,0.3304530382156372
4417,5462,4553,0.33041912317276
4418,5462,1753,0.33039042353630066
4419,5462,1914,0.33036884665489197
4420,5462,352,0.3303664028644562
4421,5462,183,0.3303622305393219
4422,5462,4140,0.33028578758239746
4423,5462,5059,0.33024635910987854
4424,5462,292,0.33021873235702515
4425,5462,4147,0.3302021622657776
4426,5462,2507,0.33020082116127014
4427,5462,494,0.330168753862381
4428,5462,6030,0.33016732335090637
4429,5462,5411,0.33014848828315735
4430,5462,1720,0.33012956380844116
4431,5462,6396,0.3301280438899994
4432,5462,4675,0.330111563205719
4433,5462,3193,0.3301010727882385
4434,5462,6138,0.3300844430923462
4435,5462,771,0.33005693554878235
4436,5462,3210,0.3300288915634155
4437,5462,6163,0.33001086115837097
4438,5462,4946,0.32999274134635925
4439,5462,1731,0.3299858868122101
4440,5462,1858,0.32996827363967896
4441,5462,3541,0.3299681544303894
4442,5462,4073,0.3299337327480316
4443,5462,4943,0.3298969566822052
4444,5462,5742,0.3298966884613037
4445,5462,6208,0.3298741281032562
4446,5462,1770,0.32978981733322144
4447,5462,2360,0.3297867476940155
4448,5462,3695,0.3297834098339081
4449,5462,457,0.32969507575035095
4450,5462,4224,0.3296791911125183
4451,5462,1647,0.32967886328697205
4452,5462,2428,0.3296688199043274
4453,5462,2502,0.3296363055706024
4454,5462,5756,0.3296342194080353
4455,5462,5120,0.3296237289905548
4456,5462,6315,0.32956668734550476
4457,5462,3872,0.32955965399742126
4458,5462,4354,0.32949569821357727
4459,5462,6294,0.3294886350631714
4460,5462,2314,0.3293648660182953
4461,5462,4687,0.3293636441230774
4462,5462,242,0.3293231129646301
4463,5462,4168,0.32927802205085754
4464,5462,2972,0.32925474643707275
4465,5462,2012,0.3292236924171448
4466,5462,3966,0.32920920848846436
4467,5462,3044,0.3292023539543152
4468,5462,4191,0.3291701376438141
4469,5462,4989,0.32916203141212463
4470,5462,5032,0.3291536569595337
4471,5462,5619,0.3291001617908478
4472,5462,2061,0.32909199595451355
4473,5462,984,0.32908937335014343
4474,5462,5299,0.32906803488731384
4475,5462,3912,0.3290577530860901
4476,5462,4309,0.32905101776123047
4477,5462,4092,0.3290490508079529
4478,5462,2322,0.32898828387260437
4479,5462,736,0.32898402214050293
4480,5462,5860,0.3289111256599426
4481,5462,1116,0.3288939297199249
4482,5462,5608,0.3288918733596802
4483,5462,4676,0.32888317108154297
4484,5462,2482,0.3288274109363556
4485,5462,5626,0.3288058638572693
4486,5462,1533,0.32880455255508423
4487,5462,2583,0.32877859473228455
4488,5462,323,0.32873186469078064
4489,5462,2847,0.328673779964447
4490,5462,5504,0.32865771651268005
4491,5462,525,0.32860589027404785
4492,5462,1569,0.32858985662460327
4493,5462,1157,0.32854366302490234
4494,5462,2499,0.3284890055656433
4495,5462,5669,0.328470379114151
4496,5462,453,0.3283877670764923
4497,5462,3922,0.3283657431602478
4498,5462,527,0.3282935917377472
4499,5462,3182,0.3282269835472107
4500,5462,4650,0.32822197675704956
4501,5462,4148,0.3282144069671631
4502,5462,5149,0.32821187376976013
4503,5462,291,0.3281906843185425
4504,5462,2432,0.3281632959842682
4505,5462,4247,0.328154593706131
4506,5462,2071,0.32811546325683594
4507,5462,4103,0.32808324694633484
4508,5462,4999,0.3280031085014343
4509,5462,4372,0.32796016335487366
4510,5462,6385,0.3279549181461334
4511,5462,2559,0.32795289158821106
4512,5462,1108,0.3279343247413635
4513,5462,510,0.3277580440044403
4514,5462,2122,0.327727735042572
4515,5462,777,0.3277096450328827
4516,5462,1854,0.32770368456840515
4517,5462,46,0.3276165723800659
4518,5462,166,0.3275805115699768
4519,5462,2371,0.32756945490837097
4520,5462,4500,0.3275594711303711
4521,5462,5173,0.3275536000728607
4522,5462,694,0.3275300860404968
4523,5462,4704,0.32752156257629395
4524,5462,2183,0.3274592459201813
4525,5462,4758,0.32744666934013367
4526,5462,6181,0.327440083026886
4527,5462,3500,0.3274382948875427
4528,5462,1741,0.3273651897907257
4529,5462,4919,0.3273545801639557
4530,5462,3357,0.32734987139701843
4531,5462,6192,0.32733017206192017
4532,5462,5496,0.327327162027359
4533,5462,2545,0.3273020386695862
4534,5462,698,0.32725799083709717
4535,5462,558,0.32725444436073303
4536,5462,3178,0.3272152543067932
4537,5462,5922,0.32720592617988586
4538,5462,3176,0.3271695673465729
4539,5462,1437,0.3271612524986267
4540,5462,2062,0.32715845108032227
4541,5462,3390,0.32706815004348755
4542,5462,5025,0.32706549763679504
4543,5462,5227,0.326968252658844
4544,5462,1123,0.3269304633140564
4545,5462,2174,0.3269006609916687
4546,5462,2312,0.3268672525882721
4547,5462,2410,0.3268672525882721
4548,5462,3793,0.3268643319606781
4549,5462,2527,0.32685914635658264
4550,5462,6360,0.32677802443504333
4551,5462,6362,0.32677480578422546
4552,5462,5826,0.32675299048423767
4553,5462,4049,0.32674965262413025
4554,5462,3504,0.32673507928848267
4555,5462,3040,0.32672062516212463
4556,5462,5946,0.3266947269439697
4557,5462,4612,0.3266791105270386
4558,5462,3060,0.32667276263237
4559,5462,3693,0.32664135098457336
4560,5462,3622,0.32660242915153503
4561,5462,441,0.3265792429447174
4562,5462,2009,0.3265528380870819
4563,5462,535,0.32655245065689087
4564,5462,2465,0.32653939723968506
4565,5462,229,0.32653385400772095
4566,5462,5533,0.3264960050582886
4567,5462,1390,0.32649582624435425
4568,5462,2263,0.3264833092689514
4569,5462,5301,0.326457679271698
4570,5462,70,0.326452374458313
4571,5462,4387,0.3264431953430176
4572,5462,6009,0.3264407515525818
4573,5462,3478,0.32641905546188354
4574,5462,3906,0.32641252875328064
4575,5462,3544,0.3263934552669525
4576,5462,5564,0.32635530829429626
4577,5462,2121,0.32634979486465454
4578,5462,2914,0.3263165354728699
4579,5462,190,0.3263140916824341
4580,5462,2365,0.3262551724910736
4581,5462,3488,0.3262259364128113
4582,5462,5104,0.326194167137146
4583,5462,6383,0.3261900544166565
4584,5462,3895,0.3261799216270447
4585,5462,6400,0.32616615295410156
4586,5462,2078,0.326137900352478
4587,5462,1482,0.32610201835632324
4588,5462,4117,0.3261011838912964
4589,5462,4061,0.3260808289051056
4590,5462,4102,0.3260762095451355
4591,5462,3905,0.3260606527328491
4592,5462,4338,0.32604774832725525
4593,5462,5011,0.3260372579097748
4594,5462,3175,0.32603347301483154
4595,5462,2205,0.326028436422348
4596,5462,5590,0.3260127604007721
4597,5462,3484,0.32600709795951843
4598,5462,2394,0.3259909749031067
4599,5462,1607,0.32597237825393677
4600,5462,3162,0.32596537470817566
4601,5462,607,0.32594501972198486
4602,5462,574,0.3259263038635254
4603,5462,4689,0.32590827345848083
4604,5462,6028,0.3258539140224457
4605,5462,1481,0.32585179805755615
4606,5462,1712,0.3257139027118683
4607,5462,1472,0.3256880044937134
4608,5462,142,0.3256734311580658
4609,5462,5168,0.32566961646080017
4610,5462,4530,0.325660765171051
4611,5462,2525,0.3256184458732605
4612,5462,4921,0.3256092369556427
4613,5462,4993,0.32555991411209106
4614,5462,1233,0.32555705308914185
4615,5462,3164,0.32551056146621704
4616,5462,2423,0.3254133462905884
4617,5462,4901,0.32539665699005127
4618,5462,392,0.32536736130714417
4619,5462,3737,0.32534369826316833
4620,5462,6287,0.3252584934234619
4621,5462,6035,0.3252342641353607
4622,5462,3552,0.3252260386943817
4623,5462,1078,0.32514116168022156
4624,5462,3570,0.32513177394866943
4625,5462,2592,0.32502368092536926
4626,5462,5262,0.32496973872184753
4627,5462,4966,0.3248668313026428
4628,5462,2824,0.32479244470596313
4629,5462,5542,0.3247784972190857
4630,5462,4329,0.32475075125694275
4631,5462,3356,0.3247315585613251
4632,5462,3596,0.32460305094718933
4633,5462,2881,0.32451993227005005
4634,5462,4350,0.3245159983634949
4635,5462,2537,0.3245147466659546
4636,5462,2004,0.3244877755641937
4637,5462,5579,0.32448163628578186
4638,5462,4586,0.3244742155075073
4639,5462,2425,0.3244675099849701
4640,5462,2184,0.32446250319480896
4641,5462,4330,0.3244321644306183
4642,5462,5199,0.3243791162967682
4643,5462,6404,0.32425665855407715
4644,5462,5129,0.3242414593696594
4645,5462,5715,0.32423317432403564
4646,5462,1428,0.3241748809814453
4647,5462,239,0.3241535723209381
4648,5462,1023,0.3241417109966278
4649,5462,1032,0.3241306245326996
4650,5462,250,0.3240525722503662
4651,5462,632,0.32402196526527405
4652,5462,2252,0.32396408915519714
4653,5462,3826,0.32391026616096497
4654,5462,6189,0.32390862703323364
4655,5462,853,0.32389989495277405
4656,5462,481,0.3238102197647095
4657,5462,2264,0.32380419969558716
4658,5462,4083,0.3238014280796051
4659,5462,5600,0.3237837255001068
4660,5462,1828,0.32372012734413147
4661,5462,3134,0.32369959354400635
4662,5462,6162,0.32365185022354126
4663,5462,407,0.32362592220306396
4664,5462,3366,0.32362473011016846
4665,5462,202,0.32353219389915466
4666,5462,4867,0.32351359724998474
4667,5462,6179,0.3235030770301819
4668,5462,4926,0.323458194732666
4669,5462,118,0.32345232367515564
4670,5462,1645,0.32344532012939453
4671,5462,4693,0.32342204451560974
4672,5462,2036,0.3233233094215393
4673,5462,4504,0.32332125306129456
4674,5462,2830,0.32331687211990356
4675,5462,6280,0.32331013679504395
4676,5462,3177,0.3232586979866028
4677,5462,3686,0.32325634360313416
4678,5462,534,0.3232186436653137
4679,5462,1615,0.32321590185165405
4680,5462,177,0.3232105076313019
4681,5462,2247,0.3231942057609558
4682,5462,6185,0.32314297556877136
4683,5462,2091,0.32312870025634766
4684,5462,3652,0.3231193423271179
4685,5462,6308,0.32309824228286743
4686,5462,5581,0.3230738341808319
4687,5462,4562,0.3230602443218231
4688,5462,1089,0.3230535089969635
4689,5462,2738,0.3230499029159546
4690,5462,5968,0.3230040669441223
4691,5462,4391,0.32296520471572876
4692,5462,1622,0.3229386806488037
4693,5462,2479,0.32290512323379517
4694,5462,3378,0.32290005683898926
4695,5462,710,0.32289499044418335
4696,5462,4164,0.3228350877761841
4697,5462,1585,0.32283344864845276
4698,5462,6397,0.32280364632606506
4699,5462,1122,0.32279643416404724
4700,5462,5010,0.3227006793022156
4701,5462,1991,0.32259467244148254
4702,5462,4485,0.3225170969963074
4703,5462,633,0.3224845230579376
4704,5462,2995,0.3224637508392334
4705,5462,5107,0.32238081097602844
4706,5462,5030,0.32231563329696655
4707,5462,4452,0.3223121762275696
4708,5462,5752,0.32230812311172485
4709,5462,3838,0.32226425409317017
4710,5462,1209,0.3222236931324005
4711,5462,5945,0.32218462228775024
4712,5462,1486,0.3221534788608551
4713,5462,2983,0.32214221358299255
4714,5462,3158,0.3221299648284912
4715,5462,3764,0.3220735192298889
4716,5462,6095,0.32205742597579956
4717,5462,3851,0.3220028281211853
4718,5462,5277,0.32197779417037964
4719,5462,419,0.32197314500808716
4720,5462,44,0.32191726565361023
4721,5462,4059,0.3219086527824402
4722,5462,5810,0.32181209325790405
4723,5462,96,0.3217986524105072
4724,5462,2045,0.3217709958553314
4725,5462,595,0.32173532247543335
4726,5462,3992,0.3217318654060364
4727,5462,3583,0.3217201828956604
4728,5462,855,0.32171231508255005
4729,5462,1189,0.3216991126537323
4730,5462,1228,0.3216991126537323
4731,5462,4411,0.32169559597969055
4732,5462,2512,0.3216940760612488
4733,5462,1870,0.32168516516685486
4734,5462,864,0.32161420583724976
4735,5462,3018,0.3216116726398468
4736,5462,4307,0.32155683636665344
4737,5462,6413,0.32152873277664185
4738,5462,5881,0.32150742411613464
4739,5462,1610,0.32147374749183655
4740,5462,716,0.32145029306411743
4741,5462,4429,0.3213955760002136
4742,5462,3564,0.3213827908039093
4743,5462,807,0.32132434844970703
4744,5462,1206,0.3212862014770508
4745,5462,390,0.3212628662586212
4746,5462,1576,0.32124078273773193
4747,5462,5964,0.3212016224861145
4748,5462,6368,0.32119515538215637
4749,5462,1103,0.32114410400390625
4750,5462,3335,0.3211309611797333
4751,5462,4451,0.32107579708099365
4752,5462,4355,0.32105115056037903
4753,5462,2336,0.32100263237953186
4754,5462,293,0.320984810590744
4755,5462,2586,0.3209241032600403
4756,5462,3916,0.3208807110786438
4757,5462,4482,0.32085758447647095
4758,5462,3206,0.3207816779613495
4759,5462,1284,0.3207727074623108
4760,5462,972,0.32074153423309326
4761,5462,5769,0.32072678208351135
4762,5462,5871,0.3206970691680908
4763,5462,4394,0.3205797076225281
4764,5462,3463,0.32057565450668335
4765,5462,6369,0.320552259683609
4766,5462,6421,0.3205420672893524
4767,5462,4260,0.32052871584892273
4768,5462,2197,0.3205181658267975
4769,5462,4738,0.3204960525035858
4770,5462,4908,0.3204320967197418
4771,5462,3728,0.32037433981895447
4772,5462,4678,0.3203703463077545
4773,5462,1058,0.3203265070915222
4774,5462,2086,0.3203103542327881
4775,5462,1195,0.3202631175518036
4776,5462,4942,0.32016950845718384
4777,5462,1526,0.32011130452156067
4778,5462,514,0.32008907198905945
4779,5462,3997,0.3200826346874237
4780,5462,5800,0.32006844878196716
4781,5462,137,0.32005059719085693
4782,5462,2129,0.32004761695861816
4783,5462,5560,0.3200432360172272
4784,5462,5329,0.3199913501739502
4785,5462,6098,0.31992343068122864
4786,5462,3633,0.3198263943195343
4787,5462,3821,0.31974542140960693
4788,5462,3869,0.31974542140960693
4789,5462,5042,0.31968769431114197
4790,5462,4775,0.3196723759174347
4791,5462,2926,0.31964755058288574
4792,5462,4395,0.31963911652565
4793,5462,4436,0.31960874795913696
4794,5462,5009,0.319511741399765
4795,5462,200,0.3194728493690491
4796,5462,5498,0.31944137811660767
4797,5462,1438,0.31940218806266785
4798,5462,3208,0.31940141320228577
4799,5462,1329,0.31936678290367126
4800,5462,4552,0.31930461525917053
4801,5462,2456,0.3192489743232727
4802,5462,3592,0.3192421793937683
4803,5462,995,0.3191829323768616
4804,5462,9,0.31909358501434326
4805,5462,2337,0.31908077001571655
4806,5462,1776,0.319065123796463
4807,5462,2466,0.3190646171569824
4808,5462,6335,0.3190526068210602
4809,5462,4347,0.31900259852409363
4810,5462,4626,0.3189677298069
4811,5462,6214,0.3189372718334198
4812,5462,2203,0.3188866376876831
4813,5462,1733,0.3188367187976837
4814,5462,1239,0.31875091791152954
4815,5462,1241,0.31875091791152954
4816,5462,3625,0.318745493888855
4817,5462,6187,0.3186996281147003
4818,5462,591,0.3186861276626587
4819,5462,376,0.3186563551425934
4820,5462,1069,0.3186526298522949
4821,5462,3480,0.31859397888183594
4822,5462,1912,0.31859052181243896
4823,5462,4454,0.3185672461986542
4824,5462,4805,0.31856444478034973
4825,5462,4466,0.3185633718967438
4826,5462,4519,0.31854256987571716
4827,5462,5589,0.3185391426086426
4828,5462,334,0.3185298442840576
4829,5462,2865,0.3185175359249115
4830,5462,5544,0.3184707760810852
4831,5462,4096,0.3184221386909485
4832,5462,3200,0.3183652460575104
4833,5462,871,0.3183014690876007
4834,5462,2719,0.3182715177536011
4835,5462,2540,0.3182370960712433
4836,5462,2530,0.31817618012428284
4837,5462,2523,0.3181312680244446
4838,5462,2253,0.31812846660614014
4839,5462,4040,0.3181171119213104
4840,5462,5182,0.3181074261665344
4841,5462,4288,0.31809359788894653
4842,5462,2108,0.3180733025074005
4843,5462,5293,0.3180322051048279
4844,5462,2498,0.3180207312107086
4845,5462,4641,0.31797677278518677
4846,5462,3483,0.31794556975364685
4847,5462,4987,0.3179081380367279
4848,5462,2613,0.31786638498306274
4849,5462,5345,0.3178466260433197
4850,5462,148,0.31784558296203613
4851,5462,2916,0.31780990958213806
4852,5462,1102,0.317756325006485
4853,5462,4420,0.317733496427536
4854,5462,4568,0.31768643856048584
4855,5462,64,0.31760478019714355
4856,5462,4335,0.3175969421863556
4857,5462,2175,0.3175574541091919
4858,5462,2493,0.31755170226097107
4859,5462,6252,0.3175100088119507
4860,5462,6261,0.317477285861969
4861,5462,5045,0.31747469305992126
4862,5462,6090,0.3173830509185791
4863,5462,2924,0.3173793852329254
4864,5462,5365,0.31736302375793457
4865,5462,4291,0.3173137605190277
4866,5462,5803,0.31728798151016235
4867,5462,6023,0.3172767758369446
4868,5462,5846,0.3172544538974762
4869,5462,2404,0.3172134757041931
4870,5462,366,0.3171911835670471
4871,5462,3203,0.317188024520874
4872,5462,4523,0.3171791434288025
4873,5462,496,0.31717821955680847
4874,5462,140,0.3171740472316742
4875,5462,2524,0.31711527705192566
4876,5462,4684,0.31708359718322754
4877,5462,106,0.317082941532135
4878,5462,5563,0.3170619308948517
4879,5462,3848,0.3168717324733734
4880,5462,5179,0.3168576657772064
4881,5462,2339,0.31677550077438354
4882,5462,3542,0.31676527857780457
4883,5462,40,0.3167164921760559
4884,5462,1106,0.3166680634021759
4885,5462,2229,0.31663262844085693
4886,5462,5941,0.31662362813949585
4887,5462,2021,0.3165847063064575
4888,5462,2189,0.3165847063064575
4889,5462,2133,0.31655392050743103
4890,5462,4135,0.3164844810962677
4891,5462,90,0.31646960973739624
4892,5462,556,0.31646308302879333
4893,5462,1975,0.31638115644454956
4894,5462,2905,0.31634044647216797
4895,5462,175,0.3163309693336487
4896,5462,3805,0.3161371350288391
4897,5462,5938,0.31604230403900146
4898,5462,541,0.3160398006439209
4899,5462,5234,0.31602662801742554
4900,5462,2464,0.3160189390182495
4901,5462,4145,0.3160102963447571
4902,5462,5346,0.3159831166267395
4903,5462,682,0.3159767687320709
4904,5462,4938,0.3159705698490143
4905,5462,149,0.3159520626068115
4906,5462,588,0.31594133377075195
4907,5462,340,0.3159385919570923
4908,5462,3513,0.3158765137195587
4909,5462,6344,0.31586024165153503
4910,5462,2752,0.31581008434295654
4911,5462,172,0.3157895505428314
4912,5462,867,0.3157270848751068
4913,5462,579,0.31572169065475464
4914,5462,3515,0.31570667028427124
4915,5462,6151,0.3156786859035492
4916,5462,5618,0.31563764810562134
4917,5462,5839,0.3155471384525299
4918,5462,4308,0.315525084733963
4919,5462,6278,0.3154313564300537
4920,5462,5154,0.31538745760917664
4921,5462,6296,0.31536945700645447
4922,5462,4565,0.31536826491355896
4923,5462,4076,0.31536754965782166
4924,5462,3557,0.3153637945652008
4925,5462,2277,0.31529197096824646
4926,5462,2262,0.31527820229530334
4927,5462,5047,0.3152521848678589
4928,5462,3530,0.3151438534259796
4929,5462,974,0.3151308298110962
4930,5462,2870,0.31512415409088135
4931,5462,3859,0.3150923550128937
4932,5462,1319,0.3150685727596283
4933,5462,6048,0.3150201141834259
4934,5462,5950,0.3150027394294739
4935,5462,135,0.31491315364837646
4936,5462,4510,0.3149048388004303
4937,5462,5632,0.3149046301841736
4938,5462,3606,0.31490200757980347
4939,5462,6156,0.3148766756057739
4940,5462,6258,0.31471696496009827
4941,5462,2853,0.3146936893463135
4942,5462,2544,0.31468984484672546
4943,5462,2029,0.31468379497528076
4944,5462,1465,0.3146824538707733
4945,5462,5528,0.31464383006095886
4946,5462,3467,0.3145744502544403
4947,5462,2895,0.3145669102668762
4948,5462,6057,0.31455835700035095
4949,5462,6070,0.3144393563270569
4950,5462,2954,0.3144221901893616
4951,5462,5130,0.31441235542297363
4952,5462,845,0.3143923282623291
4953,5462,4929,0.31439077854156494
4954,5462,5789,0.31438836455345154
4955,5462,6391,0.31438273191452026
4956,5462,6293,0.31436190009117126
4957,5462,4542,0.31436023116111755
4958,5462,3155,0.3143446445465088
4959,5462,2220,0.31432992219924927
4960,5462,2117,0.31432992219924927
4961,5462,4749,0.3143217861652374
4962,5462,4605,0.314271479845047
4963,5462,1199,0.3142240047454834
4964,5462,1952,0.3141247034072876
4965,5462,2401,0.31410014629364014
4966,5462,4525,0.3140939474105835
4967,5462,5572,0.3140023648738861
4968,5462,5016,0.31399762630462646
4969,5462,1355,0.3139929473400116
4970,5462,4305,0.31397098302841187
4971,5462,4081,0.31386417150497437
4972,5462,2407,0.31380701065063477
4973,5462,4265,0.3138062357902527
4974,5462,6213,0.3137972950935364
4975,5462,4708,0.3137778043746948
4976,5462,5716,0.31374403834342957
4977,5462,3382,0.3137376308441162
4978,5462,6006,0.3136494755744934
4979,5462,2715,0.313640296459198
4980,5462,3528,0.31361061334609985
4981,5462,2862,0.31351718306541443
4982,5462,5048,0.31349873542785645
4983,5462,2002,0.31346777081489563
4984,5462,5138,0.31344395875930786
4985,5462,243,0.31337735056877136
4986,5462,2603,0.31336694955825806
4987,5462,1222,0.3133583664894104
4988,5462,3032,0.31331878900527954
4989,5462,1557,0.3132812976837158
4990,5462,3511,0.3132748007774353
4991,5462,4143,0.313249409198761
4992,5462,163,0.31324538588523865
4993,5462,2562,0.3132097125053406
4994,5462,5532,0.3132035732269287
4995,5462,77,0.3130874037742615
4996,5462,1817,0.3130481243133545
4997,5462,4101,0.3130389451980591
4998,5462,304,0.3130345046520233
4999,5462,760,0.3130336105823517
5000,5462,4681,0.31303125619888306
5001,5462,6215,0.313027948141098
5002,5462,4349,0.3130156397819519
5003,5462,456,0.312971293926239
5004,5462,5566,0.3129552900791168
5005,5462,5584,0.3129158020019531
5006,5462,4630,0.3128826916217804
5007,5462,5898,0.31280654668807983
5008,5462,1249,0.312790185213089
5009,5462,3142,0.31274551153182983
5010,5462,4503,0.31271520256996155
5011,5462,6021,0.31271305680274963
5012,5462,2799,0.31265994906425476
5013,5462,3173,0.31263479590415955
5014,5462,4825,0.3126043677330017
5015,5462,4185,0.312598317861557
5016,5462,4787,0.3125852942466736
5017,5462,4373,0.3125726878643036
5018,5462,1083,0.3125571310520172
5019,5462,5536,0.31252309679985046
5020,5462,3133,0.3125140070915222
5021,5462,6199,0.3125125467777252
5022,5462,4094,0.312501460313797
5023,5462,5720,0.3124692440032959
5024,5462,2554,0.3124540448188782
5025,5462,3165,0.3124074637889862
5026,5462,125,0.31240522861480713
5027,5462,769,0.31235823035240173
5028,5462,3174,0.3123490512371063
5029,5462,1127,0.312275230884552
5030,5462,4123,0.3122361898422241
5031,5462,4596,0.3121209144592285
5032,5462,2520,0.3121111989021301
5033,5462,2890,0.3120929002761841
5034,5462,4659,0.3120737075805664
5035,5462,4091,0.3120313286781311
5036,5462,2841,0.31202471256256104
5037,5462,998,0.3120208978652954
5038,5462,4695,0.3120104670524597
5039,5462,2354,0.312004029750824
5040,5462,4709,0.3119288682937622
5041,5462,2777,0.31191039085388184
5042,5462,5638,0.3118641972541809
5043,5462,4670,0.3117246925830841
5044,5462,367,0.31166818737983704
5045,5462,6411,0.31166329979896545
5046,5462,3125,0.3116515874862671
5047,5462,5039,0.3116307854652405
5048,5462,1605,0.3115866184234619
5049,5462,3088,0.3115772604942322
5050,5462,5252,0.3115576505661011
5051,5462,3299,0.31149691343307495
5052,5462,851,0.31147080659866333
5053,5462,1598,0.3114262819290161
5054,5462,824,0.31142324209213257
5055,5462,857,0.3114151060581207
5056,5462,228,0.3113842308521271
5057,5462,6225,0.311336874961853
5058,5462,6206,0.3112921714782715
5059,5462,2324,0.31127700209617615
5060,5462,1740,0.31118836998939514
5061,5462,5870,0.31115949153900146
5062,5462,4442,0.31105995178222656
5063,5462,6251,0.31105560064315796
5064,5462,192,0.311025470495224
5065,5462,82,0.31099000573158264
5066,5462,4869,0.3109287619590759
5067,5462,1835,0.31087225675582886
5068,5462,6186,0.31086984276771545
5069,5462,619,0.31083014607429504
5070,5462,5673,0.3108155429363251
5071,5462,2729,0.3107573390007019
5072,5462,661,0.31071847677230835
5073,5462,4194,0.3106759786605835
5074,5462,6370,0.31067341566085815
5075,5462,5599,0.31065595149993896
5076,5462,618,0.31063780188560486
5077,5462,3687,0.3106134831905365
5078,5462,1457,0.3105751872062683
5079,5462,3664,0.31054002046585083
5080,5462,553,0.3104051947593689
5081,5462,497,0.31037259101867676
5082,5462,4455,0.3103448450565338
5083,5462,3057,0.31026211380958557
5084,5462,3337,0.3102480173110962
5085,5462,3423,0.31012555956840515
5086,5462,6366,0.31007125973701477
5087,5462,260,0.31006166338920593
5088,5462,5602,0.3100418150424957
5089,5462,5856,0.31003937125205994
5090,5462,6316,0.30997276306152344
5091,5462,1119,0.30994993448257446
5092,5462,1546,0.3098183274269104
5093,5462,4392,0.30978894233703613
5094,5462,1474,0.3097797632217407
5095,5462,1951,0.3097580075263977
5096,5462,6390,0.30970096588134766
5097,5462,2475,0.3096942901611328
5098,5462,656,0.30968236923217773
5099,5462,1962,0.30965107679367065
5100,5462,6204,0.30964893102645874
5101,5462,168,0.3096449077129364
5102,5462,5755,0.3095812499523163
5103,5462,5668,0.3095460534095764
5104,5462,3487,0.30944767594337463
5105,5462,2487,0.30943092703819275
5106,5462,2163,0.3094218373298645
5107,5462,4290,0.30939680337905884
5108,5462,5513,0.30938050150871277
5109,5462,791,0.3093529939651489
5110,5462,4423,0.3093447983264923
5111,5462,2611,0.3092277944087982
5112,5462,2579,0.30915719270706177
5113,5462,3946,0.30912575125694275
5114,5462,5610,0.30908241868019104
5115,5462,2403,0.30907657742500305
5116,5462,5728,0.3090733289718628
5117,5462,4409,0.30907168984413147
5118,5462,5835,0.309049516916275
5119,5462,4272,0.30900827050209045
5120,5462,5791,0.30892568826675415
5121,5462,617,0.30890992283821106
5122,5462,3138,0.3089005649089813
5123,5462,5524,0.30887049436569214
5124,5462,3485,0.30883723497390747
5125,5462,5001,0.30879417061805725
5126,5462,4647,0.3087667226791382
5127,5462,4080,0.30876657366752625
5128,5462,5177,0.30874499678611755
5129,5462,4389,0.30866914987564087
5130,5462,5027,0.30866846442222595
5131,5462,5998,0.3085477948188782
5132,5462,5054,0.3084486722946167
5133,5462,2899,0.3083798885345459
5134,5462,1507,0.30837541818618774
5135,5462,3597,0.3083464205265045
5136,5462,5354,0.30832746624946594
5137,5462,2832,0.30831030011177063
5138,5462,2489,0.3082396984100342
5139,5462,6323,0.30823221802711487
5140,5462,4381,0.3082257807254791
5141,5462,5730,0.30821695923805237
5142,5462,4807,0.3082168400287628
5143,5462,4283,0.3082088232040405
5144,5462,3048,0.30814528465270996
5145,5462,2584,0.30811208486557007
5146,5462,248,0.3081059455871582
5147,5462,2747,0.3080750107765198
5148,5462,4378,0.3080269396305084
5149,5462,5642,0.3080068528652191
5150,5462,3845,0.3079892694950104
5151,5462,4426,0.30798497796058655
5152,5462,4559,0.30797114968299866
5153,5462,5258,0.3078899383544922
5154,5462,844,0.3078547716140747
5155,5462,806,0.3078526556491852
5156,5462,3340,0.307700514793396
5157,5462,3536,0.30761203169822693
5158,5462,5980,0.30761149525642395
5159,5462,5139,0.3075851798057556
5160,5462,5558,0.3075640797615051
5161,5462,4390,0.30752530694007874
5162,5462,3744,0.30747920274734497
5163,5462,1547,0.30746757984161377
5164,5462,985,0.3074049949645996
5165,5462,4095,0.3073562681674957
5166,5462,2457,0.30734866857528687
5167,5462,666,0.3073461353778839
5168,5462,31,0.3071843087673187
5169,5462,6351,0.3071405589580536
5170,5462,1364,0.3070988655090332
5171,5462,659,0.3070979118347168
5172,5462,6062,0.3070737421512604
5173,5462,72,0.30706486105918884
5174,5462,5764,0.3070356547832489
5175,5462,3102,0.30703458189964294
5176,5462,4053,0.307007759809494
5177,5462,5634,0.30697280168533325
5178,5462,6328,0.30693069100379944
5179,5462,2291,0.30684641003608704
5180,5462,2350,0.30683937668800354
5181,5462,1159,0.30681562423706055
5182,5462,5843,0.3068155348300934
5183,5462,5543,0.30677059292793274
5184,5462,600,0.30676519870758057
5185,5462,6333,0.3067091107368469
5186,5462,684,0.3066803812980652
5187,5462,4772,0.3066554367542267
5188,5462,4358,0.3065873980522156
5189,5462,3094,0.30657994747161865
5190,5462,4512,0.30653828382492065
5191,5462,2564,0.3065301179885864
5192,5462,3521,0.30649662017822266
5193,5462,2289,0.306435763835907
5194,5462,4374,0.30641236901283264
5195,5462,4088,0.30637580156326294
5196,5462,4583,0.3063482642173767
5197,5462,2614,0.30629804730415344
5198,5462,4393,0.30629175901412964
5199,5462,3222,0.30627840757369995
5200,5462,2239,0.3062761127948761
5201,5462,1599,0.3062652051448822
5202,5462,3348,0.30623844265937805
5203,5462,3779,0.30621498823165894
5204,5462,3551,0.3061453700065613
5205,5462,406,0.30612635612487793
5206,5462,629,0.3060605227947235
5207,5462,129,0.3060359060764313
5208,5462,5156,0.3060181140899658
5209,5462,6357,0.3059716522693634
5210,5462,5499,0.3059653639793396
5211,5462,2330,0.30591562390327454
5212,5462,4089,0.30590781569480896
5213,5462,4085,0.3058899939060211
5214,5462,4380,0.305860310792923
5215,5462,312,0.3058382272720337
5216,5462,5780,0.30582091212272644
5217,5462,523,0.3058091700077057
5218,5462,438,0.3058057427406311
5219,5462,4506,0.30580076575279236
5220,5462,3773,0.30576595664024353
5221,5462,4607,0.3057495057582855
5222,5462,5587,0.3056820333003998
5223,5462,1730,0.3056231141090393
5224,5462,4342,0.3055979013442993
5225,5462,2424,0.3055623471736908
5226,5462,2863,0.3054756820201874
5227,5462,581,0.30544060468673706
5228,5462,5056,0.30538347363471985
5229,5462,5817,0.305374413728714
5230,5462,932,0.3053002655506134
5231,5462,3605,0.3052835166454315
5232,5462,3892,0.3052508234977722
5233,5462,784,0.30523526668548584
5234,5462,3915,0.30517885088920593
5235,5462,2271,0.30516475439071655
5236,5462,2072,0.30516475439071655
5237,5462,832,0.3051621913909912
5238,5462,2003,0.3051304817199707
5239,5462,5784,0.30511656403541565
5240,5462,5364,0.3050975799560547
5241,5462,4669,0.30508503317832947
5242,5462,931,0.30508294701576233
5243,5462,6419,0.30506840348243713
5244,5462,6211,0.30504336953163147
5245,5462,6183,0.30500149726867676
5246,5462,0,0.3049841523170471
5247,5462,2057,0.30498194694519043
5248,5462,4044,0.304972380399704
5249,5462,2980,0.30493736267089844
5250,5462,4969,0.3049347698688507
5251,5462,6299,0.3048871159553528
5252,5462,3281,0.3048860728740692
5253,5462,5766,0.30483201146125793
5254,5462,2374,0.3048316538333893
5255,5462,2589,0.30481550097465515
5256,5462,4876,0.3047875463962555
5257,5462,5955,0.304764986038208
5258,5462,2449,0.30473700165748596
5259,5462,2519,0.3047351539134979
5260,5462,5707,0.30467548966407776
5261,5462,6175,0.3046606183052063
5262,5462,4484,0.3046376705169678
5263,5462,4790,0.3043903112411499
5264,5462,3157,0.30438387393951416
5265,5462,1760,0.3043655455112457
5266,5462,4798,0.3043237626552582
5267,5462,5375,0.304271936416626
5268,5462,1901,0.30406248569488525
5269,5462,387,0.3040351867675781
5270,5462,218,0.30398422479629517
5271,5462,667,0.3039650321006775
5272,5462,4752,0.30395638942718506
5273,5462,4363,0.30379393696784973
5274,5462,1066,0.30375561118125916
5275,5462,2238,0.3037084639072418
5276,5462,2642,0.3036346435546875
5277,5462,4408,0.3035827875137329
5278,5462,2255,0.30350252985954285
5279,5462,2242,0.3034844696521759
5280,5462,1434,0.30337873101234436
5281,5462,6131,0.3033580780029297
5282,5462,530,0.3033551275730133
5283,5462,4459,0.3033529222011566
5284,5462,2533,0.3033292889595032
5285,5462,1726,0.3032616376876831
5286,5462,3489,0.30323120951652527
5287,5462,1126,0.30321604013442993
5288,5462,1440,0.3031900227069855
5289,5462,4357,0.3031790852546692
5290,5462,1141,0.3031617999076843
5291,5462,4169,0.3031536340713501
5292,5462,1282,0.3031182289123535
5293,5462,4909,0.3030965030193329
5294,5462,2417,0.30309101939201355
5295,5462,5701,0.30309000611305237
5296,5462,3104,0.303052693605423
5297,5462,3523,0.30302998423576355
5298,5462,5866,0.30291756987571716
5299,5462,4179,0.30290380120277405
5300,5462,4184,0.30289867520332336
5301,5462,5799,0.30286118388175964
5302,5462,516,0.30281996726989746
5303,5462,54,0.30280783772468567
5304,5462,532,0.30279743671417236
5305,5462,4285,0.3027677834033966
5306,5462,520,0.30276283621788025
5307,5462,426,0.30274903774261475
5308,5462,4450,0.30274298787117004
5309,5462,3879,0.30269989371299744
5310,5462,3371,0.3026599586009979
5311,5462,6036,0.3026231825351715
5312,5462,5512,0.3025567829608917
5313,5462,4313,0.3025284707546234
5314,5462,4462,0.3025072515010834
5315,5462,6272,0.3024984300136566
5316,5462,4866,0.30247852206230164
5317,5462,372,0.3024745583534241
5318,5462,6014,0.3024648129940033
5319,5462,6050,0.30246344208717346
5320,5462,2299,0.30245786905288696
5321,5462,128,0.30243992805480957
5322,5462,6003,0.30240777134895325
5323,5462,3498,0.3023577034473419
5324,5462,1097,0.3023506999015808
5325,5462,6322,0.3022971451282501
5326,5462,6176,0.3022852838039398
5327,5462,3520,0.30224552750587463
5328,5462,1780,0.3020743727684021
5329,5462,6026,0.30204930901527405
5330,5462,5748,0.3020460605621338
5331,5462,6055,0.3019079267978668
5332,5462,6114,0.30189722776412964
5333,5462,5588,0.3018832206726074
5334,5462,4402,0.3018515408039093
5335,5462,631,0.30184805393218994
5336,5462,120,0.30182945728302
5337,5462,1732,0.3018229603767395
5338,5462,4264,0.30166229605674744
5339,5462,2588,0.30161207914352417
5340,5462,1749,0.30160123109817505
5341,5462,4425,0.30158793926239014
5342,5462,6032,0.30158019065856934
5343,5462,4413,0.3015707731246948
5344,5462,4314,0.3015614449977875
5345,5462,4170,0.30155226588249207
5346,5462,4628,0.30153733491897583
5347,5462,146,0.3014678359031677
5348,5462,762,0.301439106464386
5349,5462,4119,0.3013606667518616
5350,5462,1998,0.30134493112564087
5351,5462,4811,0.3013252317905426
5352,5462,1006,0.30132511258125305
5353,5462,3808,0.30130577087402344
5354,5462,2395,0.3012973964214325
5355,5462,540,0.30126842856407166
5356,5462,1034,0.30119433999061584
5357,5462,2414,0.3011434078216553
5358,5462,3721,0.301093727350235
5359,5462,144,0.3010372817516327
5360,5462,326,0.3010194003582001
5361,5462,115,0.30101478099823
5362,5462,5990,0.30098915100097656
5363,5462,560,0.3008674085140228
5364,5462,261,0.30082938075065613
5365,5462,5578,0.3007998764514923
5366,5462,5527,0.3007746636867523
5367,5462,5103,0.3007635474205017
5368,5462,233,0.3007394075393677
5369,5462,1064,0.30064651370048523
5370,5462,5276,0.3005843162536621
5371,5462,4353,0.3005707561969757
5372,5462,2367,0.30051711201667786
5373,5462,5523,0.30049291253089905
5374,5462,1714,0.30049046874046326
5375,5462,723,0.3004869222640991
5376,5462,3566,0.3004743158817291
5377,5462,6367,0.300263911485672
5378,5462,4940,0.30025625228881836
5379,5462,6201,0.3001783490180969
5380,5462,6417,0.30017226934432983
5381,5462,2506,0.300136923789978
5382,5462,2582,0.30009302496910095
5383,5462,1451,0.30008357763290405
5384,5462,85,0.3000764846801758
5385,5462,1718,0.3000659644603729
5386,5462,93,0.3000086843967438
5387,5462,4065,0.2999717593193054
5388,5462,4321,0.29996299743652344
5389,5462,3572,0.299898236989975
5390,5462,2171,0.2998928129673004
5391,5462,2531,0.2998814880847931
5392,5462,5774,0.2998812794685364
5393,5462,719,0.2997812330722809
5394,5462,3990,0.2997366189956665
5395,5462,6056,0.2997003197669983
5396,5462,1984,0.2996964454650879
5397,5462,76,0.299672931432724
5398,5462,561,0.29962629079818726
5399,5462,5911,0.2995189428329468
5400,5462,4302,0.29939401149749756
5401,5462,4862,0.299388587474823
5402,5462,5086,0.2993070185184479
5403,5462,3209,0.2993031144142151
5404,5462,1442,0.2992887794971466
5405,5462,4368,0.29924753308296204
5406,5462,1928,0.2992262542247772
5407,5462,521,0.2992118000984192
5408,5462,920,0.2991368770599365
5409,5462,184,0.29911819100379944
5410,5462,938,0.29911571741104126
5411,5462,1400,0.2990576922893524
5412,5462,6109,0.2990347146987915
5413,5462,4400,0.2990247905254364
5414,5462,4505,0.29896411299705505
5415,5462,249,0.2989637851715088
5416,5462,4419,0.29891514778137207
5417,5462,245,0.2988678514957428
5418,5462,2196,0.29886236786842346
5419,5462,2412,0.29877322912216187
5420,5462,1767,0.29868578910827637
5421,5462,6286,0.2986467480659485
5422,5462,5761,0.2985810339450836
5423,5462,4370,0.29855966567993164
5424,5462,6247,0.29824668169021606
5425,5462,3464,0.29816922545433044
5426,5462,6236,0.2981214225292206
5427,5462,3923,0.29811862111091614
5428,5462,2143,0.29800260066986084
5429,5462,4188,0.2979486584663391
5430,5462,823,0.2978970408439636
5431,5462,3782,0.2978958487510681
5432,5462,95,0.297892689704895
5433,5462,5884,0.2978920638561249
5434,5462,4298,0.29788634181022644
5435,5462,4446,0.29781731963157654
5436,5462,2154,0.29779818654060364
5437,5462,5912,0.2977728843688965
5438,5462,517,0.297761470079422
5439,5462,5722,0.297700971364975
5440,5462,602,0.2976396381855011
5441,5462,1600,0.297587513923645
5442,5462,4348,0.29758191108703613
5443,5462,4261,0.2975790798664093
5444,5462,6075,0.29755640029907227
5445,5462,5561,0.2974962592124939
5446,5462,4051,0.2974737584590912
5447,5462,4766,0.2974731922149658
5448,5462,2552,0.29743295907974243
5449,5462,6084,0.29742828011512756
5450,5462,1028,0.2973938584327698
5451,5462,4294,0.29738444089889526
5452,5462,5522,0.29733800888061523
5453,5462,6371,0.29730546474456787
5454,5462,2904,0.29728007316589355
5455,5462,3888,0.2972789406776428
5456,5462,2169,0.29715779423713684
5457,5462,1094,0.29714617133140564
5458,5462,6076,0.29706937074661255
5459,5462,6275,0.2969946265220642
5460,5462,4886,0.29698649048805237
5461,5462,3181,0.29696884751319885
5462,5462,4163,0.2969241440296173
5463,5462,5699,0.2969039976596832
5464,5462,6121,0.2969014048576355
5465,5462,3575,0.2968178689479828
5466,5462,4682,0.29681673645973206
5467,5462,1874,0.2967294454574585
5468,5462,4532,0.2967285215854645
5469,5462,5044,0.29670944809913635
5470,5462,6250,0.2966894507408142
5471,5462,6410,0.2966679036617279
5472,5462,2816,0.2966420352458954
5473,5462,2515,0.2966269254684448
5474,5462,6020,0.2966092526912689
5475,5462,1999,0.29660680890083313
5476,5462,2293,0.29660606384277344
5477,5462,5725,0.29656875133514404
5478,5462,5815,0.2965574860572815
5479,5462,2543,0.29646995663642883
5480,5462,1110,0.29638516902923584
5481,5462,5714,0.29638513922691345
5482,5462,6337,0.2963566482067108
5483,5462,3836,0.296295702457428
5484,5462,2303,0.2961920201778412
5485,5462,5975,0.2961745262145996
5486,5462,3741,0.2961272597312927
5487,5462,4974,0.29606786370277405
5488,5462,4441,0.2959805727005005
5489,5462,4063,0.29597151279449463
5490,5462,4461,0.2959448993206024
5491,5462,322,0.2957775294780731
5492,5462,241,0.29574087262153625
5493,5462,3180,0.2957194447517395
5494,5462,1710,0.29571419954299927
5495,5462,3615,0.29568007588386536
5496,5462,6342,0.29563024640083313
5497,5462,6207,0.2955966591835022
5498,5462,4432,0.2955794632434845
5499,5462,6085,0.2955687344074249
5500,5462,2960,0.2955634295940399
5501,5462,5933,0.2955302298069
5502,5462,4300,0.29550454020500183
5503,5462,4852,0.29545173048973083
5504,5462,2771,0.2954368591308594
5505,5462,3531,0.2954360544681549
5506,5462,3974,0.2954135239124298
5507,5462,167,0.29530614614486694
5508,5462,580,0.29519885778427124
5509,5462,5370,0.2951001524925232
5510,5462,746,0.2950642704963684
5511,5462,2332,0.2950630784034729
5512,5462,4486,0.29502883553504944
5513,5462,3154,0.2950146198272705
5514,5462,786,0.29500362277030945
5515,5462,5754,0.29499977827072144
5516,5462,6195,0.29499551653862
5517,5462,2804,0.2949586808681488
5518,5462,3525,0.29489606618881226
5519,5462,5497,0.2948799431324005
5520,5462,6170,0.2948468327522278
5521,5462,4345,0.2947843670845032
5522,5462,1635,0.2947453260421753
5523,5462,4686,0.29473868012428284
5524,5462,386,0.294716477394104
5525,5462,2809,0.2945539951324463
5526,5462,5944,0.29455119371414185
5527,5462,6126,0.2945404648780823
5528,5462,2254,0.2945137917995453
5529,5462,5812,0.29450178146362305
5530,5462,5084,0.29446035623550415
5531,5462,3858,0.2944589853286743
5532,5462,4385,0.2944439947605133
5533,5462,2744,0.29441577196121216
5534,5462,4445,0.2944018244743347
5535,5462,4263,0.29440170526504517
5536,5462,2111,0.2943480312824249
5537,5462,2549,0.2943195402622223
5538,5462,4845,0.2942570149898529
5539,5462,6157,0.29424944519996643
5540,5462,1008,0.2942301332950592
5541,5462,1804,0.2942267656326294
5542,5462,4591,0.29422444105148315
5543,5462,6167,0.29421743750572205
5544,5462,3037,0.29417455196380615
5545,5462,397,0.29417234659194946
5546,5462,6398,0.2941478490829468
5547,5462,597,0.29412543773651123
5548,5462,2033,0.29412075877189636
5549,5462,637,0.2940879166126251
5550,5462,2300,0.294080525636673
5551,5462,3110,0.29407835006713867
5552,5462,6248,0.29404670000076294
5553,5462,4912,0.29401588439941406
5554,5462,4813,0.2939338982105255
5555,5462,5008,0.2938516139984131
5556,5462,4275,0.29384645819664
5557,5462,5501,0.2938428521156311
5558,5462,1099,0.2938205599784851
5559,5462,3141,0.29381853342056274
5560,5462,5646,0.2937037944793701
5561,5462,5947,0.29368141293525696
5562,5462,4306,0.2936762869358063
5563,5462,396,0.2936190962791443
5564,5462,3617,0.2935636341571808
5565,5462,4437,0.29355230927467346
5566,5462,186,0.29354000091552734
5567,5462,596,0.293491929769516
5568,5462,3456,0.2934624254703522
5569,5462,6318,0.29346150159835815
5570,5462,2773,0.2933834195137024
5571,5462,959,0.2933807075023651
5572,5462,2148,0.2932848036289215
5573,5462,351,0.29324910044670105
5574,5462,328,0.293239027261734
5575,5462,5994,0.29322829842567444
5576,5462,5157,0.2931855320930481
5577,5462,4151,0.29315561056137085
5578,5462,6271,0.2931428551673889
5579,5462,484,0.29301002621650696
5580,5462,273,0.2929733395576477
5581,5462,3477,0.29286494851112366
5582,5462,6389,0.29284048080444336
5583,5462,5832,0.2928367853164673
5584,5462,5123,0.29280802607536316
5585,5462,5639,0.29278862476348877
5586,5462,1965,0.2927491366863251
5587,5462,2821,0.29267725348472595
5588,5462,1082,0.2926730513572693
5589,5462,4915,0.29255542159080505
5590,5462,5537,0.2925106883049011
5591,5462,1439,0.2924574315547943
5592,5462,2547,0.2924562394618988
5593,5462,1559,0.29234302043914795
5594,5462,1349,0.29229211807250977
5595,5462,6123,0.2922443747520447
5596,5462,6044,0.2922370135784149
5597,5462,4968,0.2921837866306305
5598,5462,4585,0.2920852601528168
5599,5462,6125,0.2920810282230377
5600,5462,4907,0.29206517338752747
5601,5462,469,0.29206234216690063
5602,5462,1121,0.29191726446151733
5603,5462,87,0.2918482720851898
5604,5462,101,0.2917867600917816
5605,5462,165,0.29177045822143555
5606,5462,1065,0.2917565703392029
5607,5462,850,0.29174506664276123
5608,5462,2565,0.2916909158229828
5609,5462,4576,0.29167288541793823
5610,5462,6379,0.29161953926086426
5611,5462,4266,0.29161369800567627
5612,5462,5487,0.2916085422039032
5613,5462,575,0.2915565073490143
5614,5462,4417,0.2914816439151764
5615,5462,866,0.29146242141723633
5616,5462,2245,0.2914382517337799
5617,5462,1215,0.291331022977829
5618,5462,524,0.29131680727005005
5619,5462,856,0.2912665903568268
5620,5462,3818,0.29122796654701233
5621,5462,3937,0.2911812961101532
5622,5462,5046,0.29117467999458313
5623,5462,4430,0.29112979769706726
5624,5462,6149,0.291118860244751
5625,5462,5705,0.29110223054885864
5626,5462,3920,0.2910991907119751
5627,5462,5651,0.29108476638793945
5628,5462,5963,0.29098573327064514
5629,5462,3514,0.29090258479118347
5630,5462,4836,0.29088345170021057
5631,5462,6141,0.29085707664489746
5632,5462,4325,0.2908232808113098
5633,5462,3115,0.29081806540489197
5634,5462,5874,0.2907978296279907
5635,5462,4473,0.290749728679657
5636,5462,4977,0.2907421588897705
5637,5462,2463,0.2905730605125427
5638,5462,4914,0.29053163528442383
5639,5462,301,0.29053038358688354
5640,5462,2433,0.2905077338218689
5641,5462,718,0.29048123955726624
5642,5462,6081,0.2904227077960968
5643,5462,686,0.29041150212287903
5644,5462,299,0.2902572751045227
5645,5462,4205,0.29025545716285706
5646,5462,615,0.29020795226097107
5647,5462,6130,0.2901890277862549
5648,5462,6355,0.2901126742362976
5649,5462,2713,0.28995245695114136
5650,5462,4422,0.2898299992084503
5651,5462,882,0.2897661328315735
5652,5462,4967,0.28974616527557373
5653,5462,5855,0.2895539402961731
5654,5462,6268,0.28951016068458557
5655,5462,2577,0.2894987165927887
5656,5462,4346,0.28949108719825745
5657,5462,4467,0.28947293758392334
5658,5462,5530,0.2893840968608856
5659,5462,6210,0.2892361283302307
5660,5462,1087,0.28916794061660767
5661,5462,6332,0.28915584087371826
5662,5462,5876,0.28914931416511536
5663,5462,4174,0.2890561521053314
5664,5462,86,0.28904077410697937
5665,5462,1613,0.28891298174858093
5666,5462,4318,0.28888946771621704
5667,5462,635,0.2888152301311493
5668,5462,557,0.2887800633907318
5669,5462,4352,0.2887522876262665
5670,5462,533,0.28862640261650085
5671,5462,755,0.28861144185066223
5672,5462,6018,0.2886032164096832
5673,5462,3495,0.28859078884124756
5674,5462,2447,0.2885738015174866
5675,5462,1782,0.28853076696395874
5676,5462,4667,0.28849390149116516
5677,5462,4646,0.28846475481987
5678,5462,4569,0.28840553760528564
5679,5462,1743,0.2883525788784027
5680,5462,804,0.2883491516113281
5681,5462,2740,0.28831198811531067
5682,5462,4671,0.28827720880508423
5683,5462,1070,0.2882619798183441
5684,5462,4361,0.28811103105545044
5685,5462,1711,0.2881108522415161
5686,5462,3973,0.28798139095306396
5687,5462,5592,0.28794848918914795
5688,5462,4098,0.2879343330860138
5689,5462,745,0.2878950834274292
5690,5462,2467,0.2878240644931793
5691,5462,3192,0.2877991795539856
5692,5462,5853,0.28775736689567566
5693,5462,3519,0.2876277267932892
5694,5462,2159,0.28759530186653137
5695,5462,6378,0.28759312629699707
5696,5462,3137,0.2875472605228424
5697,5462,539,0.2874792814254761
5698,5462,953,0.28738054633140564
5699,5462,4841,0.2873237133026123
5700,5462,3205,0.28730258345603943
5701,5462,4487,0.2872757911682129
5702,5462,696,0.2871738374233246
5703,5462,825,0.2871207892894745
5704,5462,6265,0.2870607376098633
5705,5462,230,0.2870595455169678
5706,5462,4,0.28699740767478943
5707,5462,1236,0.28697627782821655
5708,5462,1076,0.2869647443294525
5709,5462,160,0.28695693612098694
5710,5462,5811,0.28686901926994324
5711,5462,4397,0.28679659962654114
5712,5462,4424,0.2866465151309967
5713,5462,4127,0.28660818934440613
5714,5462,5991,0.28653037548065186
5715,5462,4944,0.2864883244037628
5716,5462,6025,0.2864701747894287
5717,5462,1603,0.28646788001060486
5718,5462,4555,0.2863750457763672
5719,5462,585,0.28633490204811096
5720,5462,528,0.2862831950187683
5721,5462,3510,0.28627723455429077
5722,5462,3739,0.28623881936073303
5723,5462,6193,0.28623852133750916
5724,5462,4913,0.2862236797809601
5725,5462,3919,0.2861587405204773
5726,5462,2522,0.2861574590206146
5727,5462,5997,0.28612786531448364
5728,5462,316,0.28610172867774963
5729,5462,3537,0.2859901487827301
5730,5462,5061,0.28596675395965576
5731,5462,1721,0.2859032452106476
5732,5462,3207,0.2858922779560089
5733,5462,6424,0.28581827878952026
5734,5462,783,0.2858096659183502
5735,5462,2323,0.2858094274997711
5736,5462,562,0.28579407930374146
5737,5462,1529,0.2857719957828522
5738,5462,2450,0.28569644689559937
5739,5462,1969,0.28569069504737854
5740,5462,2441,0.2856123447418213
5741,5462,4039,0.28554338216781616
5742,5462,2607,0.28551772236824036
5743,5462,6155,0.2855113446712494
5744,5462,4055,0.28550881147384644
5745,5462,4156,0.2854851186275482
5746,5462,4396,0.2854851186275482
5747,5462,446,0.28547796607017517
5748,5462,152,0.2854442298412323
5749,5462,808,0.2854386866092682
5750,5462,4718,0.28543636202812195
5751,5462,5538,0.28542032837867737
5752,5462,749,0.2853788733482361
5753,5462,4997,0.2853355407714844
5754,5462,817,0.285332590341568
5755,5462,1926,0.28531646728515625
5756,5462,4351,0.2852899432182312
5757,5462,4405,0.28525108098983765
5758,5462,648,0.28525036573410034
5759,5462,5586,0.28523898124694824
5760,5462,3503,0.2852228581905365
5761,5462,4149,0.28519901633262634
5762,5462,717,0.28514471650123596
5763,5462,455,0.28505751490592957
5764,5462,3039,0.28495264053344727
5765,5462,1531,0.28495118021965027
5766,5462,2274,0.284942626953125
5767,5462,2123,0.2849382162094116
5768,5462,3794,0.28486672043800354
5769,5462,5384,0.28483808040618896
5770,5462,6077,0.2847777307033539
5771,5462,6168,0.2847525477409363
5772,5462,4339,0.28469252586364746
5773,5462,4497,0.2845856845378876
5774,5462,4625,0.2845726013183594
5775,5462,1920,0.2845321297645569
5776,5462,4629,0.2845000624656677
5777,5462,2408,0.28432032465934753
5778,5462,3648,0.2841971814632416
5779,5462,3453,0.2841562330722809
5780,5462,6107,0.2841441035270691
5781,5462,5768,0.2841186821460724
5782,5462,6040,0.2840927541255951
5783,5462,5660,0.2840578258037567
5784,5462,4981,0.28390204906463623
5785,5462,3414,0.2838994860649109
5786,5462,6087,0.2838965058326721
5787,5462,2454,0.28388720750808716
5788,5462,805,0.28382688760757446
5789,5462,1765,0.2837992012500763
5790,5462,4828,0.2836630046367645
5791,5462,4743,0.28364628553390503
5792,5462,2269,0.2836373448371887
5793,5462,3472,0.2836103141307831
5794,5462,6377,0.28360506892204285
5795,5462,6281,0.28354039788246155
5796,5462,584,0.283539354801178
5797,5462,6347,0.28352588415145874
5798,5462,4146,0.28343284130096436
5799,5462,6099,0.2834286689758301
5800,5462,4218,0.2833902835845947
5801,5462,5567,0.2833091616630554
5802,5462,3119,0.2832717001438141
5803,5462,5972,0.28310689330101013
5804,5462,6326,0.28309518098831177
5805,5462,5875,0.2830720543861389
5806,5462,6402,0.28305482864379883
5807,5462,4315,0.2830231487751007
5808,5462,3529,0.28301507234573364
5809,5462,5583,0.28298571705818176
5810,5462,5585,0.28295445442199707
5811,5462,5040,0.2829201817512512
5812,5462,2476,0.28290674090385437
5813,5462,1093,0.2828702926635742
5814,5462,4067,0.28285467624664307
5815,5462,3558,0.2827906608581543
5816,5462,6306,0.28274258971214294
5817,5462,1084,0.2827296257019043
5818,5462,6304,0.28272339701652527
5819,5462,740,0.28271088004112244
5820,5462,757,0.28269127011299133
5821,5462,606,0.28268933296203613
5822,5462,785,0.2826414406299591
5823,5462,3187,0.2826326787471771
5824,5462,781,0.28248071670532227
5825,5462,62,0.28245237469673157
5826,5462,613,0.28241273760795593
5827,5462,483,0.2823820412158966
5828,5462,3191,0.28235483169555664
5829,5462,794,0.2823019027709961
5830,5462,6080,0.28226903080940247
5831,5462,5614,0.2822217047214508
5832,5462,1862,0.28217813372612
5833,5462,1936,0.2821313738822937
5834,5462,371,0.2820685803890228
5835,5462,2223,0.28200677037239075
5836,5462,6106,0.2819822430610657
5837,5462,6089,0.28196388483047485
5838,5462,5363,0.281911700963974
5839,5462,5816,0.2819071114063263
5840,5462,5631,0.28189221024513245
5841,5462,2909,0.2818409502506256
5842,5462,1085,0.28177177906036377
5843,5462,335,0.2817452549934387
5844,5462,4304,0.28173941373825073
5845,5462,4418,0.281681090593338
5846,5462,6079,0.28158873319625854
5847,5462,1538,0.28154900670051575
5848,5462,4494,0.2815464437007904
5849,5462,275,0.2815282940864563
5850,5462,6382,0.28144270181655884
5851,5462,1224,0.281414657831192
5852,5462,977,0.2813693881034851
5853,5462,2739,0.28129899501800537
5854,5462,6102,0.281247615814209
5855,5462,61,0.2812117636203766
5856,5462,1572,0.281159907579422
5857,5462,3107,0.28115540742874146
5858,5462,4511,0.2810867428779602
5859,5462,5323,0.2810651361942291
5860,5462,2060,0.2809540629386902
5861,5462,5984,0.28090178966522217
5862,5462,3976,0.28087738156318665
5863,5462,2599,0.2808727025985718
5864,5462,4031,0.28082984685897827
5865,5462,6067,0.2808149755001068
5866,5462,605,0.2808081805706024
5867,5462,2326,0.28080061078071594
5868,5462,6292,0.28075799345970154
5869,5462,2628,0.28067734837532043
5870,5462,6061,0.28047436475753784
5871,5462,6249,0.28043508529663086
5872,5462,6222,0.28042250871658325
5873,5462,1026,0.28041064739227295
5874,5462,739,0.280396044254303
5875,5462,4797,0.28012940287590027
5876,5462,4369,0.2800644040107727
5877,5462,5483,0.2800236642360687
5878,5462,5260,0.2799193561077118
5879,5462,4364,0.2799154222011566
5880,5462,6033,0.2798751890659332
5881,5462,3689,0.27986639738082886
5882,5462,6276,0.2798563838005066
5883,5462,1517,0.2798353135585785
5884,5462,1148,0.27982228994369507
5885,5462,4384,0.2798222005367279
5886,5462,2864,0.27980467677116394
5887,5462,2485,0.2797933518886566
5888,5462,1062,0.2797143757343292
5889,5462,4489,0.2796502709388733
5890,5462,1715,0.27957454323768616
5891,5462,187,0.27953118085861206
5892,5462,3749,0.27950069308280945
5893,5462,4516,0.2794051766395569
5894,5462,1893,0.27936315536499023
5895,5462,6365,0.27933549880981445
5896,5462,3590,0.2792823612689972
5897,5462,3405,0.27912911772727966
5898,5462,795,0.27909034490585327
5899,5462,1435,0.2789793908596039
5900,5462,2501,0.2788640856742859
5901,5462,251,0.2786718010902405
5902,5462,4323,0.2786370515823364
5903,5462,2885,0.2786034345626831
5904,5462,5093,0.2786027491092682
5905,5462,1978,0.2785213887691498
5906,5462,189,0.2785060405731201
5907,5462,6058,0.2785002589225769
5908,5462,6159,0.2784426808357239
5909,5462,1493,0.27830350399017334
5910,5462,1924,0.2781514823436737
5911,5462,542,0.27812322974205017
5912,5462,6127,0.2780361473560333
5913,5462,4911,0.278035044670105
5914,5462,1722,0.27802354097366333
5915,5462,4415,0.27798017859458923
5916,5462,6403,0.27795231342315674
5917,5462,6059,0.27788251638412476
5918,5462,2347,0.27784955501556396
5919,5462,5969,0.2778078019618988
5920,5462,884,0.2778073847293854
5921,5462,3568,0.2777545750141144
5922,5462,1745,0.27772125601768494
5923,5462,6348,0.27765631675720215
5924,5462,803,0.27750712633132935
5925,5462,4443,0.27750328183174133
5926,5462,6082,0.27741941809654236
5927,5462,4360,0.2772674560546875
5928,5462,1796,0.2772595286369324
5929,5462,132,0.27717289328575134
5930,5462,4457,0.27713286876678467
5931,5462,6412,0.2771315276622772
5932,5462,5545,0.2770187258720398
5933,5462,992,0.2770167291164398
5934,5462,4333,0.2770138382911682
5935,5462,3198,0.27695995569229126
5936,5462,2107,0.2769050598144531
5937,5462,1880,0.2769050598144531
5938,5462,1321,0.2768929600715637
5939,5462,1719,0.2768639326095581
5940,5462,6101,0.27677443623542786
5941,5462,6190,0.27666381001472473
5942,5462,3166,0.27665725350379944
5943,5462,4431,0.27659717202186584
5944,5462,826,0.27658990025520325
5945,5462,6356,0.2765752971172333
5946,5462,3942,0.27656856179237366
5947,5462,1124,0.2765636146068573
5948,5462,2207,0.2765522301197052
5949,5462,2505,0.2765522301197052
5950,5462,4337,0.2764533758163452
5951,5462,830,0.276344895362854
5952,5462,5979,0.27630379796028137
5953,5462,883,0.2762949764728546
5954,5462,5732,0.2762133479118347
5955,5462,3492,0.2761934697628021
5956,5462,4382,0.2761733829975128
5957,5462,6064,0.27613985538482666
5958,5462,6217,0.2761169672012329
5959,5462,1476,0.2760702073574066
5960,5462,565,0.2760644257068634
5961,5462,4008,0.27601706981658936
5962,5462,5247,0.2758915424346924
5963,5462,685,0.275873601436615
5964,5462,5607,0.2757880687713623
5965,5462,1144,0.2757776975631714
5966,5462,5767,0.27574610710144043
5967,5462,583,0.27573809027671814
5968,5462,2296,0.27566468715667725
5969,5462,5605,0.27562081813812256
5970,5462,119,0.27561497688293457
5971,5462,989,0.27561134099960327
5972,5462,6301,0.2756004333496094
5973,5462,4383,0.27558639645576477
5974,5462,5386,0.2755190432071686
5975,5462,4399,0.27549922466278076
5976,5462,5785,0.2754124402999878
5977,5462,573,0.27536842226982117
5978,5462,3518,0.27531325817108154
5979,5462,531,0.2752908766269684
5980,5462,47,0.2752138674259186
5981,5462,92,0.27518412470817566
5982,5462,4299,0.2751796245574951
5983,5462,4468,0.2751196324825287
5984,5462,320,0.27508723735809326
5985,5462,4662,0.27499160170555115
5986,5462,6161,0.27495577931404114
5987,5462,155,0.27494245767593384
5988,5462,5377,0.2749195992946625
5989,5462,2815,0.27482685446739197
5990,5462,2888,0.274822473526001
5991,5462,6074,0.27467912435531616
5992,5462,3750,0.2746557295322418
5993,5462,339,0.27458199858665466
5994,5462,5593,0.2745414078235626
5995,5462,1147,0.2744850218296051
5996,5462,5087,0.2744843363761902
5997,5462,5000,0.2744099795818329
5998,5462,3059,0.2743391692638397
5999,5462,449,0.27433615922927856
6000,5462,6279,0.27425616979599
6001,5462,3631,0.27415987849235535
6002,5462,1336,0.27411898970603943
6003,5462,6415,0.27410030364990234
6004,5462,3924,0.27400603890419006
6005,5462,858,0.27399787306785583
6006,5462,448,0.27397990226745605
6007,5462,6139,0.27395787835121155
6008,5462,5547,0.2738797962665558
6009,5462,5565,0.27375176548957825
6010,5462,294,0.2735873758792877
6011,5462,4359,0.2734842300415039
6012,5462,3994,0.27327778935432434
6013,5462,4440,0.27326565980911255
6014,5462,1723,0.27324801683425903
6015,5462,961,0.27320757508277893
6016,5462,274,0.27320578694343567
6017,5462,1727,0.27320215106010437
6018,5462,6393,0.2729960083961487
6019,5462,330,0.27298763394355774
6020,5462,4035,0.27284905314445496
6021,5462,1739,0.2727982699871063
6022,5462,3874,0.2726830840110779
6023,5462,4706,0.27264782786369324
6024,5462,6297,0.2726186513900757
6025,5462,4471,0.27257615327835083
6026,5462,4428,0.27248111367225647
6027,5462,4456,0.27240973711013794
6028,5462,2053,0.27238208055496216
6029,5462,2451,0.27232131361961365
6030,5462,2776,0.27198877930641174
6031,5462,3035,0.2719860374927521
6032,5462,1310,0.2718149721622467
6033,5462,5020,0.2718069851398468
6034,5462,4375,0.271655410528183
6035,5462,4932,0.27157869935035706
6036,5462,3676,0.2715427279472351
6037,5462,6253,0.27154046297073364
6038,5462,577,0.2714998722076416
6039,5462,2202,0.2714390754699707
6040,5462,5792,0.27142608165740967
6041,5462,2514,0.271399587392807
6042,5462,3135,0.2713318169116974
6043,5462,1747,0.27130433917045593
6044,5462,4371,0.2712518870830536
6045,5462,4465,0.27122819423675537
6046,5462,3578,0.2711944580078125
6047,5462,1495,0.27118152379989624
6048,5462,2105,0.27116069197654724
6049,5462,1216,0.2711556553840637
6050,5462,4388,0.2709273397922516
6051,5462,6270,0.2708461582660675
6052,5462,5482,0.2708435356616974
6053,5462,3502,0.27080947160720825
6054,5462,5580,0.2707689106464386
6055,5462,3491,0.27062907814979553
6056,5462,325,0.27057304978370667
6057,5462,4581,0.2704430818557739
6058,5462,3123,0.2704109251499176
6059,5462,5798,0.2703455090522766
6060,5462,4931,0.27026912569999695
6061,5462,2318,0.27025043964385986
6062,5462,2563,0.27019181847572327
6063,5462,4508,0.27014556527137756
6064,5462,2609,0.2701258361339569
6065,5462,173,0.2700820863246918
6066,5462,338,0.270016074180603
6067,5462,3669,0.2700095772743225
6068,5462,526,0.2700034976005554
6069,5462,1736,0.26999515295028687
6070,5462,4326,0.2699894905090332
6071,5462,6072,0.26985788345336914
6072,5462,4923,0.26983049511909485
6073,5462,3163,0.26981285214424133
6074,5462,5376,0.2697930634021759
6075,5462,4289,0.269722580909729
6076,5462,133,0.2695552706718445
6077,5462,4293,0.2695515751838684
6078,5462,6158,0.26945406198501587
6079,5462,1031,0.26937973499298096
6080,5462,3082,0.2693561017513275
6081,5462,6148,0.2693083584308624
6082,5462,5510,0.2691825032234192
6083,5462,3977,0.26914501190185547
6084,5462,4435,0.26914241909980774
6085,5462,6116,0.26913321018218994
6086,5462,4920,0.2689536213874817
6087,5462,493,0.26893487572669983
6088,5462,4933,0.26874226331710815
6089,5462,5146,0.26862627267837524
6090,5462,2444,0.2685430347919464
6091,5462,5041,0.2685210108757019
6092,5462,6255,0.26848816871643066
6093,5462,1444,0.26847127079963684
6094,5462,6054,0.26846423745155334
6095,5462,2748,0.2683463990688324
6096,5462,2436,0.26831287145614624
6097,5462,6386,0.26831236481666565
6098,5462,2362,0.2682906687259674
6099,5462,4661,0.2681977152824402
6100,5462,6341,0.26798275113105774
6101,5462,6246,0.2679569721221924
6102,5462,4097,0.267901211977005
6103,5462,1140,0.26789945363998413
6104,5462,6283,0.2678980827331543
6105,5462,2373,0.26786643266677856
6106,5462,2279,0.26784610748291016
6107,5462,6063,0.2677881419658661
6108,5462,5492,0.2677052319049835
6109,5462,5184,0.2676600515842438
6110,5462,486,0.26764726638793945
6111,5462,4341,0.2676104009151459
6112,5462,576,0.26759517192840576
6113,5462,1909,0.2675716280937195
6114,5462,2445,0.267428994178772
6115,5462,6113,0.26741722226142883
6116,5462,4301,0.26729440689086914
6117,5462,861,0.2672117054462433
6118,5462,6414,0.26690664887428284
6119,5462,2329,0.26689618825912476
6120,5462,4296,0.266799658536911
6121,5462,1724,0.26664188504219055
6122,5462,2422,0.26663801074028015
6123,5462,191,0.2663496732711792
6124,5462,6071,0.26618093252182007
6125,5462,801,0.2660659849643707
6126,5462,4312,0.2658330202102661
6127,5462,6372,0.2658272385597229
6128,5462,6066,0.26576751470565796
6129,5462,1248,0.26574236154556274
6130,5462,1117,0.2656913697719574
6131,5462,6282,0.2656208574771881
6132,5462,6105,0.26558053493499756
6133,5462,136,0.2655680775642395
6134,5462,226,0.2655656635761261
6135,5462,2341,0.26548394560813904
6136,5462,6257,0.26538610458374023
6137,5462,2156,0.2653639316558838
6138,5462,6244,0.2653377652168274
6139,5462,122,0.26533496379852295
6140,5462,6350,0.2653028964996338
6141,5462,2483,0.26521146297454834
6142,5462,612,0.26518523693084717
6143,5462,4903,0.26516494154930115
6144,5462,1627,0.2651582658290863
6145,5462,2209,0.2650761306285858
6146,5462,4208,0.2650502026081085
6147,5462,4334,0.26483747363090515
6148,5462,5036,0.2647607624530792
6149,5462,6408,0.26467621326446533
6150,5462,5125,0.2646496295928955
6151,5462,6065,0.2645464539527893
6152,5462,3709,0.26443174481391907
6153,5462,1725,0.2642703950405121
6154,5462,1081,0.2642602324485779
6155,5462,6264,0.2641911804676056
6156,5462,4574,0.26417240500450134
6157,5462,1894,0.26415497064590454
6158,5462,127,0.2639884948730469
6159,5462,2079,0.26393869519233704
6160,5462,3873,0.2638052999973297
6161,5462,4453,0.26368147134780884
6162,5462,3147,0.26367461681365967
6163,5462,2215,0.26364049315452576
6164,5462,2448,0.26348817348480225
6165,5462,1634,0.26343491673469543
6166,5462,6298,0.26293790340423584
6167,5462,4928,0.26288819313049316
6168,5462,848,0.2628141939640045
6169,5462,385,0.26274535059928894
6170,5462,447,0.2627323269844055
6171,5462,6290,0.26265737414360046
6172,5462,1751,0.26264530420303345
6173,5462,3508,0.2624590992927551
6174,5462,5295,0.26240262389183044
6175,5462,6196,0.26232680678367615
6176,5462,5601,0.2622588276863098
6177,5462,45,0.26206839084625244
6178,5462,3964,0.2618767023086548
6179,5462,6319,0.26164698600769043
6180,5462,5956,0.26150768995285034
6181,5462,5131,0.26143255829811096
6182,5462,1819,0.26142239570617676
6183,5462,2808,0.26141059398651123
6184,5462,5307,0.2613099217414856
6185,5462,2149,0.2612910270690918
6186,5462,2142,0.26127707958221436
6187,5462,3139,0.26119735836982727
6188,5462,5328,0.2610889971256256
6189,5462,256,0.26092344522476196
6190,5462,6343,0.2609201669692993
6191,5462,3493,0.26076817512512207
6192,5462,1755,0.26069948077201843
6193,5462,6241,0.2603853642940521
6194,5462,6373,0.26029834151268005
6195,5462,2606,0.26009732484817505
6196,5462,130,0.2600838243961334
6197,5462,1728,0.26007047295570374
6198,5462,112,0.2599412500858307
6199,5462,4875,0.2598966062068939
6200,5462,4922,0.2598235607147217
6201,5462,582,0.25967782735824585
6202,5462,2532,0.25958168506622314
6203,5462,4573,0.2593667805194855
6204,5462,2309,0.2591725289821625
6205,5462,994,0.2591143846511841
6206,5462,555,0.2589874863624573
6207,5462,6361,0.2589776813983917
6208,5462,5503,0.25896501541137695
6209,5462,1939,0.258942186832428
6210,5462,6388,0.2588973939418793
6211,5462,2560,0.25886070728302
6212,5462,4998,0.2587047517299652
6213,5462,79,0.25853821635246277
6214,5462,3211,0.258457750082016
6215,5462,6321,0.2583957314491272
6216,5462,4439,0.2583268880844116
6217,5462,5511,0.25803282856941223
6218,5462,860,0.2579840123653412
6219,5462,6140,0.2579615116119385
6220,5462,1891,0.2577131390571594
6221,5462,6052,0.2576777935028076
6222,5462,2517,0.25756996870040894
6223,5462,838,0.2575211822986603
6224,5462,842,0.25742822885513306
6225,5462,626,0.2573893368244171
6226,5462,2320,0.25736647844314575
6227,5462,3532,0.25718849897384644
6228,5462,5820,0.25711488723754883
6229,5462,117,0.25711166858673096
6230,5462,3545,0.2571011781692505
6231,5462,4674,0.25699591636657715
6232,5462,2261,0.25694337487220764
6233,5462,1737,0.2568526864051819
6234,5462,6325,0.25683483481407166
6235,5462,6097,0.2565634846687317
6236,5462,3124,0.2564986050128937
6237,5462,5077,0.25645706057548523
6238,5462,4066,0.25640836358070374
6239,5462,3842,0.25638139247894287
6240,5462,5541,0.25637245178222656
6241,5462,3535,0.25633251667022705
6242,5462,1779,0.256076842546463
6243,5462,6375,0.25601911544799805
6244,5462,3247,0.25592896342277527
6245,5462,3933,0.2559175491333008
6246,5462,6212,0.255900502204895
6247,5462,2902,0.25579214096069336
6248,5462,450,0.25570788979530334
6249,5462,6256,0.2555687725543976
6250,5462,2551,0.2555612325668335
6251,5462,452,0.25536563992500305
6252,5462,6289,0.2552604377269745
6253,5462,6336,0.25522884726524353
6254,5462,4566,0.2552184760570526
6255,5462,4343,0.2549263834953308
6256,5462,436,0.2547326683998108
6257,5462,4481,0.2545691430568695
6258,5462,6277,0.25452110171318054
6259,5462,4526,0.25442183017730713
6260,5462,161,0.2543434202671051
6261,5462,5153,0.25430116057395935
6262,5462,5509,0.25423985719680786
6263,5462,2468,0.2541886568069458
6264,5462,4952,0.2541239261627197
6265,5462,6100,0.2540223300457001
6266,5462,6104,0.25362178683280945
6267,5462,6407,0.25347453355789185
6268,5462,4470,0.2534318268299103
6269,5462,6245,0.25321364402770996
6270,5462,614,0.2530668377876282
6271,5462,1130,0.2530404329299927
6272,5462,6339,0.2528819143772125
6273,5462,4449,0.2528252899646759
6274,5462,6147,0.2528098225593567
6275,5462,724,0.2522568106651306
6276,5462,2204,0.2521968483924866
6277,5462,271,0.25216561555862427
6278,5462,303,0.25197771191596985
6279,5462,4575,0.2519756555557251
6280,5462,2210,0.25174766778945923
6281,5462,2357,0.2513521909713745
6282,5462,4362,0.2511632442474365
6283,5462,4495,0.2510163486003876
6284,5462,6345,0.2507644593715668
6285,5462,6153,0.2507137060165405
6286,5462,6078,0.2506077289581299
6287,5462,4902,0.25043606758117676
6288,5462,4433,0.2499462515115738
6289,5462,5836,0.24984773993492126
6290,5462,6363,0.24974891543388367
6291,5462,4756,0.24933139979839325
6292,5462,1638,0.2492489218711853
6293,5462,6124,0.24917994439601898
6294,5462,592,0.24917873740196228
6295,5462,4924,0.24886634945869446
6296,5462,6303,0.24879805743694305
6297,5462,2356,0.24876068532466888
6298,5462,2249,0.24874146282672882
6299,5462,6135,0.24867114424705505
6300,5462,4316,0.24841128289699554
6301,5462,5553,0.24816030263900757
6302,5462,6068,0.2481154054403305
6303,5462,1090,0.24809223413467407
6304,5462,4286,0.24779021739959717
6305,5462,2115,0.2476087510585785
6306,5462,3188,0.2475825995206833
6307,5462,4598,0.247554212808609
6308,5462,6309,0.2473442107439041
6309,5462,2066,0.24717529118061066
6310,5462,5612,0.246934175491333
6311,5462,6146,0.24680382013320923
6312,5462,4379,0.24650327861309052
6313,5462,5080,0.24641099572181702
6314,5462,6394,0.24618622660636902
6315,5462,1143,0.24597032368183136
6316,5462,741,0.24589115381240845
6317,5462,2294,0.24585500359535217
6318,5462,6228,0.24572864174842834
6319,5462,6110,0.24555201828479767
6320,5462,3148,0.24553337693214417
6321,5462,4477,0.2451254278421402
6322,5462,5577,0.24481512606143951
6323,5462,1785,0.24440377950668335
6324,5462,6284,0.2443215250968933
6325,5462,4376,0.24430525302886963
6326,5462,566,0.24420800805091858
6327,5462,3932,0.24354982376098633
6328,5462,6200,0.2434885948896408
6329,5462,3718,0.2434644252061844
6330,5462,3988,0.24310468137264252
6331,5462,5521,0.24304316937923431
6332,5462,4539,0.2425081729888916
6333,5462,4173,0.2425059825181961
6334,5462,6132,0.24249878525733948
6335,5462,272,0.24248439073562622
6336,5462,114,0.24226467311382294
6337,5462,1738,0.2422645539045334
6338,5462,599,0.24220357835292816
6339,5462,793,0.2421291321516037
6340,5462,4541,0.24200588464736938
6341,5462,601,0.2418549805879593
6342,5462,1,0.2417808324098587
6343,5462,1763,0.2416597306728363
6344,5462,559,0.2413627952337265
6345,5462,6330,0.24104303121566772
6346,5462,3121,0.2409648895263672
6347,5462,4287,0.24070590734481812
6348,5462,4910,0.2406214326620102
6349,5462,6191,0.24034355580806732
6350,5462,865,0.23949676752090454
6351,5462,1604,0.23935648798942566
6352,5462,4310,0.2391715794801712
6353,5462,3120,0.23847517371177673
6354,5462,6381,0.2378154993057251
6355,5462,5983,0.2372424304485321
6356,5462,3995,0.23717030882835388
6357,5462,6420,0.2370988130569458
6358,5462,6086,0.2367851436138153
6359,5462,3471,0.23661275207996368
6360,5462,715,0.23660500347614288
6361,5462,6133,0.23650971055030823
6362,5462,5172,0.23645736277103424
6363,5462,217,0.2362471967935562
6364,5462,3151,0.23559297621250153
6365,5462,3509,0.23551109433174133
6366,5462,319,0.23527991771697998
6367,5462,6053,0.2351938635110855
6368,5462,6188,0.23482750356197357
6369,5462,2319,0.23473501205444336
6370,5462,598,0.23460592329502106
6371,5462,6096,0.23432640731334686
6372,5462,4563,0.23400887846946716
6373,5462,4597,0.23381048440933228
6374,5462,6145,0.23333397507667542
6375,5462,2359,0.23316718637943268
6376,5462,1754,0.23272716999053955
6377,5462,620,0.2326856404542923
6378,5462,4367,0.23258595168590546
6379,5462,5100,0.2321290373802185
6380,5462,1942,0.2316994071006775
6381,5462,1762,0.23159733414649963
6382,5462,4904,0.2314542979001999
6383,5462,1748,0.2314114272594452
6384,5462,4324,0.23121976852416992
6385,5462,1757,0.23121365904808044
6386,5462,6060,0.2305530458688736
6387,5462,6352,0.2298869639635086
6388,5462,4683,0.22962144017219543
6389,5462,5101,0.2289552092552185
6390,5462,5974,0.22881856560707092
6391,5462,6083,0.22860115766525269
6392,5462,4068,0.22792492806911469
6393,5462,1756,0.22754140198230743
6394,5462,3593,0.22647662460803986
6395,5462,4152,0.2264592945575714
6396,5462,6269,0.22517678141593933
6397,5462,4748,0.2249067723751068
6398,5462,5484,0.22479087114334106
6399,5462,5091,0.2243843823671341
6400,5462,6117,0.22412171959877014
6401,5462,4846,0.22410114109516144
6402,5462,4404,0.2232201099395752
6403,5462,1784,0.22255517542362213
6404,5462,1734,0.22229748964309692
6405,5462,4522,0.2219294160604477
6406,5462,5105,0.2214597463607788
6407,5462,4757,0.22008006274700165
6408,5462,3549,0.2199135273694992
6409,5462,1729,0.21946397423744202
6410,5462,2431,0.21933752298355103
6411,5462,6259,0.21908821165561676
6412,5462,2346,0.21841295063495636
6413,5462,6103,0.21702231466770172
6414,5462,4365,0.2158314287662506
6415,5462,5495,0.21544131636619568
6416,5462,3834,0.2154015302658081
6417,5462,1752,0.21501551568508148
6418,5462,2280,0.21362349390983582
6419,5462,3835,0.213056743144989
6420,5462,107,0.20997728407382965
6421,5462,5401,0.20993536710739136
6422,5462,1735,0.20991051197052002
6423,5462,6384,0.2095244973897934
6424,5462,3574,0.2044990360736847
6425,5462,1746,0.20382210612297058
