,target_num,prod_num,similarity
0,3764,3764,0.9999998211860657
1,3764,1815,0.6692968010902405
2,3764,6141,0.656301736831665
3,3764,2151,0.651286780834198
4,3764,3551,0.6494156718254089
5,3764,2447,0.6259108781814575
6,3764,759,0.6228507161140442
7,3764,881,0.6199663877487183
8,3764,1938,0.6168838143348694
9,3764,3888,0.6069563031196594
10,3764,6162,0.5995393991470337
11,3764,6161,0.5984755754470825
12,3764,1400,0.5936476588249207
13,3764,2481,0.5926060676574707
14,3764,284,0.5909745097160339
15,3764,4648,0.5859718918800354
16,3764,2445,0.5842302441596985
17,3764,875,0.582003116607666
18,3764,782,0.5819034576416016
19,3764,610,0.5814933776855469
20,3764,1911,0.5795085430145264
21,3764,2914,0.5789509415626526
22,3764,1940,0.5788838267326355
23,3764,3695,0.5784039497375488
24,3764,713,0.5775589346885681
25,3764,4675,0.5733136534690857
26,3764,130,0.5712199807167053
27,3764,1673,0.5706337094306946
28,3764,2142,0.5693334937095642
29,3764,205,0.5684402585029602
30,3764,1989,0.5683460235595703
31,3764,654,0.5681386590003967
32,3764,213,0.5670297145843506
33,3764,845,0.5658710598945618
34,3764,1559,0.565188467502594
35,3764,711,0.5650834441184998
36,3764,3694,0.5645574331283569
37,3764,1050,0.5631983876228333
38,3764,3380,0.5628032088279724
39,3764,273,0.5608394742012024
40,3764,1809,0.5605124831199646
41,3764,1949,0.5599842667579651
42,3764,152,0.559495210647583
43,3764,6052,0.5591213703155518
44,3764,791,0.5586265921592712
45,3764,2464,0.5578815340995789
46,3764,835,0.5556119680404663
47,3764,3845,0.5555468797683716
48,3764,5720,0.5552839040756226
49,3764,1939,0.5552746653556824
50,3764,252,0.5552526116371155
51,3764,806,0.5551534295082092
52,3764,3974,0.554952085018158
53,3764,5541,0.5543827414512634
54,3764,6017,0.553064227104187
55,3764,254,0.5526819229125977
56,3764,745,0.5520557761192322
57,3764,172,0.5511751174926758
58,3764,5822,0.5502732992172241
59,3764,5766,0.5497390031814575
60,3764,6306,0.549635648727417
61,3764,2506,0.5494378805160522
62,3764,1250,0.5485528111457825
63,3764,271,0.5485445261001587
64,3764,642,0.5479045510292053
65,3764,376,0.5468606948852539
66,3764,174,0.5464109778404236
67,3764,1647,0.545379638671875
68,3764,5723,0.5450799465179443
69,3764,996,0.544675886631012
70,3764,1386,0.5442022085189819
71,3764,2125,0.5440170168876648
72,3764,608,0.5439126491546631
73,3764,6248,0.543811559677124
74,3764,633,0.5437531471252441
75,3764,6068,0.5437151789665222
76,3764,186,0.5427411794662476
77,3764,441,0.5425096154212952
78,3764,6089,0.5424047708511353
79,3764,5066,0.5422224402427673
80,3764,4684,0.5421393513679504
81,3764,6321,0.5413246750831604
82,3764,2010,0.5412599444389343
83,3764,2931,0.5410546064376831
84,3764,4926,0.5408838987350464
85,3764,2074,0.5408836007118225
86,3764,2179,0.5407915115356445
87,3764,4170,0.5407331585884094
88,3764,1298,0.5406055450439453
89,3764,1999,0.5404164791107178
90,3764,4827,0.5401899218559265
91,3764,737,0.540004551410675
92,3764,4399,0.5398941040039062
93,3764,2451,0.5397883653640747
94,3764,262,0.5397716164588928
95,3764,5086,0.5395072102546692
96,3764,5094,0.5392240285873413
97,3764,6066,0.539201557636261
98,3764,1936,0.5391678214073181
99,3764,820,0.5388326048851013
100,3764,171,0.5385709404945374
101,3764,2420,0.5382917523384094
102,3764,781,0.5381850004196167
103,3764,2933,0.5381055474281311
104,3764,299,0.5378625392913818
105,3764,1487,0.5375039577484131
106,3764,189,0.537493109703064
107,3764,1307,0.5374273657798767
108,3764,2498,0.5373761057853699
109,3764,1965,0.5371589660644531
110,3764,4287,0.5370791554450989
111,3764,1994,0.536949634552002
112,3764,2902,0.5366031527519226
113,3764,6047,0.5356889367103577
114,3764,3032,0.5352874994277954
115,3764,1094,0.5352016091346741
116,3764,497,0.5349656343460083
117,3764,317,0.5347240567207336
118,3764,2060,0.5345334410667419
119,3764,4269,0.5342368483543396
120,3764,2859,0.5337474346160889
121,3764,694,0.533197283744812
122,3764,2091,0.5327126383781433
123,3764,6151,0.5325959324836731
124,3764,246,0.5325661301612854
125,3764,365,0.5324345827102661
126,3764,2458,0.5323488712310791
127,3764,862,0.5321245789527893
128,3764,2,0.5316993594169617
129,3764,2940,0.5310899019241333
130,3764,786,0.5310496687889099
131,3764,6006,0.5307139158248901
132,3764,1620,0.5304084420204163
133,3764,4257,0.5294400453567505
134,3764,352,0.5293152928352356
135,3764,3675,0.5291242003440857
136,3764,5990,0.5290973782539368
137,3764,5573,0.5287036299705505
138,3764,2399,0.5286992788314819
139,3764,6064,0.5286315679550171
140,3764,2069,0.5283746719360352
141,3764,4708,0.5281533002853394
142,3764,5875,0.5281166434288025
143,3764,144,0.5278413891792297
144,3764,4840,0.5275053977966309
145,3764,710,0.5270020365715027
146,3764,2072,0.5269790291786194
147,3764,2271,0.5269790291786194
148,3764,192,0.5266638398170471
149,3764,2163,0.5265498161315918
150,3764,424,0.5265209078788757
151,3764,836,0.5262709856033325
152,3764,2540,0.5257452130317688
153,3764,2068,0.5255952477455139
154,3764,1926,0.5255447626113892
155,3764,4420,0.5249738693237305
156,3764,2159,0.524848997592926
157,3764,354,0.5247851610183716
158,3764,1303,0.5247687697410583
159,3764,2534,0.5245006680488586
160,3764,5606,0.5243269801139832
161,3764,169,0.5237843990325928
162,3764,1102,0.5236462354660034
163,3764,749,0.5236246585845947
164,3764,2078,0.523613452911377
165,3764,6413,0.5235691666603088
166,3764,2013,0.5232322812080383
167,3764,3897,0.5231300592422485
168,3764,3579,0.5231221914291382
169,3764,674,0.5229852199554443
170,3764,3511,0.5228581428527832
171,3764,421,0.5224632024765015
172,3764,1639,0.5220191478729248
173,3764,6377,0.5215721726417542
174,3764,777,0.5215602517127991
175,3764,4657,0.5214720368385315
176,3764,2239,0.5213696360588074
177,3764,5810,0.5207181572914124
178,3764,2496,0.5205138325691223
179,3764,137,0.520286500453949
180,3764,3962,0.5202257037162781
181,3764,725,0.5201385617256165
182,3764,1975,0.5199044942855835
183,3764,346,0.5198843479156494
184,3764,2865,0.5196775794029236
185,3764,812,0.5195846557617188
186,3764,4847,0.5192935466766357
187,3764,6301,0.5189192891120911
188,3764,4598,0.5185573697090149
189,3764,6087,0.5185274481773376
190,3764,2257,0.5183095932006836
191,3764,889,0.5180927515029907
192,3764,5613,0.5179611444473267
193,3764,6289,0.5178565979003906
194,3764,5572,0.5176784992218018
195,3764,3468,0.5175877809524536
196,3764,681,0.5174554586410522
197,3764,739,0.5172507166862488
198,3764,671,0.5171384215354919
199,3764,2041,0.5171157121658325
200,3764,5561,0.5170588493347168
201,3764,4349,0.5169235467910767
202,3764,6257,0.5168805718421936
203,3764,695,0.5167895555496216
204,3764,5599,0.5164629817008972
205,3764,696,0.516264796257019
206,3764,2397,0.5161985754966736
207,3764,2118,0.516136884689331
208,3764,5863,0.5159198045730591
209,3764,115,0.5158272981643677
210,3764,790,0.5155383944511414
211,3764,5494,0.515431821346283
212,3764,2062,0.5153104662895203
213,3764,4609,0.5151268839836121
214,3764,454,0.5150070786476135
215,3764,4833,0.5149329900741577
216,3764,4992,0.5148524641990662
217,3764,2061,0.5145093202590942
218,3764,5576,0.5144611597061157
219,3764,5721,0.5140790939331055
220,3764,4168,0.5140299201011658
221,3764,619,0.5139570832252502
222,3764,106,0.5138021111488342
223,3764,2850,0.5137438178062439
224,3764,3745,0.5136660933494568
225,3764,1536,0.5134025812149048
226,3764,4262,0.5133715271949768
227,3764,207,0.5133553147315979
228,3764,6319,0.5132827758789062
229,3764,3533,0.5129944086074829
230,3764,4842,0.5129414796829224
231,3764,202,0.5127580761909485
232,3764,3091,0.5124173164367676
233,3764,2023,0.5120800733566284
234,3764,6335,0.5120046734809875
235,3764,2248,0.5119052529335022
236,3764,3536,0.5118889212608337
237,3764,6273,0.5115464925765991
238,3764,4143,0.5115378499031067
239,3764,1443,0.5112724900245667
240,3764,6330,0.5108377933502197
241,3764,5533,0.5108181834220886
242,3764,1998,0.5107667446136475
243,3764,2181,0.5107383728027344
244,3764,4471,0.5106274485588074
245,3764,2312,0.5105987191200256
246,3764,2410,0.5105987191200256
247,3764,2185,0.5103148818016052
248,3764,2132,0.5103005170822144
249,3764,6245,0.5102964043617249
250,3764,704,0.5102914571762085
251,3764,4498,0.5102903842926025
252,3764,1626,0.5102370381355286
253,3764,3663,0.5099493861198425
254,3764,2499,0.5098140239715576
255,3764,6386,0.5097218751907349
256,3764,5416,0.5097193717956543
257,3764,815,0.5092732906341553
258,3764,89,0.5092377662658691
259,3764,4874,0.5090805292129517
260,3764,6138,0.5090553164482117
261,3764,6341,0.5090106129646301
262,3764,469,0.5089932084083557
263,3764,2027,0.5086867809295654
264,3764,1960,0.5086393356323242
265,3764,363,0.5086196064949036
266,3764,3625,0.5084735751152039
267,3764,6100,0.5083624720573425
268,3764,6333,0.5081836581230164
269,3764,755,0.5081436634063721
270,3764,2845,0.5077236890792847
271,3764,1008,0.5077109932899475
272,3764,606,0.5072729587554932
273,3764,3472,0.5070090889930725
274,3764,4404,0.506894588470459
275,3764,5619,0.5067071318626404
276,3764,5237,0.5066432952880859
277,3764,2087,0.5065948963165283
278,3764,647,0.5064867734909058
279,3764,4061,0.5062044858932495
280,3764,4883,0.5060389637947083
281,3764,832,0.5057940483093262
282,3764,2095,0.5057570934295654
283,3764,2213,0.5057570934295654
284,3764,97,0.5057224631309509
285,3764,414,0.5056285858154297
286,3764,1931,0.505510151386261
287,3764,3464,0.5054794549942017
288,3764,860,0.5053780674934387
289,3764,230,0.5052615404129028
290,3764,6416,0.505155622959137
291,3764,6244,0.5050588250160217
292,3764,184,0.5047910213470459
293,3764,648,0.5047836899757385
294,3764,1988,0.504754364490509
295,3764,545,0.5044658780097961
296,3764,1984,0.5042344927787781
297,3764,4897,0.5041757822036743
298,3764,6000,0.5040835738182068
299,3764,2148,0.5040677189826965
300,3764,1308,0.5039299726486206
301,3764,5874,0.5038914680480957
302,3764,6146,0.5034180879592896
303,3764,5730,0.5034087896347046
304,3764,1615,0.5032349228858948
305,3764,4337,0.5032094120979309
306,3764,5946,0.5030838251113892
307,3764,483,0.5030456185340881
308,3764,651,0.5028854012489319
309,3764,3805,0.502801775932312
310,3764,4756,0.50270015001297
311,3764,4162,0.5026896595954895
312,3764,2038,0.5025321841239929
313,3764,387,0.5025034546852112
314,3764,702,0.502272367477417
315,3764,1929,0.5021719336509705
316,3764,1920,0.5019859075546265
317,3764,1955,0.5019398927688599
318,3764,2026,0.5018349885940552
319,3764,3485,0.5018004179000854
320,3764,1623,0.5014269351959229
321,3764,4506,0.5014073252677917
322,3764,605,0.5013836026191711
323,3764,4310,0.5012765526771545
324,3764,5847,0.501275360584259
325,3764,5260,0.5012612342834473
326,3764,4863,0.5012385249137878
327,3764,4846,0.5012211799621582
328,3764,6063,0.5011621713638306
329,3764,1047,0.5010772347450256
330,3764,4059,0.5010448098182678
331,3764,1991,0.500983715057373
332,3764,4787,0.5007830262184143
333,3764,1843,0.5006547570228577
334,3764,243,0.5006385445594788
335,3764,3503,0.5005179047584534
336,3764,680,0.5004969835281372
337,3764,6388,0.5003357529640198
338,3764,4473,0.5003202557563782
339,3764,6402,0.5002436637878418
340,3764,4822,0.5002155900001526
341,3764,4325,0.5001325011253357
342,3764,4678,0.49947988986968994
343,3764,698,0.49915939569473267
344,3764,6128,0.4991014301776886
345,3764,6250,0.49895381927490234
346,3764,382,0.4989401698112488
347,3764,2126,0.49885523319244385
348,3764,2065,0.49861612915992737
349,3764,4409,0.4985741376876831
350,3764,2232,0.49847254157066345
351,3764,4858,0.49845167994499207
352,3764,4459,0.49838584661483765
353,3764,6074,0.49830302596092224
354,3764,864,0.4982914626598358
355,3764,3272,0.49824589490890503
356,3764,3737,0.49818694591522217
357,3764,6345,0.497890830039978
358,3764,2866,0.4978753626346588
359,3764,2194,0.4978730380535126
360,3764,894,0.49773284792900085
361,3764,4381,0.4977239966392517
362,3764,269,0.49748578667640686
363,3764,166,0.4974547028541565
364,3764,3031,0.4971621036529541
365,3764,6425,0.49710822105407715
366,3764,210,0.49687671661376953
367,3764,2172,0.49681001901626587
368,3764,3787,0.49672484397888184
369,3764,305,0.49666231870651245
370,3764,4898,0.4965747594833374
371,3764,5558,0.4965664744377136
372,3764,84,0.49640199542045593
373,3764,4378,0.49625685811042786
374,3764,5553,0.4962041974067688
375,3764,2040,0.49620240926742554
376,3764,4443,0.49615323543548584
377,3764,2513,0.49612265825271606
378,3764,1893,0.4959815442562103
379,3764,4163,0.49568355083465576
380,3764,107,0.49559327960014343
381,3764,1684,0.49554017186164856
382,3764,1665,0.4954288601875305
383,3764,5714,0.4954242408275604
384,3764,5499,0.49530479311943054
385,3764,395,0.4948611259460449
386,3764,2034,0.4946819841861725
387,3764,1527,0.4946192800998688
388,3764,4149,0.494488000869751
389,3764,719,0.49428442120552063
390,3764,2339,0.49401798844337463
391,3764,2173,0.49378702044487
392,3764,3827,0.49373888969421387
393,3764,780,0.493670791387558
394,3764,4790,0.49340683221817017
395,3764,4270,0.49303027987480164
396,3764,4736,0.4930092394351959
397,3764,4718,0.4929802119731903
398,3764,4152,0.4926796555519104
399,3764,6156,0.4925069510936737
400,3764,5798,0.4923555552959442
401,3764,1081,0.4922063946723938
402,3764,1338,0.49194568395614624
403,3764,116,0.4919019937515259
404,3764,5646,0.4916819632053375
405,3764,2918,0.49146637320518494
406,3764,2388,0.4914396405220032
407,3764,853,0.49137356877326965
408,3764,5781,0.49123623967170715
409,3764,691,0.49120190739631653
410,3764,1594,0.4911685287952423
411,3764,2217,0.49116379022598267
412,3764,1910,0.49102815985679626
413,3764,1602,0.49092015624046326
414,3764,5747,0.4909158945083618
415,3764,6135,0.4908160865306854
416,3764,1537,0.49070221185684204
417,3764,4165,0.4905870854854584
418,3764,2574,0.49050605297088623
419,3764,632,0.49038946628570557
420,3764,4097,0.49031898379325867
421,3764,6036,0.4902963638305664
422,3764,773,0.4901331067085266
423,3764,2178,0.4900483191013336
424,3764,6049,0.49002358317375183
425,3764,4333,0.4899581968784332
426,3764,5347,0.48990222811698914
427,3764,4341,0.4899018406867981
428,3764,4055,0.4897306263446808
429,3764,6078,0.48969918489456177
430,3764,6394,0.4896751344203949
431,3764,910,0.4896296560764313
432,3764,5950,0.4896100163459778
433,3764,311,0.4895884394645691
434,3764,3453,0.48949557542800903
435,3764,1242,0.48949453234672546
436,3764,439,0.4894809424877167
437,3764,6350,0.4894176125526428
438,3764,856,0.4893300533294678
439,3764,351,0.4889718294143677
440,3764,5835,0.4888583719730377
441,3764,1329,0.4887878894805908
442,3764,2122,0.4887363016605377
443,3764,5118,0.4887184798717499
444,3764,4531,0.4886958599090576
445,3764,1613,0.48842281103134155
446,3764,1240,0.48821958899497986
447,3764,4146,0.4882117807865143
448,3764,2136,0.4881889224052429
449,3764,1879,0.4881889224052429
450,3764,4501,0.4881882071495056
451,3764,5054,0.48808518052101135
452,3764,2123,0.4880675673484802
453,3764,2379,0.48803502321243286
454,3764,811,0.48799169063568115
455,3764,2373,0.4879249930381775
456,3764,645,0.48783427476882935
457,3764,3279,0.4878191351890564
458,3764,1280,0.4877738952636719
459,3764,456,0.4877285063266754
460,3764,195,0.4877050220966339
461,3764,1076,0.4876135587692261
462,3764,2482,0.4875560998916626
463,3764,4158,0.4875500500202179
464,3764,438,0.4875201880931854
465,3764,5127,0.48751550912857056
466,3764,303,0.48738375306129456
467,3764,6013,0.4873736500740051
468,3764,1544,0.48713910579681396
469,3764,3222,0.4871058762073517
470,3764,2822,0.48692309856414795
471,3764,4859,0.48683714866638184
472,3764,329,0.48679834604263306
473,3764,2983,0.48678937554359436
474,3764,1311,0.48669373989105225
475,3764,4905,0.48665884137153625
476,3764,2404,0.4865838885307312
477,3764,6114,0.48653388023376465
478,3764,2603,0.48650482296943665
479,3764,28,0.48650336265563965
480,3764,736,0.48647743463516235
481,3764,4204,0.4863816499710083
482,3764,374,0.4863530993461609
483,3764,221,0.4862910509109497
484,3764,4802,0.4862733781337738
485,3764,6296,0.4862176775932312
486,3764,4076,0.486060231924057
487,3764,5546,0.48596441745758057
488,3764,4555,0.48592886328697205
489,3764,6420,0.4858268201351166
490,3764,114,0.48573005199432373
491,3764,229,0.4857238829135895
492,3764,4950,0.4856173098087311
493,3764,4252,0.48522117733955383
494,3764,2450,0.4851434826850891
495,3764,2198,0.4850931167602539
496,3764,296,0.48502933979034424
497,3764,2517,0.4849945902824402
498,3764,3070,0.484975665807724
499,3764,522,0.4849003255367279
500,3764,5776,0.48487672209739685
501,3764,1824,0.4847715497016907
502,3764,3558,0.48463353514671326
503,3764,571,0.4845043420791626
504,3764,3295,0.48448246717453003
505,3764,428,0.4844248592853546
506,3764,611,0.48442474007606506
507,3764,539,0.4843599200248718
508,3764,3241,0.4841473400592804
509,3764,4600,0.4841124415397644
510,3764,4256,0.4840203523635864
511,3764,718,0.4840148687362671
512,3764,1616,0.48395562171936035
513,3764,6072,0.4839010238647461
514,3764,258,0.48379379510879517
515,3764,3597,0.48360273241996765
516,3764,3510,0.48358359932899475
517,3764,4890,0.4835748076438904
518,3764,1216,0.48345765471458435
519,3764,287,0.48326870799064636
520,3764,1763,0.4830954074859619
521,3764,2252,0.4830900728702545
522,3764,3309,0.4830199182033539
523,3764,3093,0.4830116927623749
524,3764,3593,0.48295706510543823
525,3764,3354,0.4828108251094818
526,3764,357,0.48276039958000183
527,3764,6310,0.48272383213043213
528,3764,1606,0.4827217161655426
529,3764,426,0.48267778754234314
530,3764,5126,0.4825800955295563
531,3764,1962,0.48256614804267883
532,3764,2476,0.48241183161735535
533,3764,3458,0.4823950231075287
534,3764,4643,0.4823577105998993
535,3764,4031,0.48224127292633057
536,3764,5004,0.4820536673069
537,3764,2356,0.4818674623966217
538,3764,2708,0.4817703664302826
539,3764,264,0.4816848933696747
540,3764,653,0.4816742539405823
541,3764,400,0.48166942596435547
542,3764,666,0.48163050413131714
543,3764,1065,0.48141393065452576
544,3764,6375,0.48115450143814087
545,3764,3482,0.4810655117034912
546,3764,1799,0.48096007108688354
547,3764,2709,0.48087170720100403
548,3764,2457,0.4808677136898041
549,3764,6261,0.4808642864227295
550,3764,574,0.4807719886302948
551,3764,602,0.4807315170764923
552,3764,4186,0.48072105646133423
553,3764,2780,0.4806365668773651
554,3764,1141,0.480614572763443
555,3764,5770,0.48047417402267456
556,3764,1347,0.48021817207336426
557,3764,231,0.4802153706550598
558,3764,6421,0.4801656901836395
559,3764,3983,0.48011136054992676
560,3764,1104,0.48001736402511597
561,3764,4049,0.4798409044742584
562,3764,4914,0.4798215329647064
563,3764,3640,0.4797970950603485
564,3764,826,0.47959187626838684
565,3764,5752,0.47956323623657227
566,3764,345,0.4794085621833801
567,3764,14,0.4794085621833801
568,3764,3113,0.479310542345047
569,3764,807,0.47903600335121155
570,3764,1503,0.47887712717056274
571,3764,6337,0.47886601090431213
572,3764,3572,0.47884654998779297
573,3764,6168,0.4788096845149994
574,3764,3138,0.47874343395233154
575,3764,4873,0.478669136762619
576,3764,160,0.4786206781864166
577,3764,4169,0.478619247674942
578,3764,2437,0.47861674427986145
579,3764,4305,0.47856688499450684
580,3764,3559,0.4785395562648773
581,3764,1806,0.4784894585609436
582,3764,2045,0.4784507155418396
583,3764,5543,0.4783962070941925
584,3764,492,0.47818610072135925
585,3764,5344,0.47814828157424927
586,3764,2463,0.4781426191329956
587,3764,2814,0.47810232639312744
588,3764,2429,0.478040874004364
589,3764,2079,0.47801119089126587
590,3764,6227,0.47774067521095276
591,3764,2236,0.47762569785118103
592,3764,4067,0.47759902477264404
593,3764,4855,0.4775950312614441
594,3764,2384,0.4775792062282562
595,3764,6339,0.4775772988796234
596,3764,930,0.47754737734794617
597,3764,1941,0.47729313373565674
598,3764,5722,0.4772610366344452
599,3764,118,0.47721633315086365
600,3764,6264,0.4771290719509125
601,3764,4853,0.4769926071166992
602,3764,27,0.4769771993160248
603,3764,2200,0.47655341029167175
604,3764,2863,0.47652068734169006
605,3764,1498,0.47644248604774475
606,3764,1797,0.476418137550354
607,3764,6299,0.47640013694763184
608,3764,1803,0.47639527916908264
609,3764,4582,0.4763924777507782
610,3764,3992,0.47638800740242004
611,3764,3793,0.47638314962387085
612,3764,6412,0.47637274861335754
613,3764,6348,0.476345032453537
614,3764,4415,0.4762108027935028
615,3764,3414,0.47619664669036865
616,3764,193,0.4761679470539093
617,3764,2184,0.4760339558124542
618,3764,685,0.4759630560874939
619,3764,1455,0.47595277428627014
620,3764,2058,0.4758542776107788
621,3764,1790,0.4758225679397583
622,3764,4486,0.47580912709236145
623,3764,44,0.47577396035194397
624,3764,4094,0.47573322057724
625,3764,1978,0.4756866693496704
626,3764,5732,0.47547051310539246
627,3764,5492,0.4754427671432495
628,3764,1980,0.4753939211368561
629,3764,249,0.47538724541664124
630,3764,68,0.47525686025619507
631,3764,1646,0.4752357304096222
632,3764,6364,0.47522100806236267
633,3764,4044,0.47519615292549133
634,3764,6287,0.4751701056957245
635,3764,771,0.4751034379005432
636,3764,3223,0.47508013248443604
637,3764,4875,0.47506892681121826
638,3764,5901,0.4750508964061737
639,3764,1970,0.47502508759498596
640,3764,304,0.4750050902366638
641,3764,2515,0.4748215973377228
642,3764,6326,0.47481289505958557
643,3764,6313,0.47480642795562744
644,3764,3421,0.47473883628845215
645,3764,4792,0.47458580136299133
646,3764,4916,0.4745447039604187
647,3764,4604,0.4744700491428375
648,3764,1244,0.4742910861968994
649,3764,2012,0.47426778078079224
650,3764,6118,0.4742664396762848
651,3764,2082,0.47425714135169983
652,3764,2228,0.47425714135169983
653,3764,3879,0.47406697273254395
654,3764,4300,0.47397804260253906
655,3764,2942,0.47392216324806213
656,3764,4145,0.47388508915901184
657,3764,960,0.47385886311531067
658,3764,1209,0.47377336025238037
659,3764,420,0.4737231135368347
660,3764,1845,0.4737110733985901
661,3764,4141,0.47361302375793457
662,3764,5602,0.47361260652542114
663,3764,6270,0.4733906388282776
664,3764,5293,0.4733836054801941
665,3764,6196,0.47337186336517334
666,3764,2830,0.47335463762283325
667,3764,2867,0.47332292795181274
668,3764,1897,0.47331511974334717
669,3764,2050,0.47331511974334717
670,3764,4869,0.47306352853775024
671,3764,6033,0.4730435311794281
672,3764,5662,0.4730227291584015
673,3764,5030,0.4729281961917877
674,3764,5514,0.47290733456611633
675,3764,6362,0.47274643182754517
676,3764,1551,0.47264739871025085
677,3764,3066,0.47262322902679443
678,3764,154,0.4726223051548004
679,3764,769,0.4726020097732544
680,3764,3994,0.4725430905818939
681,3764,2207,0.47253143787384033
682,3764,2505,0.47253143787384033
683,3764,5273,0.4725247919559479
684,3764,200,0.47245076298713684
685,3764,360,0.4724016785621643
686,3764,4326,0.47237473726272583
687,3764,2948,0.47237342596054077
688,3764,4068,0.47224029898643494
689,3764,5199,0.47217971086502075
690,3764,770,0.4721790552139282
691,3764,1393,0.4719664454460144
692,3764,155,0.47191643714904785
693,3764,1117,0.4717255234718323
694,3764,656,0.4715966582298279
695,3764,871,0.47151243686676025
696,3764,6158,0.47146064043045044
697,3764,3289,0.47142279148101807
698,3764,6279,0.4714033305644989
699,3764,4633,0.471332848072052
700,3764,3376,0.4712603688240051
701,3764,2077,0.4712103605270386
702,3764,6283,0.47112545371055603
703,3764,1621,0.47104188799858093
704,3764,1934,0.4710407853126526
705,3764,2314,0.47102779150009155
706,3764,2003,0.47101831436157227
707,3764,375,0.4710063934326172
708,3764,4432,0.47100475430488586
709,3764,6228,0.47099733352661133
710,3764,4340,0.47084519267082214
711,3764,2285,0.47084110975265503
712,3764,4286,0.470807820558548
713,3764,2704,0.47072649002075195
714,3764,2523,0.4706704020500183
715,3764,4096,0.4706457257270813
716,3764,4507,0.47062915563583374
717,3764,6368,0.4705043137073517
718,3764,5300,0.4704465866088867
719,3764,4370,0.4703984558582306
720,3764,504,0.47031161189079285
721,3764,4549,0.4702465832233429
722,3764,2402,0.4702281951904297
723,3764,4137,0.47006887197494507
724,3764,1839,0.47006136178970337
725,3764,1360,0.47005897760391235
726,3764,900,0.47001856565475464
727,3764,3647,0.47000375390052795
728,3764,2507,0.46999406814575195
729,3764,4835,0.4699239134788513
730,3764,2203,0.4698599874973297
731,3764,6414,0.46985504031181335
732,3764,796,0.469791978597641
733,3764,706,0.4696771800518036
734,3764,699,0.4696640074253082
735,3764,2354,0.4695734977722168
736,3764,2143,0.4695224463939667
737,3764,2282,0.4695109724998474
738,3764,4087,0.469433456659317
739,3764,4814,0.4693949222564697
740,3764,1963,0.46938785910606384
741,3764,4176,0.4693783223628998
742,3764,1855,0.4693683087825775
743,3764,5941,0.4693615138530731
744,3764,4596,0.4693329930305481
745,3764,1645,0.46921950578689575
746,3764,3149,0.46914470195770264
747,3764,494,0.46907225251197815
748,3764,1481,0.4690430760383606
749,3764,1862,0.469042032957077
750,3764,3541,0.469038188457489
751,3764,151,0.469010591506958
752,3764,325,0.46897608041763306
753,3764,2707,0.46890121698379517
754,3764,26,0.4688325524330139
755,3764,6253,0.46881189942359924
756,3764,3455,0.46873074769973755
757,3764,2504,0.46867692470550537
758,3764,6325,0.46862995624542236
759,3764,1355,0.46853193640708923
760,3764,3564,0.46849119663238525
761,3764,5836,0.46839699149131775
762,3764,2913,0.4683386981487274
763,3764,4377,0.46832624077796936
764,3764,6385,0.468315988779068
765,3764,5578,0.4683033227920532
766,3764,1800,0.46819403767585754
767,3764,6045,0.4681321978569031
768,3764,411,0.46809253096580505
769,3764,3507,0.4679650068283081
770,3764,3873,0.46783605217933655
771,3764,3235,0.46774402260780334
772,3764,1140,0.4677330553531647
773,3764,4565,0.467727392911911
774,3764,2046,0.46761855483055115
775,3764,493,0.4675918519496918
776,3764,263,0.4675387442111969
777,3764,949,0.46750184893608093
778,3764,6407,0.4674874246120453
779,3764,6320,0.4674108624458313
780,3764,6373,0.46737879514694214
781,3764,528,0.4673618674278259
782,3764,6309,0.46732842922210693
783,3764,1532,0.4672621190547943
784,3764,6102,0.4671477973461151
785,3764,3583,0.467068612575531
786,3764,5996,0.46699047088623047
787,3764,2174,0.4668377637863159
788,3764,6125,0.46681463718414307
789,3764,1974,0.46671509742736816
790,3764,4142,0.46669772267341614
791,3764,5120,0.4666975140571594
792,3764,3562,0.466667503118515
793,3764,1867,0.4666191339492798
794,3764,2923,0.4666019380092621
795,3764,1564,0.4665140211582184
796,3764,4593,0.46650430560112
797,3764,844,0.466472327709198
798,3764,1912,0.4663828909397125
799,3764,1765,0.4663797914981842
800,3764,3402,0.4663707911968231
801,3764,6183,0.4663670063018799
802,3764,3520,0.46634945273399353
803,3764,2711,0.4662799537181854
804,3764,4251,0.4661208689212799
805,3764,4453,0.46605929732322693
806,3764,659,0.4660324156284332
807,3764,384,0.46594080328941345
808,3764,762,0.4657222628593445
809,3764,1442,0.4655527174472809
810,3764,5756,0.465524286031723
811,3764,2864,0.46549853682518005
812,3764,4273,0.46547287702560425
813,3764,2111,0.4654395282268524
814,3764,4996,0.46536001563072205
815,3764,293,0.4653528928756714
816,3764,2820,0.4652555584907532
817,3764,523,0.46503061056137085
818,3764,4844,0.4650093615055084
819,3764,6117,0.4649921953678131
820,3764,5521,0.4649200141429901
821,3764,3449,0.4649028480052948
822,3764,5549,0.46488943696022034
823,3764,2104,0.46482497453689575
824,3764,245,0.46470344066619873
825,3764,161,0.46465250849723816
826,3764,4351,0.4646167755126953
827,3764,1896,0.46456199884414673
828,3764,1901,0.4644956886768341
829,3764,3878,0.464396208524704
830,3764,884,0.4642530679702759
831,3764,5724,0.46420952677726746
832,3764,1874,0.46416208148002625
833,3764,4062,0.4641578495502472
834,3764,1143,0.463985413312912
835,3764,4382,0.463970422744751
836,3764,6057,0.46389341354370117
837,3764,228,0.46378135681152344
838,3764,4226,0.46361929178237915
839,3764,1348,0.4636070430278778
840,3764,715,0.4635713994503021
841,3764,2520,0.46352189779281616
842,3764,2648,0.4634878933429718
843,3764,3636,0.46346935629844666
844,3764,6096,0.46335843205451965
845,3764,1474,0.46335238218307495
846,3764,1007,0.46327462792396545
847,3764,552,0.46321728825569153
848,3764,2119,0.46283531188964844
849,3764,4354,0.4628017544746399
850,3764,620,0.46279338002204895
851,3764,1488,0.46276822686195374
852,3764,4494,0.462768018245697
853,3764,47,0.46275702118873596
854,3764,267,0.46261730790138245
855,3764,1207,0.46248823404312134
856,3764,256,0.4624614417552948
857,3764,489,0.46237272024154663
858,3764,5522,0.4622301459312439
859,3764,6277,0.4621109068393707
860,3764,3443,0.46199992299079895
861,3764,5409,0.4619496762752533
862,3764,3496,0.46183696389198303
863,3764,1279,0.4617973268032074
864,3764,108,0.4617408812046051
865,3764,4009,0.46170276403427124
866,3764,1367,0.4616961181163788
867,3764,825,0.4616639316082001
868,3764,916,0.46164047718048096
869,3764,5593,0.4616015553474426
870,3764,1825,0.4615856111049652
871,3764,2206,0.4614681601524353
872,3764,549,0.46137821674346924
873,3764,677,0.46126383543014526
874,3764,2471,0.4612189531326294
875,3764,4672,0.4611971378326416
876,3764,3146,0.461128294467926
877,3764,2502,0.46110832691192627
878,3764,1344,0.4610840082168579
879,3764,2443,0.4610806405544281
880,3764,4069,0.4609866142272949
881,3764,4080,0.4609314799308777
882,3764,1319,0.4609310030937195
883,3764,5295,0.46090999245643616
884,3764,2676,0.46075159311294556
885,3764,1529,0.4606349468231201
886,3764,3457,0.4604339599609375
887,3764,1106,0.4604266285896301
888,3764,559,0.46031704545021057
889,3764,4504,0.46029168367385864
890,3764,4500,0.4602648913860321
891,3764,4070,0.46020781993865967
892,3764,2618,0.4602009057998657
893,3764,599,0.4601473808288574
894,3764,4653,0.46003809571266174
895,3764,2608,0.460035115480423
896,3764,3368,0.46003398299217224
897,3764,6032,0.45992928743362427
898,3764,2214,0.45978131890296936
899,3764,5519,0.4597705602645874
900,3764,1224,0.4597325325012207
901,3764,5509,0.4596664011478424
902,3764,816,0.4596116244792938
903,3764,958,0.45960527658462524
904,3764,3095,0.45953020453453064
905,3764,4638,0.45950332283973694
906,3764,1573,0.4593791365623474
907,3764,866,0.45931413769721985
908,3764,1480,0.459115207195282
909,3764,3080,0.45903027057647705
910,3764,1376,0.45902106165885925
911,3764,3092,0.45901164412498474
912,3764,3651,0.45899370312690735
913,3764,5585,0.45893675088882446
914,3764,98,0.4588932991027832
915,3764,5812,0.4588814079761505
916,3764,2838,0.45887044072151184
917,3764,1785,0.4586966335773468
918,3764,3857,0.45867499709129333
919,3764,1622,0.4586661458015442
920,3764,1847,0.4586644768714905
921,3764,4285,0.45862793922424316
922,3764,6099,0.4586092531681061
923,3764,442,0.4585816562175751
924,3764,4862,0.4585796296596527
925,3764,4264,0.4584708511829376
926,3764,945,0.45840370655059814
927,3764,4313,0.4583078920841217
928,3764,1948,0.45828670263290405
929,3764,4213,0.4582776427268982
930,3764,3155,0.4582754373550415
931,3764,4144,0.45821449160575867
932,3764,4367,0.458194762468338
933,3764,3027,0.4581308960914612
934,3764,109,0.4581264555454254
935,3764,1501,0.45811736583709717
936,3764,2468,0.4580720365047455
937,3764,498,0.45806947350502014
938,3764,1909,0.45805367827415466
939,3764,4116,0.45804333686828613
940,3764,4427,0.4579845666885376
941,3764,724,0.4577631950378418
942,3764,1193,0.45774659514427185
943,3764,1231,0.45774659514427185
944,3764,4800,0.4577000141143799
945,3764,6058,0.4576807916164398
946,3764,4655,0.45764654874801636
947,3764,4154,0.45763227343559265
948,3764,3883,0.4576123356819153
949,3764,601,0.4575698673725128
950,3764,532,0.4575542211532593
951,3764,3592,0.4573928415775299
952,3764,159,0.45736491680145264
953,3764,5284,0.4573371112346649
954,3764,139,0.4573242962360382
955,3764,4148,0.45732009410858154
956,3764,1854,0.4571778178215027
957,3764,1875,0.45715734362602234
958,3764,3525,0.4571547508239746
959,3764,4437,0.4570884704589844
960,3764,6206,0.4570232927799225
961,3764,1918,0.4570213854312897
962,3764,4669,0.4569739103317261
963,3764,5581,0.4568106532096863
964,3764,6356,0.4567102789878845
965,3764,274,0.45665937662124634
966,3764,3567,0.4566121995449066
967,3764,774,0.4565735161304474
968,3764,3115,0.45655450224876404
969,3764,5055,0.4564589560031891
970,3764,1343,0.4563925266265869
971,3764,6226,0.45634517073631287
972,3764,2007,0.456275999546051
973,3764,6059,0.4562695324420929
974,3764,6290,0.4562505781650543
975,3764,4482,0.4562317132949829
976,3764,5853,0.4561537504196167
977,3764,6023,0.4560823142528534
978,3764,3574,0.45607417821884155
979,3764,6292,0.4560137689113617
980,3764,1971,0.4559825658798218
981,3764,331,0.45595282316207886
982,3764,4584,0.4558579623699188
983,3764,5763,0.4558474123477936
984,3764,2292,0.4558362066745758
985,3764,1486,0.45576995611190796
986,3764,2916,0.45573389530181885
987,3764,4946,0.45573222637176514
988,3764,1391,0.4556031823158264
989,3764,6401,0.45557981729507446
990,3764,6255,0.4555765390396118
991,3764,4817,0.4555712640285492
992,3764,4688,0.45541560649871826
993,3764,4671,0.45536813139915466
994,3764,4497,0.4553121328353882
995,3764,4893,0.4551476836204529
996,3764,3136,0.45512935519218445
997,3764,2164,0.4551256597042084
998,3764,742,0.45505744218826294
999,3764,5912,0.45495709776878357
1000,3764,4191,0.45482519268989563
1001,3764,2035,0.45481786131858826
1002,3764,2799,0.45480743050575256
1003,3764,338,0.4547078609466553
1004,3764,4695,0.45459941029548645
1005,3764,1828,0.45456400513648987
1006,3764,3425,0.4545232951641083
1007,3764,1397,0.4544218182563782
1008,3764,2922,0.454403817653656
1009,3764,2189,0.4543949365615845
1010,3764,2021,0.4543949365615845
1011,3764,19,0.45428478717803955
1012,3764,2340,0.45424771308898926
1013,3764,511,0.4541510343551636
1014,3764,4362,0.4541267156600952
1015,3764,795,0.45410674810409546
1016,3764,226,0.45403364300727844
1017,3764,3164,0.453975111246109
1018,3764,1217,0.45397406816482544
1019,3764,3012,0.45386552810668945
1020,3764,4932,0.4538537263870239
1021,3764,6093,0.4538317024707794
1022,3764,2254,0.4537041187286377
1023,3764,3217,0.4536253809928894
1024,3764,4027,0.4535691440105438
1025,3764,5556,0.4535391628742218
1026,3764,592,0.4535360634326935
1027,3764,4400,0.4535224437713623
1028,3764,1214,0.453487366437912
1029,3764,4390,0.45348086953163147
1030,3764,4918,0.4534459114074707
1031,3764,2075,0.45336174964904785
1032,3764,2643,0.4533497095108032
1033,3764,5802,0.45332959294319153
1034,3764,5332,0.453305184841156
1035,3764,733,0.45329323410987854
1036,3764,5545,0.4532868564128876
1037,3764,793,0.4532334804534912
1038,3764,5366,0.45322179794311523
1039,3764,4383,0.4531870186328888
1040,3764,388,0.45307597517967224
1041,3764,3059,0.45304811000823975
1042,3764,2895,0.4530043601989746
1043,3764,4093,0.45292046666145325
1044,3764,5911,0.4529174566268921
1045,3764,4088,0.45289531350135803
1046,3764,6372,0.4528715908527374
1047,3764,4445,0.452860951423645
1048,3764,4624,0.45282310247421265
1049,3764,5620,0.45276299118995667
1050,3764,4957,0.45274990797042847
1051,3764,67,0.45272067189216614
1052,3764,5501,0.45269688963890076
1053,3764,2924,0.45268380641937256
1054,3764,1508,0.4526599943637848
1055,3764,2997,0.4526423513889313
1056,3764,4029,0.4526149034500122
1057,3764,1533,0.4525749087333679
1058,3764,5609,0.4525718092918396
1059,3764,4674,0.4524877965450287
1060,3764,4147,0.4524536728858948
1061,3764,4098,0.4524446725845337
1062,3764,4266,0.4524340033531189
1063,3764,1440,0.4522356688976288
1064,3764,2357,0.452191561460495
1065,3764,1482,0.4521845579147339
1066,3764,4803,0.45218393206596375
1067,3764,235,0.4521752595901489
1068,3764,4963,0.45217451453208923
1069,3764,2440,0.4521234631538391
1070,3764,2305,0.4520863890647888
1071,3764,5902,0.45207780599594116
1072,3764,5378,0.4519366919994354
1073,3764,105,0.45186662673950195
1074,3764,5063,0.4518297016620636
1075,3764,1937,0.45180076360702515
1076,3764,808,0.45178455114364624
1077,3764,1924,0.451769083738327
1078,3764,995,0.4517340362071991
1079,3764,4095,0.45170503854751587
1080,3764,6153,0.4517003297805786
1081,3764,2485,0.45169878005981445
1082,3764,3117,0.4516766369342804
1083,3764,2094,0.45162156224250793
1084,3764,1889,0.45162156224250793
1085,3764,3243,0.4515674114227295
1086,3764,566,0.45155784487724304
1087,3764,4681,0.4515133798122406
1088,3764,1203,0.4515014588832855
1089,3764,4392,0.45148634910583496
1090,3764,272,0.45140954852104187
1091,3764,6086,0.4513324201107025
1092,3764,3886,0.4511902928352356
1093,3764,2358,0.4511876106262207
1094,3764,2532,0.45113471150398254
1095,3764,4391,0.4510165750980377
1096,3764,4114,0.4509374499320984
1097,3764,3669,0.45090439915657043
1098,3764,1362,0.4507770836353302
1099,3764,1384,0.45057082176208496
1100,3764,858,0.45056718587875366
1101,3764,425,0.4505213797092438
1102,3764,4850,0.4504718482494354
1103,3764,2049,0.45045366883277893
1104,3764,4250,0.45040926337242126
1105,3764,6011,0.4504062831401825
1106,3764,2301,0.4503526985645294
1107,3764,2561,0.45025283098220825
1108,3764,1243,0.4502396881580353
1109,3764,5778,0.4502035081386566
1110,3764,2253,0.45017009973526
1111,3764,2247,0.4501503109931946
1112,3764,6185,0.45014944672584534
1113,3764,4161,0.4501110315322876
1114,3764,6103,0.45005884766578674
1115,3764,3763,0.450039803981781
1116,3764,830,0.449974924325943
1117,3764,6390,0.44993892312049866
1118,3764,5,0.44986236095428467
1119,3764,5621,0.44980373978614807
1120,3764,444,0.44979870319366455
1121,3764,4379,0.44978055357933044
1122,3764,5500,0.4497576355934143
1123,3764,5626,0.449708491563797
1124,3764,631,0.44964367151260376
1125,3764,3351,0.44956064224243164
1126,3764,4364,0.44949817657470703
1127,3764,6405,0.4494570791721344
1128,3764,4260,0.4494085907936096
1129,3764,3193,0.44931432604789734
1130,3764,6370,0.4492672383785248
1131,3764,4470,0.4492047131061554
1132,3764,1648,0.4491472840309143
1133,3764,4793,0.4491252601146698
1134,3764,244,0.4490778148174286
1135,3764,197,0.4490775167942047
1136,3764,3966,0.4490317702293396
1137,3764,3347,0.44902920722961426
1138,3764,112,0.4489816725254059
1139,3764,5819,0.44888734817504883
1140,3764,6269,0.44885268807411194
1141,3764,242,0.44880348443984985
1142,3764,5361,0.44867801666259766
1143,3764,4140,0.44867756962776184
1144,3764,4894,0.4486680030822754
1145,3764,5123,0.4486580193042755
1146,3764,2738,0.44864949584007263
1147,3764,4699,0.44863882660865784
1148,3764,861,0.44857099652290344
1149,3764,982,0.44855186343193054
1150,3764,3817,0.4485202431678772
1151,3764,520,0.4485139548778534
1152,3764,1382,0.4485088586807251
1153,3764,2313,0.44847097992897034
1154,3764,2401,0.44839680194854736
1155,3764,5351,0.4483850300312042
1156,3764,2424,0.4483339786529541
1157,3764,1044,0.44831451773643494
1158,3764,3220,0.4482932388782501
1159,3764,403,0.448224276304245
1160,3764,1770,0.4481625556945801
1161,3764,2530,0.4480908513069153
1162,3764,1352,0.4480242133140564
1163,3764,5920,0.4480109214782715
1164,3764,3903,0.4479484260082245
1165,3764,2889,0.4478689134120941
1166,3764,2343,0.4478563964366913
1167,3764,908,0.4478117823600769
1168,3764,104,0.44780433177948
1169,3764,309,0.44775497913360596
1170,3764,4590,0.4477228820323944
1171,3764,4553,0.4476276934146881
1172,3764,903,0.4476148784160614
1173,3764,878,0.4475116431713104
1174,3764,6060,0.44750073552131653
1175,3764,1420,0.44741347432136536
1176,3764,1119,0.44738665223121643
1177,3764,2896,0.4473699927330017
1178,3764,3752,0.4473416209220886
1179,3764,6041,0.4473372995853424
1180,3764,5777,0.4473188817501068
1181,3764,1595,0.4473007321357727
1182,3764,534,0.44727155566215515
1183,3764,4393,0.4472351670265198
1184,3764,6408,0.447230726480484
1185,3764,664,0.447219580411911
1186,3764,4166,0.4471748173236847
1187,3764,1617,0.4471586346626282
1188,3764,3521,0.4471428394317627
1189,3764,2246,0.447096049785614
1190,3764,1378,0.4470690190792084
1191,3764,4304,0.44692569971084595
1192,3764,1309,0.4468778371810913
1193,3764,1541,0.4467560648918152
1194,3764,1535,0.44674697518348694
1195,3764,3228,0.4466969072818756
1196,3764,4253,0.4466516375541687
1197,3764,4324,0.44661280512809753
1198,3764,3734,0.44660940766334534
1199,3764,1834,0.446500301361084
1200,3764,1148,0.44648149609565735
1201,3764,2327,0.4464629888534546
1202,3764,3283,0.4464603066444397
1203,3764,328,0.4464138448238373
1204,3764,3849,0.4464004337787628
1205,3764,5616,0.4462842047214508
1206,3764,2395,0.44622674584388733
1207,3764,3528,0.4462134838104248
1208,3764,3523,0.446135938167572
1209,3764,521,0.44609877467155457
1210,3764,4402,0.4460722506046295
1211,3764,2892,0.44594621658325195
1212,3764,2979,0.44587185978889465
1213,3764,2702,0.44584640860557556
1214,3764,4487,0.44576284289360046
1215,3764,1015,0.44574084877967834
1216,3764,4084,0.44572505354881287
1217,3764,4205,0.44569021463394165
1218,3764,5138,0.44564512372016907
1219,3764,3237,0.44560086727142334
1220,3764,4110,0.4455949068069458
1221,3764,926,0.44557464122772217
1222,3764,5539,0.4455205202102661
1223,3764,20,0.44542253017425537
1224,3764,143,0.44537174701690674
1225,3764,1449,0.4452356994152069
1226,3764,6113,0.44514158368110657
1227,3764,6276,0.4450603127479553
1228,3764,2015,0.4450337588787079
1229,3764,1373,0.44502851366996765
1230,3764,693,0.4450015723705292
1231,3764,5780,0.44493183493614197
1232,3764,2332,0.4448200464248657
1233,3764,4993,0.4448085129261017
1234,3764,2910,0.44475963711738586
1235,3764,502,0.4447154998779297
1236,3764,322,0.4446984529495239
1237,3764,5173,0.4446551203727722
1238,3764,6360,0.44465145468711853
1239,3764,531,0.44463202357292175
1240,3764,4753,0.4445660412311554
1241,3764,4686,0.4445604383945465
1242,3764,2333,0.4445035457611084
1243,3764,5106,0.44449716806411743
1244,3764,6008,0.4444677531719208
1245,3764,2321,0.4443661570549011
1246,3764,4323,0.4442072808742523
1247,3764,1942,0.44417324662208557
1248,3764,5529,0.44414591789245605
1249,3764,5858,0.44409704208374023
1250,3764,3018,0.4439866840839386
1251,3764,2491,0.443983793258667
1252,3764,431,0.4439550042152405
1253,3764,3683,0.44379204511642456
1254,3764,291,0.44376447796821594
1255,3764,1953,0.44373297691345215
1256,3764,4583,0.44367924332618713
1257,3764,4188,0.44366028904914856
1258,3764,4189,0.44364336133003235
1259,3764,5404,0.4436229467391968
1260,3764,6163,0.4436212182044983
1261,3764,6366,0.44357991218566895
1262,3764,5656,0.44357964396476746
1263,3764,4737,0.443573534488678
1264,3764,4468,0.4435330629348755
1265,3764,2086,0.4435272514820099
1266,3764,2898,0.44352638721466064
1267,3764,471,0.4434969127178192
1268,3764,2279,0.4434172809123993
1269,3764,4592,0.4433598816394806
1270,3764,5592,0.4432344436645508
1271,3764,4343,0.44313153624534607
1272,3764,4990,0.4430789649486542
1273,3764,3337,0.4429607689380646
1274,3764,3859,0.44287070631980896
1275,3764,5301,0.4428296983242035
1276,3764,5767,0.4428021013736725
1277,3764,5704,0.44277122616767883
1278,3764,2296,0.442709356546402
1279,3764,3452,0.4426874816417694
1280,3764,665,0.4426259696483612
1281,3764,5570,0.442623108625412
1282,3764,805,0.4425963759422302
1283,3764,2480,0.44248321652412415
1284,3764,2324,0.44226887822151184
1285,3764,127,0.4422542154788971
1286,3764,5326,0.44213613867759705
1287,3764,4527,0.4420998990535736
1288,3764,1354,0.4420659840106964
1289,3764,971,0.4420517683029175
1290,3764,6332,0.4420454800128937
1291,3764,4851,0.4420129358768463
1292,3764,3582,0.4419989287853241
1293,3764,3846,0.4419674277305603
1294,3764,1195,0.4419614374637604
1295,3764,6105,0.44192424416542053
1296,3764,2736,0.44189217686653137
1297,3764,6179,0.44184762239456177
1298,3764,53,0.441841721534729
1299,3764,1208,0.44183358550071716
1300,3764,3432,0.44181302189826965
1301,3764,2851,0.44180846214294434
1302,3764,3372,0.4417980909347534
1303,3764,2828,0.4417818486690521
1304,3764,3111,0.441769540309906
1305,3764,3476,0.4417637288570404
1306,3764,2842,0.44176068902015686
1307,3764,5839,0.4417487680912018
1308,3764,2225,0.4416710436344147
1309,3764,4810,0.4416140019893646
1310,3764,6410,0.4415891766548157
1311,3764,6336,0.441568523645401
1312,3764,6230,0.4415287375450134
1313,3764,6124,0.44150274991989136
1314,3764,5497,0.44148045778274536
1315,3764,5876,0.4414602816104889
1316,3764,4882,0.4413928985595703
1317,3764,690,0.44132596254348755
1318,3764,3144,0.4413183033466339
1319,3764,874,0.44128939509391785
1320,3764,6365,0.44127973914146423
1321,3764,1644,0.441241055727005
1322,3764,5544,0.4412047564983368
1323,3764,2115,0.44117555022239685
1324,3764,5115,0.44109007716178894
1325,3764,3085,0.44096675515174866
1326,3764,466,0.4408590495586395
1327,3764,122,0.4408038854598999
1328,3764,2261,0.44075724482536316
1329,3764,5719,0.4407293200492859
1330,3764,1168,0.4407126009464264
1331,3764,2266,0.440670907497406
1332,3764,598,0.44063830375671387
1333,3764,6415,0.44063639640808105
1334,3764,4892,0.4403587877750397
1335,3764,2432,0.44031310081481934
1336,3764,3161,0.4402630031108856
1337,3764,1016,0.44025570154190063
1338,3764,3865,0.44025546312332153
1339,3764,6106,0.44024306535720825
1340,3764,1105,0.4401179552078247
1341,3764,4290,0.44009262323379517
1342,3764,5305,0.4400918781757355
1343,3764,4517,0.44006481766700745
1344,3764,3,0.44003280997276306
1345,3764,3920,0.4399472177028656
1346,3764,6419,0.43993082642555237
1347,3764,4542,0.439855694770813
1348,3764,618,0.43984511494636536
1349,3764,2108,0.4398173987865448
1350,3764,1295,0.4397788643836975
1351,3764,1301,0.43973657488822937
1352,3764,6259,0.43969976902008057
1353,3764,327,0.439637154340744
1354,3764,5661,0.4395964741706848
1355,3764,2516,0.43954211473464966
1356,3764,3190,0.4395380914211273
1357,3764,4631,0.4395085573196411
1358,3764,5869,0.4394974410533905
1359,3764,5016,0.4394928216934204
1360,3764,2801,0.43944934010505676
1361,3764,3179,0.4393945634365082
1362,3764,3717,0.43938642740249634
1363,3764,3100,0.4393554627895355
1364,3764,2033,0.4393077492713928
1365,3764,4101,0.43930140137672424
1366,3764,555,0.4392693042755127
1367,3764,2543,0.4392075836658478
1368,3764,201,0.4391940236091614
1369,3764,1892,0.4391820728778839
1370,3764,4872,0.4391517639160156
1371,3764,1245,0.4391402006149292
1372,3764,4249,0.43909862637519836
1373,3764,358,0.4389718770980835
1374,3764,2080,0.4389382004737854
1375,3764,6424,0.43886199593544006
1376,3764,5308,0.43867871165275574
1377,3764,2912,0.4386502504348755
1378,3764,4649,0.43864351511001587
1379,3764,2787,0.43863433599472046
1380,3764,1288,0.4385874271392822
1381,3764,543,0.43856653571128845
1382,3764,2053,0.43855535984039307
1383,3764,2915,0.4383949339389801
1384,3764,1110,0.43828579783439636
1385,3764,4428,0.43820685148239136
1386,3764,453,0.43812844157218933
1387,3764,4047,0.4380013644695282
1388,3764,3973,0.43796873092651367
1389,3764,2908,0.43792030215263367
1390,3764,6181,0.4379176199436188
1391,3764,5483,0.43790149688720703
1392,3764,4151,0.4378674328327179
1393,3764,1966,0.4378401041030884
1394,3764,4119,0.43782344460487366
1395,3764,4318,0.4378216862678528
1396,3764,747,0.43781232833862305
1397,3764,4879,0.4377974569797516
1398,3764,3589,0.43770986795425415
1399,3764,3303,0.4376748502254486
1400,3764,2862,0.4376392960548401
1401,3764,216,0.43756866455078125
1402,3764,2428,0.4375372529029846
1403,3764,4647,0.43748101592063904
1404,3764,6352,0.43743330240249634
1405,3764,1777,0.4373830556869507
1406,3764,907,0.43735966086387634
1407,3764,4966,0.43734994530677795
1408,3764,1317,0.43726521730422974
1409,3764,449,0.437237948179245
1410,3764,5693,0.437212198972702
1411,3764,2956,0.43716758489608765
1412,3764,2165,0.43715542554855347
1413,3764,3963,0.4371183216571808
1414,3764,3493,0.4370942711830139
1415,3764,823,0.4370860159397125
1416,3764,4987,0.43704748153686523
1417,3764,3052,0.43703988194465637
1418,3764,3108,0.4370346665382385
1419,3764,2264,0.43697628378868103
1420,3764,3854,0.4369713366031647
1421,3764,4431,0.4369681775569916
1422,3764,4663,0.4369426965713501
1423,3764,2335,0.4368654191493988
1424,3764,6357,0.4368400573730469
1425,3764,5611,0.4367568790912628
1426,3764,6211,0.4367418885231018
1427,3764,576,0.43670499324798584
1428,3764,1819,0.43663373589515686
1429,3764,4053,0.4365970194339752
1430,3764,4783,0.43651649355888367
1431,3764,4413,0.4365009367465973
1432,3764,5806,0.43649107217788696
1433,3764,101,0.4364714026451111
1434,3764,261,0.4364592730998993
1435,3764,4346,0.43642646074295044
1436,3764,4005,0.43641144037246704
1437,3764,775,0.4364016056060791
1438,3764,4361,0.4363870322704315
1439,3764,4085,0.4362592399120331
1440,3764,6298,0.43623247742652893
1441,3764,2360,0.43622422218322754
1442,3764,3075,0.4362068176269531
1443,3764,756,0.43617188930511475
1444,3764,3989,0.43609973788261414
1445,3764,2752,0.4360582232475281
1446,3764,194,0.43602681159973145
1447,3764,1467,0.43599769473075867
1448,3764,4441,0.4359460473060608
1449,3764,409,0.4358331263065338
1450,3764,2848,0.43579137325286865
1451,3764,2032,0.43577826023101807
1452,3764,4429,0.4356701076030731
1453,3764,5918,0.43566688895225525
1454,3764,3544,0.4356596767902374
1455,3764,6116,0.43561622500419617
1456,3764,2656,0.4356113076210022
1457,3764,1114,0.43561017513275146
1458,3764,2259,0.43558457493782043
1459,3764,2396,0.4355814456939697
1460,3764,2778,0.43547868728637695
1461,3764,5018,0.43542394042015076
1462,3764,785,0.43540701270103455
1463,3764,1630,0.435360848903656
1464,3764,167,0.4353158175945282
1465,3764,2407,0.4353010952472687
1466,3764,5542,0.4352642297744751
1467,3764,2998,0.43517163395881653
1468,3764,6215,0.43509748578071594
1469,3764,6256,0.43506497144699097
1470,3764,3652,0.4350051283836365
1471,3764,5884,0.4349965751171112
1472,3764,3678,0.43498560786247253
1473,3764,474,0.43498095870018005
1474,3764,980,0.43495574593544006
1475,3764,5236,0.43494659662246704
1476,3764,241,0.43491241335868835
1477,3764,2042,0.43485352396965027
1478,3764,4000,0.4348323345184326
1479,3764,3356,0.43476584553718567
1480,3764,4254,0.43474626541137695
1481,3764,5112,0.4347231388092041
1482,3764,3776,0.4347023665904999
1483,3764,731,0.43469560146331787
1484,3764,407,0.4346730411052704
1485,3764,3513,0.4346230626106262
1486,3764,1562,0.43453341722488403
1487,3764,5108,0.43449991941452026
1488,3764,3775,0.43449586629867554
1489,3764,1664,0.43448036909103394
1490,3764,1737,0.43442341685295105
1491,3764,4275,0.4344111979007721
1492,3764,2444,0.4342747926712036
1493,3764,3826,0.43417981266975403
1494,3764,4773,0.43417102098464966
1495,3764,4179,0.43407925963401794
1496,3764,1851,0.43395674228668213
1497,3764,877,0.43386927247047424
1498,3764,750,0.43383991718292236
1499,3764,1121,0.4338352382183075
1500,3764,5855,0.43381020426750183
1501,3764,3725,0.43377357721328735
1502,3764,5904,0.4337320923805237
1503,3764,3349,0.4336555302143097
1504,3764,4933,0.4336393177509308
1505,3764,4716,0.43361300230026245
1506,3764,4645,0.4335483908653259
1507,3764,3594,0.433513343334198
1508,3764,496,0.43345627188682556
1509,3764,542,0.4334487318992615
1510,3764,3171,0.43341585993766785
1511,3764,4650,0.4333449602127075
1512,3764,4616,0.4333447813987732
1513,3764,2542,0.43325158953666687
1514,3764,6303,0.43323996663093567
1515,3764,865,0.43322134017944336
1516,3764,2937,0.4330313503742218
1517,3764,2890,0.43302157521247864
1518,3764,3277,0.43300023674964905
1519,3764,872,0.4329127371311188
1520,3764,458,0.43290096521377563
1521,3764,6315,0.43286895751953125
1522,3764,4369,0.4328216016292572
1523,3764,4365,0.43279191851615906
1524,3764,5588,0.432725727558136
1525,3764,2380,0.4326857328414917
1526,3764,2196,0.4326704144477844
1527,3764,2609,0.43259942531585693
1528,3764,170,0.43255969882011414
1529,3764,1316,0.4325264096260071
1530,3764,4282,0.43250957131385803
1531,3764,915,0.43250030279159546
1532,3764,5577,0.432494193315506
1533,3764,3478,0.4324798583984375
1534,3764,1302,0.4324460029602051
1535,3764,4528,0.4324066936969757
1536,3764,1576,0.43237948417663574
1537,3764,1468,0.432358056306839
1538,3764,1172,0.43234482407569885
1539,3764,1555,0.43226924538612366
1540,3764,6061,0.43218839168548584
1541,3764,6396,0.4321554899215698
1542,3764,321,0.4321100413799286
1543,3764,33,0.4320957064628601
1544,3764,1814,0.43207842111587524
1545,3764,2241,0.43204692006111145
1546,3764,2127,0.4320351183414459
1547,3764,1230,0.43202969431877136
1548,3764,582,0.4320153295993805
1549,3764,4035,0.43199822306632996
1550,3764,2986,0.4319557547569275
1551,3764,2129,0.4319493770599365
1552,3764,4928,0.43191656470298767
1553,3764,801,0.43191108107566833
1554,3764,5191,0.43190547823905945
1555,3764,5565,0.43189412355422974
1556,3764,4228,0.4318851828575134
1557,3764,2953,0.43187323212623596
1558,3764,208,0.4318685531616211
1559,3764,1837,0.4318242371082306
1560,3764,2454,0.4318184554576874
1561,3764,6369,0.4317833185195923
1562,3764,2841,0.43177884817123413
1563,3764,4577,0.4317389726638794
1564,3764,2101,0.431615948677063
1565,3764,5515,0.43157607316970825
1566,3764,5343,0.43155375123023987
1567,3764,239,0.4314582645893097
1568,3764,859,0.4314517378807068
1569,3764,4972,0.4314363896846771
1570,3764,732,0.43142881989479065
1571,3764,2904,0.43142518401145935
1572,3764,3802,0.4312964975833893
1573,3764,276,0.4312821328639984
1574,3764,3174,0.43127837777137756
1575,3764,1546,0.43123650550842285
1576,3764,1226,0.4312126040458679
1577,3764,1194,0.4312126040458679
1578,3764,1979,0.4311830699443817
1579,3764,1853,0.43116456270217896
1580,3764,2477,0.43116456270217896
1581,3764,5046,0.4310932457447052
1582,3764,4123,0.4309970438480377
1583,3764,1145,0.4309152066707611
1584,3764,914,0.4308925271034241
1585,3764,1549,0.4308718144893646
1586,3764,5871,0.4308696985244751
1587,3764,4912,0.43084245920181274
1588,3764,3213,0.4307655394077301
1589,3764,4332,0.43076086044311523
1590,3764,2195,0.4307278096675873
1591,3764,4452,0.43064162135124207
1592,3764,3167,0.4306394159793854
1593,3764,1779,0.4306384027004242
1594,3764,6265,0.43060797452926636
1595,3764,4636,0.43055757880210876
1596,3764,2545,0.43047696352005005
1597,3764,5047,0.4304308295249939
1598,3764,4052,0.43035852909088135
1599,3764,4115,0.43033239245414734
1600,3764,4610,0.4303266704082489
1601,3764,6110,0.430311381816864
1602,3764,3104,0.4302644431591034
1603,3764,4240,0.43016666173934937
1604,3764,2433,0.430162638425827
1605,3764,3529,0.4301028251647949
1606,3764,2256,0.4300961494445801
1607,3764,5909,0.43008047342300415
1608,3764,4813,0.42997658252716064
1609,3764,4677,0.4299161732196808
1610,3764,3039,0.4298352897167206
1611,3764,4915,0.4297167956829071
1612,3764,1103,0.42969760298728943
1613,3764,3281,0.4296818673610687
1614,3764,4964,0.42964670062065125
1615,3764,5749,0.42956286668777466
1616,3764,817,0.42955297231674194
1617,3764,2076,0.42954060435295105
1618,3764,1846,0.4295237362384796
1619,3764,955,0.4294547140598297
1620,3764,5660,0.4294513165950775
1621,3764,1093,0.42944610118865967
1622,3764,3930,0.4294220507144928
1623,3764,251,0.4294070303440094
1624,3764,2932,0.4293978810310364
1625,3764,6323,0.4293803572654724
1626,3764,1457,0.4293728470802307
1627,3764,2526,0.42930659651756287
1628,3764,1599,0.42924782633781433
1629,3764,2043,0.4291597008705139
1630,3764,468,0.4291263222694397
1631,3764,4951,0.4291045069694519
1632,3764,913,0.4290967285633087
1633,3764,4768,0.4290829598903656
1634,3764,4881,0.4289200007915497
1635,3764,378,0.4289117753505707
1636,3764,5924,0.42885643243789673
1637,3764,385,0.42882657051086426
1638,3764,4268,0.4287983775138855
1639,3764,2891,0.42874664068222046
1640,3764,162,0.42870405316352844
1641,3764,3073,0.4286637604236603
1642,3764,2018,0.42865726351737976
1643,3764,212,0.4285779893398285
1644,3764,4525,0.4285579323768616
1645,3764,5698,0.42851904034614563
1646,3764,2521,0.4284421503543854
1647,3764,4103,0.42840948700904846
1648,3764,5008,0.42834755778312683
1649,3764,4020,0.42833665013313293
1650,3764,757,0.4283127784729004
1651,3764,5559,0.4282967448234558
1652,3764,3515,0.4282752573490143
1653,3764,6389,0.428266316652298
1654,3764,324,0.4282366931438446
1655,3764,266,0.42822957038879395
1656,3764,2489,0.42821845412254333
1657,3764,1822,0.42814719676971436
1658,3764,3467,0.42806145548820496
1659,3764,1318,0.4280410706996918
1660,3764,2690,0.4279758930206299
1661,3764,2968,0.42795732617378235
1662,3764,2455,0.42794927954673767
1663,3764,2205,0.42789360880851746
1664,3764,607,0.42784175276756287
1665,3764,3599,0.42777717113494873
1666,3764,5603,0.427719384431839
1667,3764,5671,0.4276861846446991
1668,3764,2751,0.4275369644165039
1669,3764,1730,0.4275352656841278
1670,3764,1802,0.42752793431282043
1671,3764,4138,0.4275040626525879
1672,3764,6210,0.42748773097991943
1673,3764,3530,0.42748457193374634
1674,3764,1115,0.4274523854255676
1675,3764,1884,0.4273912310600281
1676,3764,788,0.42738667130470276
1677,3764,2941,0.4273808002471924
1678,3764,3642,0.42730677127838135
1679,3764,3109,0.42727723717689514
1680,3764,6212,0.42719584703445435
1681,3764,6363,0.42706552147865295
1682,3764,2593,0.4269806742668152
1683,3764,2774,0.4269300103187561
1684,3764,6418,0.426896333694458
1685,3764,3077,0.4268650412559509
1686,3764,1662,0.42683911323547363
1687,3764,5560,0.426825612783432
1688,3764,5156,0.42682555317878723
1689,3764,5595,0.42677557468414307
1690,3764,3328,0.42674657702445984
1691,3764,2326,0.426736980676651
1692,3764,579,0.42673349380493164
1693,3764,3526,0.42667892575263977
1694,3764,768,0.4266611933708191
1695,3764,4732,0.42661961913108826
1696,3764,1213,0.42660972476005554
1697,3764,1886,0.42656198143959045
1698,3764,4083,0.4264489412307739
1699,3764,4899,0.4264044165611267
1700,3764,5079,0.42639344930648804
1701,3764,6422,0.4263876974582672
1702,3764,983,0.42636311054229736
1703,3764,5994,0.4263613224029541
1704,3764,0,0.4263303875923157
1705,3764,1387,0.4262637197971344
1706,3764,4499,0.42624393105506897
1707,3764,1058,0.4262116253376007
1708,3764,4408,0.42618075013160706
1709,3764,5759,0.4261748492717743
1710,3764,1542,0.42612624168395996
1711,3764,4729,0.42603087425231934
1712,3764,1772,0.42600902915000916
1713,3764,4359,0.42589548230171204
1714,3764,5939,0.4258802533149719
1715,3764,2687,0.42586633563041687
1716,3764,5355,0.4258475601673126
1717,3764,1748,0.42584502696990967
1718,3764,1433,0.4258171319961548
1719,3764,5185,0.42580559849739075
1720,3764,6190,0.42576318979263306
1721,3764,6417,0.4257289171218872
1722,3764,959,0.4256981313228607
1723,3764,168,0.425665944814682
1724,3764,1466,0.425647497177124
1725,3764,3474,0.4256267547607422
1726,3764,1720,0.4255978465080261
1727,3764,2208,0.42547890543937683
1728,3764,1951,0.42543768882751465
1729,3764,5346,0.4254243075847626
1730,3764,2460,0.42531177401542664
1731,3764,29,0.42529937624931335
1732,3764,4942,0.4252682328224182
1733,3764,6188,0.42525118589401245
1734,3764,4456,0.42523622512817383
1735,3764,3629,0.42516663670539856
1736,3764,2149,0.4250698983669281
1737,3764,3991,0.4250310957431793
1738,3764,5009,0.4250067472457886
1739,3764,4155,0.4249514043331146
1740,3764,2044,0.42491891980171204
1741,3764,6009,0.4248780906200409
1742,3764,2434,0.42487600445747375
1743,3764,3864,0.4247969388961792
1744,3764,1676,0.4247789978981018
1745,3764,1666,0.4247380793094635
1746,3764,128,0.4247051179409027
1747,3764,1305,0.424675315618515
1748,3764,5903,0.42465654015541077
1749,3764,689,0.4246435761451721
1750,3764,5789,0.42464250326156616
1751,3764,4229,0.424527108669281
1752,3764,3445,0.4245043694972992
1753,3764,4232,0.4245043396949768
1754,3764,1154,0.4244854152202606
1755,3764,5011,0.42448189854621887
1756,3764,1284,0.42446914315223694
1757,3764,6214,0.42441290616989136
1758,3764,1032,0.4243890345096588
1759,3764,1610,0.42434293031692505
1760,3764,4396,0.42432400584220886
1761,3764,1923,0.4242932200431824
1762,3764,634,0.4242698848247528
1763,3764,561,0.42425021529197693
1764,3764,3808,0.424248069524765
1765,3764,5286,0.42424267530441284
1766,3764,3055,0.4242369830608368
1767,3764,2441,0.4241502285003662
1768,3764,6054,0.42413267493247986
1769,3764,3362,0.42413222789764404
1770,3764,5147,0.42413073778152466
1771,3764,7,0.4240785837173462
1772,3764,933,0.4240446984767914
1773,3764,204,0.42388707399368286
1774,3764,5376,0.4238798916339874
1775,3764,2310,0.423862487077713
1776,3764,1126,0.4238297641277313
1777,3764,1784,0.42381682991981506
1778,3764,2448,0.42381420731544495
1779,3764,4012,0.4238097369670868
1780,3764,1636,0.4237781763076782
1781,3764,2294,0.42342519760131836
1782,3764,485,0.423416405916214
1783,3764,3373,0.42329704761505127
1784,3764,87,0.4232500493526459
1785,3764,5552,0.4231396019458771
1786,3764,5938,0.42311903834342957
1787,3764,6140,0.4230579137802124
1788,3764,2347,0.42299702763557434
1789,3764,4543,0.42296525835990906
1790,3764,2645,0.4229620397090912
1791,3764,4109,0.42293405532836914
1792,3764,4856,0.4229285717010498
1793,3764,5527,0.4228339195251465
1794,3764,3202,0.4227742850780487
1795,3764,5371,0.42277222871780396
1796,3764,1025,0.422696590423584
1797,3764,362,0.4226873815059662
1798,3764,430,0.42268139123916626
1799,3764,93,0.42259305715560913
1800,3764,3540,0.4225304126739502
1801,3764,3338,0.42250800132751465
1802,3764,4397,0.4224594533443451
1803,3764,5962,0.42236393690109253
1804,3764,4423,0.4223150312900543
1805,3764,5775,0.4223003089427948
1806,3764,4757,0.4222816526889801
1807,3764,2554,0.4222722351551056
1808,3764,1838,0.4222492277622223
1809,3764,2400,0.42219486832618713
1810,3764,3355,0.4221867620944977
1811,3764,4919,0.422185480594635
1812,3764,1829,0.422159880399704
1813,3764,6295,0.4221400022506714
1814,3764,5998,0.42209160327911377
1815,3764,3977,0.422086238861084
1816,3764,2289,0.42207959294319153
1817,3764,3569,0.42207035422325134
1818,3764,2183,0.4220275282859802
1819,3764,839,0.4219757914543152
1820,3764,6236,0.4219311475753784
1821,3764,475,0.42187264561653137
1822,3764,1416,0.4218161702156067
1823,3764,5116,0.4218052327632904
1824,3764,4442,0.421781986951828
1825,3764,260,0.4217316210269928
1826,3764,1633,0.4217064678668976
1827,3764,529,0.4217015504837036
1828,3764,3250,0.42168304324150085
1829,3764,1768,0.42166632413864136
1830,3764,6305,0.42166173458099365
1831,3764,3003,0.4216184616088867
1832,3764,4360,0.42160317301750183
1833,3764,473,0.4215875267982483
1834,3764,5963,0.42156991362571716
1835,3764,1638,0.42149877548217773
1836,3764,3214,0.4214944839477539
1837,3764,4329,0.4214346706867218
1838,3764,2577,0.42135727405548096
1839,3764,5045,0.4213353097438812
1840,3764,4830,0.4211847186088562
1841,3764,1444,0.4210521876811981
1842,3764,1497,0.42104122042655945
1843,3764,1150,0.42098087072372437
1844,3764,3792,0.4209667146205902
1845,3764,3471,0.42087289690971375
1846,3764,2541,0.420860230922699
1847,3764,1515,0.4208070635795593
1848,3764,74,0.42069217562675476
1849,3764,2245,0.420604944229126
1850,3764,4167,0.42056775093078613
1851,3764,3037,0.4205191433429718
1852,3764,1175,0.4204558730125427
1853,3764,6003,0.42044147849082947
1854,3764,1635,0.4203760027885437
1855,3764,4635,0.42035672068595886
1856,3764,1887,0.42034733295440674
1857,3764,2229,0.42032256722450256
1858,3764,1517,0.4202595055103302
1859,3764,577,0.4202052652835846
1860,3764,5631,0.4201788604259491
1861,3764,5894,0.42015811800956726
1862,3764,5834,0.4201137125492096
1863,3764,5684,0.42010822892189026
1864,3764,754,0.4200592041015625
1865,3764,5571,0.4199942946434021
1866,3764,281,0.4199891686439514
1867,3764,5830,0.41997355222702026
1868,3764,4765,0.41995203495025635
1869,3764,5740,0.41986262798309326
1870,3764,4301,0.41981664299964905
1871,3764,626,0.4197939336299896
1872,3764,616,0.4197791814804077
1873,3764,6246,0.4197596311569214
1874,3764,2786,0.4196627140045166
1875,3764,2064,0.4196324050426483
1876,3764,2009,0.41958487033843994
1877,3764,541,0.4195713996887207
1878,3764,5649,0.4195689558982849
1879,3764,5735,0.4195454716682434
1880,3764,3517,0.4194602072238922
1881,3764,4156,0.4194382429122925
1882,3764,784,0.4194346070289612
1883,3764,5860,0.4194163978099823
1884,3764,214,0.41939085721969604
1885,3764,3927,0.4193425476551056
1886,3764,3489,0.4193195104598999
1887,3764,2233,0.41931307315826416
1888,3764,692,0.4192914366722107
1889,3764,3477,0.4192858934402466
1890,3764,6031,0.41926130652427673
1891,3764,753,0.419237345457077
1892,3764,5929,0.4191782474517822
1893,3764,5179,0.41915181279182434
1894,3764,1600,0.4191226661205292
1895,3764,3998,0.4191179871559143
1896,3764,5854,0.419101357460022
1897,3764,4839,0.4189909100532532
1898,3764,3809,0.4188823699951172
1899,3764,923,0.41883140802383423
1900,3764,1981,0.4188159108161926
1901,3764,5379,0.4187898635864258
1902,3764,526,0.41876092553138733
1903,3764,5421,0.41871899366378784
1904,3764,4711,0.418551504611969
1905,3764,4701,0.4185412526130676
1906,3764,4321,0.41847771406173706
1907,3764,4002,0.4184552729129791
1908,3764,2270,0.41845306754112244
1909,3764,2901,0.4184475839138031
1910,3764,5748,0.4184090197086334
1911,3764,5349,0.4184069037437439
1912,3764,3212,0.41838571429252625
1913,3764,1162,0.41830065846443176
1914,3764,4967,0.4182884693145752
1915,3764,1492,0.4182206690311432
1916,3764,4601,0.41817739605903625
1917,3764,5540,0.4181586503982544
1918,3764,5198,0.418093740940094
1919,3764,867,0.41808822751045227
1920,3764,1112,0.4180471897125244
1921,3764,3040,0.41801387071609497
1922,3764,1496,0.41800665855407715
1923,3764,1337,0.4179920554161072
1924,3764,2316,0.4179874658584595
1925,3764,308,0.41798076033592224
1926,3764,6081,0.4179474413394928
1927,3764,3915,0.4179324805736542
1928,3764,3068,0.4178798198699951
1929,3764,3406,0.41785258054733276
1930,3764,3264,0.4177905023097992
1931,3764,4544,0.4177376627922058
1932,3764,113,0.41773736476898193
1933,3764,1053,0.4176091253757477
1934,3764,5630,0.41759490966796875
1935,3764,2993,0.417529821395874
1936,3764,789,0.41749390959739685
1937,3764,4280,0.41748157143592834
1938,3764,2249,0.4174400866031647
1939,3764,3386,0.4174068570137024
1940,3764,2966,0.41731056571006775
1941,3764,6282,0.41727951169013977
1942,3764,4550,0.4172629714012146
1943,3764,2438,0.4171673357486725
1944,3764,1423,0.4171265661716461
1945,3764,17,0.4171126186847687
1946,3764,4945,0.41705095767974854
1947,3764,2391,0.41697725653648376
1948,3764,4395,0.4169521927833557
1949,3764,546,0.41694432497024536
1950,3764,247,0.4168984889984131
1951,3764,828,0.4168354272842407
1952,3764,535,0.4167609214782715
1953,3764,3231,0.4167588949203491
1954,3764,4786,0.41673165559768677
1955,3764,4384,0.4167294204235077
1956,3764,5610,0.4167269170284271
1957,3764,3094,0.41671285033226013
1958,3764,1895,0.4166937470436096
1959,3764,2398,0.41667604446411133
1960,3764,4836,0.41661298274993896
1961,3764,4306,0.4165920913219452
1962,3764,4929,0.4165664613246918
1963,3764,5117,0.4165661334991455
1964,3764,1743,0.41656091809272766
1965,3764,315,0.41650065779685974
1966,3764,5625,0.41646111011505127
1967,3764,5956,0.4164365828037262
1968,3764,3573,0.41640880703926086
1969,3764,1411,0.41634559631347656
1970,3764,1804,0.4163427948951721
1971,3764,6342,0.4163150191307068
1972,3764,4004,0.4163030683994293
1973,3764,131,0.41626980900764465
1974,3764,5755,0.41626331210136414
1975,3764,5736,0.4162614345550537
1976,3764,3363,0.4162602722644806
1977,3764,5815,0.4162454605102539
1978,3764,5408,0.4162203073501587
1979,3764,6159,0.4161909520626068
1980,3764,294,0.4161511957645416
1981,3764,5211,0.41611582040786743
1982,3764,2175,0.4160812199115753
1983,3764,2970,0.4160074293613434
1984,3764,4556,0.41588538885116577
1985,3764,5498,0.41584423184394836
1986,3764,3143,0.4158376455307007
1987,3764,6403,0.4158148169517517
1988,3764,234,0.41578051447868347
1989,3764,1304,0.41577833890914917
1990,3764,5926,0.4157724678516388
1991,3764,3612,0.41577038168907166
1992,3764,3797,0.4157610237598419
1993,3764,3227,0.4157271087169647
1994,3764,5821,0.41558000445365906
1995,3764,4174,0.41550368070602417
1996,3764,3616,0.4154896140098572
1997,3764,4489,0.4154323935508728
1998,3764,6038,0.41542673110961914
1999,3764,2939,0.4153711795806885
2000,3764,3858,0.4153529703617096
2001,3764,2849,0.4152803122997284
2002,3764,3801,0.41526392102241516
2003,3764,377,0.41521772742271423
2004,3764,434,0.4151918292045593
2005,3764,2501,0.4151756465435028
2006,3764,2569,0.41516125202178955
2007,3764,265,0.41511741280555725
2008,3764,4078,0.41508549451828003
2009,3764,5715,0.41504812240600586
2010,3764,2048,0.41501277685165405
2011,3764,6288,0.4149792492389679
2012,3764,1325,0.4149485230445862
2013,3764,3257,0.4149112105369568
2014,3764,4936,0.4149070382118225
2015,3764,5705,0.4148757755756378
2016,3764,5601,0.4148600101470947
2017,3764,2527,0.4148360788822174
2018,3764,5200,0.4147046208381653
2019,3764,3234,0.41458576917648315
2020,3764,66,0.4145635664463043
2021,3764,2657,0.4145224392414093
2022,3764,406,0.41450223326683044
2023,3764,5270,0.4144537150859833
2024,3764,1130,0.4144322872161865
2025,3764,4575,0.41441506147384644
2026,3764,3168,0.4143802225589752
2027,3764,4375,0.41426825523376465
2028,3764,842,0.4142041504383087
2029,3764,1751,0.4142040014266968
2030,3764,2302,0.4141715466976166
2031,3764,1513,0.4141637980937958
2032,3764,39,0.41414719820022583
2033,3764,2947,0.4141383171081543
2034,3764,4927,0.4141230881214142
2035,3764,1127,0.4141092896461487
2036,3764,3195,0.4139850437641144
2037,3764,5103,0.41395092010498047
2038,3764,2056,0.4138813614845276
2039,3764,5136,0.41387009620666504
2040,3764,3285,0.41386255621910095
2041,3764,1827,0.41383713483810425
2042,3764,6133,0.41382506489753723
2043,3764,1972,0.4138011634349823
2044,3764,3772,0.41376182436943054
2045,3764,5224,0.4137476980686188
2046,3764,6195,0.4137061834335327
2047,3764,5172,0.4136374890804291
2048,3764,1166,0.41355887055397034
2049,3764,5711,0.4134790599346161
2050,3764,4705,0.4134729504585266
2051,3764,5837,0.4134529232978821
2052,3764,4956,0.4134421646595001
2053,3764,3475,0.4134409725666046
2054,3764,1914,0.41342228651046753
2055,3764,3613,0.4133869409561157
2056,3764,4327,0.4133719205856323
2057,3764,402,0.41333863139152527
2058,3764,6097,0.4133375585079193
2059,3764,3985,0.4133255183696747
2060,3764,5531,0.41330650448799133
2061,3764,5027,0.4132821559906006
2062,3764,1324,0.41324734687805176
2063,3764,348,0.4132356643676758
2064,3764,824,0.4132234752178192
2065,3764,4425,0.4132152795791626
2066,3764,707,0.4131815433502197
2067,3764,1950,0.4131677448749542
2068,3764,1755,0.4131537675857544
2069,3764,3851,0.41311874985694885
2070,3764,2337,0.4130915105342865
2071,3764,2320,0.4130682647228241
2072,3764,6328,0.4130420982837677
2073,3764,2927,0.4130396246910095
2074,3764,560,0.41303128004074097
2075,3764,2581,0.41298919916152954
2076,3764,4780,0.4129849970340729
2077,3764,99,0.41295289993286133
2078,3764,4015,0.41290080547332764
2079,3764,3641,0.4128592908382416
2080,3764,5277,0.41284942626953125
2081,3764,3958,0.41283664107322693
2082,3764,766,0.4127720296382904
2083,3764,1438,0.412767618894577
2084,3764,1563,0.41271886229515076
2085,3764,683,0.41270577907562256
2086,3764,2475,0.41258037090301514
2087,3764,3571,0.4125710427761078
2088,3764,588,0.41254907846450806
2089,3764,4841,0.4125289022922516
2090,3764,1210,0.4125162959098816
2091,3764,1733,0.4124947488307953
2092,3764,2036,0.4124878942966461
2093,3764,3010,0.41248202323913574
2094,3764,5085,0.4124458134174347
2095,3764,3315,0.4124264419078827
2096,3764,4298,0.41241884231567383
2097,3764,173,0.4123781621456146
2098,3764,1841,0.4123125672340393
2099,3764,313,0.4122551679611206
2100,3764,2494,0.4122510850429535
2101,3764,5245,0.41224560141563416
2102,3764,4529,0.41223475337028503
2103,3764,165,0.41221606731414795
2104,3764,5866,0.41221338510513306
2105,3764,149,0.4121975898742676
2106,3764,5696,0.41216954588890076
2107,3764,2019,0.41213104128837585
2108,3764,2057,0.41212350130081177
2109,3764,5507,0.41212165355682373
2110,3764,1567,0.41210639476776123
2111,3764,6213,0.4120747745037079
2112,3764,5921,0.4120284914970398
2113,3764,2190,0.4119609296321869
2114,3764,2392,0.41192060708999634
2115,3764,4164,0.41189759969711304
2116,3764,5393,0.4118857979774475
2117,3764,1028,0.41182082891464233
2118,3764,486,0.4117667078971863
2119,3764,1835,0.4117509126663208
2120,3764,6398,0.41174665093421936
2121,3764,5168,0.4117060601711273
2122,3764,4291,0.4116734266281128
2123,3764,1313,0.41162967681884766
2124,3764,3969,0.41162267327308655
2125,3764,2197,0.4116211533546448
2126,3764,5400,0.4116111695766449
2127,3764,682,0.4115891754627228
2128,3764,1133,0.4115182161331177
2129,3764,4687,0.4114893972873688
2130,3764,1783,0.4114690124988556
2131,3764,1640,0.41144952178001404
2132,3764,855,0.4114384055137634
2133,3764,391,0.4114355444908142
2134,3764,2394,0.41138094663619995
2135,3764,565,0.411327600479126
2136,3764,1201,0.41127094626426697
2137,3764,5974,0.41125982999801636
2138,3764,6297,0.4112359285354614
2139,3764,3916,0.4112081229686737
2140,3764,1507,0.4111427068710327
2141,3764,3116,0.411067932844162
2142,3764,120,0.4110603928565979
2143,3764,4781,0.41100308299064636
2144,3764,6267,0.4109884202480316
2145,3764,5124,0.410956472158432
2146,3764,16,0.4109562039375305
2147,3764,2322,0.4109542965888977
2148,3764,728,0.4109465777873993
2149,3764,2710,0.4109382629394531
2150,3764,4984,0.41090601682662964
2151,3764,2199,0.41090071201324463
2152,3764,5706,0.41088640689849854
2153,3764,4797,0.4108385741710663
2154,3764,4995,0.4107980728149414
2155,3764,2723,0.41077765822410583
2156,3764,3755,0.4107305109500885
2157,3764,4469,0.4107259511947632
2158,3764,4545,0.4106098413467407
2159,3764,4944,0.41059666872024536
2160,3764,2158,0.41059061884880066
2161,3764,5020,0.41052940487861633
2162,3764,4173,0.41041672229766846
2163,3764,1079,0.4103737771511078
2164,3764,4350,0.41031357645988464
2165,3764,3490,0.4102647602558136
2166,3764,223,0.41018885374069214
2167,3764,4024,0.4101566970348358
2168,3764,3035,0.4101501703262329
2169,3764,6046,0.41006916761398315
2170,3764,1740,0.41001635789871216
2171,3764,3508,0.4100026488304138
2172,3764,1456,0.409961074590683
2173,3764,2260,0.40990474820137024
2174,3764,2636,0.4098956882953644
2175,3764,2556,0.4098726511001587
2176,3764,2512,0.40979331731796265
2177,3764,3175,0.40979278087615967
2178,3764,140,0.40975672006607056
2179,3764,5832,0.40971675515174866
2180,3764,1741,0.40968969464302063
2181,3764,1947,0.4096772372722626
2182,3764,1465,0.4095325767993927
2183,3764,2105,0.4094315469264984
2184,3764,963,0.409403532743454
2185,3764,3505,0.4093708097934723
2186,3764,840,0.40933722257614136
2187,3764,2161,0.4092710614204407
2188,3764,2330,0.4092555344104767
2189,3764,4201,0.4092435836791992
2190,3764,4818,0.4091744124889374
2191,3764,3061,0.40916213393211365
2192,3764,5605,0.40910565853118896
2193,3764,6383,0.4091048538684845
2194,3764,1056,0.409074068069458
2195,3764,5816,0.4090036153793335
2196,3764,3187,0.4089929461479187
2197,3764,5991,0.4088195860385895
2198,3764,838,0.4088013768196106
2199,3764,1286,0.4087831676006317
2200,3764,2553,0.408647358417511
2201,3764,4761,0.4086340069770813
2202,3764,1794,0.4086225926876068
2203,3764,3611,0.4086042642593384
2204,3764,4267,0.4085398316383362
2205,3764,34,0.4084911048412323
2206,3764,5985,0.4084709882736206
2207,3764,65,0.4084622859954834
2208,3764,2748,0.40844324231147766
2209,3764,2973,0.4084266722202301
2210,3764,4712,0.40841037034988403
2211,3764,1479,0.4084043502807617
2212,3764,1036,0.40824225544929504
2213,3764,146,0.4082276523113251
2214,3764,5563,0.4082166850566864
2215,3764,1429,0.4082125127315521
2216,3764,6132,0.40820351243019104
2217,3764,4554,0.4081679880619049
2218,3764,443,0.4081679582595825
2219,3764,2417,0.40816670656204224
2220,3764,6155,0.40815621614456177
2221,3764,2220,0.4080882668495178
2222,3764,2117,0.4080882668495178
2223,3764,1146,0.4080430269241333
2224,3764,1123,0.40801382064819336
2225,3764,2744,0.407884806394577
2226,3764,1952,0.40783631801605225
2227,3764,5971,0.4078214168548584
2228,3764,5989,0.4078170955181122
2229,3764,447,0.4077647626399994
2230,3764,4910,0.4077335298061371
2231,3764,6123,0.4077208638191223
2232,3764,1526,0.4077080488204956
2233,3764,4121,0.4074891209602356
2234,3764,1899,0.40746450424194336
2235,3764,2137,0.4074608385562897
2236,3764,4639,0.40742844343185425
2237,3764,1356,0.40740543603897095
2238,3764,3170,0.4073469936847687
2239,3764,3591,0.40734466910362244
2240,3764,3182,0.4073374271392822
2241,3764,3479,0.4073309302330017
2242,3764,3524,0.4073287844657898
2243,3764,3869,0.4073128402233124
2244,3764,3821,0.4073128402233124
2245,3764,591,0.40726467967033386
2246,3764,1101,0.4072549641132355
2247,3764,182,0.4072495996952057
2248,3764,6160,0.4072123169898987
2249,3764,2763,0.4072120487689972
2250,3764,3028,0.40720319747924805
2251,3764,3500,0.40716245770454407
2252,3764,2669,0.4071066379547119
2253,3764,3648,0.40697363018989563
2254,3764,4563,0.40696269273757935
2255,3764,2872,0.4069529175758362
2256,3764,2756,0.406904935836792
2257,3764,5997,0.4069001376628876
2258,3764,2817,0.4068865180015564
2259,3764,1973,0.4068692922592163
2260,3764,314,0.40682488679885864
2261,3764,1377,0.40675315260887146
2262,3764,61,0.40673089027404785
2263,3764,2713,0.40671873092651367
2264,3764,4568,0.4066929519176483
2265,3764,1977,0.4066811501979828
2266,3764,3089,0.40652140974998474
2267,3764,2772,0.4064730405807495
2268,3764,436,0.40646201372146606
2269,3764,3547,0.40644046664237976
2270,3764,2403,0.4064396023750305
2271,3764,3296,0.406424343585968
2272,3764,5395,0.406386137008667
2273,3764,3350,0.4063647389411926
2274,3764,2777,0.4063456058502197
2275,3764,1350,0.4063405990600586
2276,3764,1320,0.4063405990600586
2277,3764,726,0.40630394220352173
2278,3764,4022,0.4062823951244354
2279,3764,2037,0.4062526822090149
2280,3764,6148,0.40622979402542114
2281,3764,2563,0.40610000491142273
2282,3764,2169,0.40608057379722595
2283,3764,3676,0.40606454014778137
2284,3764,3721,0.4060561954975128
2285,3764,64,0.4060089886188507
2286,3764,1018,0.40597954392433167
2287,3764,3090,0.4059655964374542
2288,3764,4747,0.4059641361236572
2289,3764,1011,0.40596237778663635
2290,3764,3606,0.40595269203186035
2291,3764,4150,0.4059177339076996
2292,3764,2564,0.4058980643749237
2293,3764,2886,0.4057675898075104
2294,3764,4546,0.4057569205760956
2295,3764,5867,0.4056885242462158
2296,3764,4224,0.40565401315689087
2297,3764,1993,0.4056459367275238
2298,3764,3461,0.4056321978569031
2299,3764,2487,0.40555673837661743
2300,3764,4259,0.40550851821899414
2301,3764,1736,0.4055018723011017
2302,3764,1808,0.40548011660575867
2303,3764,2299,0.4054787755012512
2304,3764,5447,0.4054378271102905
2305,3764,2653,0.40541231632232666
2306,3764,1554,0.40537431836128235
2307,3764,4866,0.40532201528549194
2308,3764,460,0.4053109884262085
2309,3764,1132,0.4053058624267578
2310,3764,946,0.40520215034484863
2311,3764,6311,0.40520042181015015
2312,3764,500,0.4051975905895233
2313,3764,5639,0.4051709771156311
2314,3764,1656,0.40515220165252686
2315,3764,2808,0.40514901280403137
2316,3764,641,0.4050138592720032
2317,3764,4467,0.40498247742652893
2318,3764,6284,0.4049612581729889
2319,3764,5562,0.404954195022583
2320,3764,1969,0.40494152903556824
2321,3764,1907,0.40494024753570557
2322,3764,4532,0.40492144227027893
2323,3764,4117,0.40479254722595215
2324,3764,1374,0.4047850966453552
2325,3764,5451,0.40471822023391724
2326,3764,3575,0.40470805764198303
2327,3764,2733,0.40462884306907654
2328,3764,5023,0.4046153426170349
2329,3764,5369,0.4045971930027008
2330,3764,5425,0.4045884609222412
2331,3764,191,0.40457776188850403
2332,3764,1538,0.404561847448349
2333,3764,2338,0.4045379161834717
2334,3764,1957,0.404525488615036
2335,3764,6358,0.40447962284088135
2336,3764,76,0.40440648794174194
2337,3764,4034,0.4043958783149719
2338,3764,6423,0.40434908866882324
2339,3764,4508,0.40431109070777893
2340,3764,1724,0.40428048372268677
2341,3764,892,0.4042322635650635
2342,3764,255,0.4042266309261322
2343,3764,3088,0.404157429933548
2344,3764,1628,0.4041193127632141
2345,3764,746,0.404098778963089
2346,3764,4562,0.4040757417678833
2347,3764,1152,0.40407004952430725
2348,3764,4808,0.4040278196334839
2349,3764,3191,0.40402376651763916
2350,3764,5242,0.404010534286499
2351,3764,4576,0.4039621949195862
2352,3764,3133,0.4039596617221832
2353,3764,1327,0.4039385914802551
2354,3764,1471,0.40389931201934814
2355,3764,2029,0.403893381357193
2356,3764,2567,0.4038844704627991
2357,3764,5523,0.403852254152298
2358,3764,5607,0.4038487672805786
2359,3764,6404,0.403837651014328
2360,3764,1522,0.403789758682251
2361,3764,6025,0.4037283658981323
2362,3764,5803,0.4036921262741089
2363,3764,763,0.4036898910999298
2364,3764,2201,0.40368151664733887
2365,3764,347,0.40366441011428833
2366,3764,4621,0.40364184975624084
2367,3764,1830,0.40361353754997253
2368,3764,6382,0.40360939502716064
2369,3764,3843,0.40357616543769836
2370,3764,2885,0.40348878502845764
2371,3764,422,0.4034317135810852
2372,3764,4854,0.4034228026866913
2373,3764,1514,0.40339770913124084
2374,3764,6235,0.4033855199813843
2375,3764,5261,0.40337640047073364
2376,3764,5528,0.4033336341381073
2377,3764,5249,0.4032718539237976
2378,3764,4902,0.4032009243965149
2379,3764,829,0.40317967534065247
2380,3764,2972,0.40313446521759033
2381,3764,371,0.4031335711479187
2382,3764,6411,0.4031151533126831
2383,3764,96,0.40307965874671936
2384,3764,92,0.40306350588798523
2385,3764,2617,0.40302905440330505
2386,3764,6177,0.4029563069343567
2387,3764,3884,0.4029126465320587
2388,3764,3812,0.4029121398925781
2389,3764,5942,0.4029068052768707
2390,3764,4063,0.4028789699077606
2391,3764,5359,0.4028622508049011
2392,3764,5266,0.40281373262405396
2393,3764,3473,0.4028008282184601
2394,3764,4739,0.4027490019798279
2395,3764,667,0.4027467668056488
2396,3764,3297,0.402620404958725
2397,3764,3662,0.4025736153125763
2398,3764,1868,0.4025580883026123
2399,3764,2519,0.4025436043739319
2400,3764,1499,0.4025310277938843
2401,3764,279,0.4025214612483978
2402,3764,1160,0.4024970829486847
2403,3764,553,0.40242740511894226
2404,3764,2367,0.40240585803985596
2405,3764,2031,0.4023968279361725
2406,3764,5569,0.4023825526237488
2407,3764,1641,0.40233340859413147
2408,3764,2881,0.4023294150829315
2409,3764,31,0.40232616662979126
2410,3764,1340,0.4023236036300659
2411,3764,5804,0.4023205041885376
2412,3764,5681,0.4022573232650757
2413,3764,6026,0.40221840143203735
2414,3764,662,0.4022180438041687
2415,3764,5899,0.4022049605846405
2416,3764,2588,0.4021899700164795
2417,3764,3844,0.4021657109260559
2418,3764,5360,0.4020799696445465
2419,3764,2363,0.40190061926841736
2420,3764,1995,0.4018501937389374
2421,3764,956,0.4017830789089203
2422,3764,4454,0.40164846181869507
2423,3764,6157,0.40154674649238586
2424,3764,3860,0.40154358744621277
2425,3764,5864,0.4015396535396576
2426,3764,3487,0.40143895149230957
2427,3764,1192,0.4014134109020233
2428,3764,4051,0.40140724182128906
2429,3764,316,0.4013769328594208
2430,3764,2188,0.4013460874557495
2431,3764,5654,0.4013345241546631
2432,3764,4218,0.4012804627418518
2433,3764,5399,0.4012799859046936
2434,3764,5510,0.40098097920417786
2435,3764,4845,0.4009742736816406
2436,3764,2323,0.40096932649612427
2437,3764,4791,0.40096449851989746
2438,3764,238,0.4009479582309723
2439,3764,2626,0.4009281396865845
2440,3764,2219,0.40088045597076416
2441,3764,5413,0.40087053179740906
2442,3764,43,0.4008377492427826
2443,3764,643,0.40072187781333923
2444,3764,4628,0.4006127715110779
2445,3764,2812,0.4005800783634186
2446,3764,4001,0.40053504705429077
2447,3764,3667,0.40050721168518066
2448,3764,4276,0.40047040581703186
2449,3764,2548,0.4004630446434021
2450,3764,5141,0.4004473090171814
2451,3764,4619,0.40038424730300903
2452,3764,4296,0.4003393054008484
2453,3764,1882,0.4002680480480194
2454,3764,3491,0.40019160509109497
2455,3764,2300,0.4001742899417877
2456,3764,5169,0.4001430869102478
2457,3764,478,0.40008291602134705
2458,3764,5021,0.3999801278114319
2459,3764,157,0.3999637961387634
2460,3764,1232,0.3999630808830261
2461,3764,5056,0.39995771646499634
2462,3764,250,0.3998893201351166
2463,3764,5240,0.3998763859272003
2464,3764,3988,0.3997878134250641
2465,3764,6252,0.39965441823005676
2466,3764,5133,0.39965417981147766
2467,3764,1791,0.39961862564086914
2468,3764,1219,0.39960986375808716
2469,3764,4342,0.39959990978240967
2470,3764,4911,0.3995545208454132
2471,3764,1539,0.39954614639282227
2472,3764,1707,0.39950066804885864
2473,3764,3686,0.3994581401348114
2474,3764,5703,0.3994446396827698
2475,3764,5420,0.3994068503379822
2476,3764,2435,0.3993815779685974
2477,3764,3370,0.39931556582450867
2478,3764,1229,0.3992563486099243
2479,3764,1169,0.39925259351730347
2480,3764,1472,0.39924752712249756
2481,3764,5892,0.39918047189712524
2482,3764,3069,0.3991803824901581
2483,3764,5269,0.39915215969085693
2484,3764,5612,0.3991374373435974
2485,3764,5078,0.3991067409515381
2486,3764,1461,0.39910435676574707
2487,3764,390,0.39900434017181396
2488,3764,3679,0.3989914357662201
2489,3764,5865,0.39895516633987427
2490,3764,6249,0.3988906741142273
2491,3764,886,0.39887017011642456
2492,3764,3460,0.39884865283966064
2493,3764,5248,0.39882463216781616
2494,3764,6378,0.398792564868927
2495,3764,1651,0.39877936244010925
2496,3764,6387,0.39877796173095703
2497,3764,2160,0.3987772762775421
2498,3764,2555,0.3987407982349396
2499,3764,3670,0.39873597025871277
2500,3764,5059,0.3986507058143616
2501,3764,1624,0.39864546060562134
2502,3764,1787,0.3985976576805115
2503,3764,515,0.39858269691467285
2504,3764,2949,0.3985743224620819
2505,3764,1776,0.39856022596359253
2506,3764,4405,0.3985176980495453
2507,3764,3578,0.398515522480011
2508,3764,5272,0.3985068202018738
2509,3764,2139,0.3984772562980652
2510,3764,760,0.39842456579208374
2511,3764,6200,0.3984212279319763
2512,3764,5567,0.3983919024467468
2513,3764,2113,0.39834922552108765
2514,3764,5160,0.3982941210269928
2515,3764,4184,0.3982800841331482
2516,3764,931,0.3982459008693695
2517,3764,5450,0.3982136845588684
2518,3764,5025,0.3981580138206482
2519,3764,1922,0.3981550335884094
2520,3764,927,0.39814966917037964
2521,3764,3470,0.3981272578239441
2522,3764,5634,0.3981049954891205
2523,3764,5061,0.39793863892555237
2524,3764,4477,0.39790821075439453
2525,3764,3617,0.39790159463882446
2526,3764,3267,0.3978945016860962
2527,3764,4419,0.3978465497493744
2528,3764,190,0.3977621793746948
2529,3764,5758,0.39769431948661804
2530,3764,2717,0.39767226576805115
2531,3764,2116,0.39764443039894104
2532,3764,5006,0.3976128399372101
2533,3764,3396,0.39755913615226746
2534,3764,4994,0.39755725860595703
2535,3764,1235,0.39755475521087646
2536,3764,4112,0.39738500118255615
2537,3764,2446,0.39738303422927856
2538,3764,1006,0.3973490595817566
2539,3764,45,0.3973146378993988
2540,3764,423,0.39730167388916016
2541,3764,3378,0.3972478210926056
2542,3764,3484,0.39723148941993713
2543,3764,2495,0.3972006142139435
2544,3764,5178,0.3971833288669586
2545,3764,2274,0.39718228578567505
2546,3764,849,0.39716315269470215
2547,3764,3866,0.39714351296424866
2548,3764,3417,0.3971191644668579
2549,3764,3242,0.3971138596534729
2550,3764,5188,0.39710313081741333
2551,3764,3747,0.39707818627357483
2552,3764,3748,0.39706388115882874
2553,3764,1530,0.3970619738101959
2554,3764,3022,0.3970542252063751
2555,3764,2303,0.3970361649990082
2556,3764,3366,0.39702901244163513
2557,3764,4293,0.39695990085601807
2558,3764,2659,0.39695146679878235
2559,3764,4697,0.3969441056251526
2560,3764,2630,0.39693111181259155
2561,3764,2991,0.3969125747680664
2562,3764,1349,0.39691054821014404
2563,3764,1061,0.396909236907959
2564,3764,3025,0.3969050943851471
2565,3764,714,0.39689570665359497
2566,3764,5267,0.3968499004840851
2567,3764,4038,0.3967396318912506
2568,3764,6022,0.396727591753006
2569,3764,4608,0.39667201042175293
2570,3764,3608,0.39665335416793823
2571,3764,5212,0.39663180708885193
2572,3764,4706,0.3965926766395569
2573,3764,5491,0.39657285809516907
2574,3764,1816,0.3964764177799225
2575,3764,1575,0.39647114276885986
2576,3764,4113,0.39644140005111694
2577,3764,4073,0.3964148461818695
2578,3764,4538,0.39640316367149353
2579,3764,5406,0.39638251066207886
2580,3764,4666,0.3963685929775238
2581,3764,225,0.3963198959827423
2582,3764,3912,0.3962962031364441
2583,3764,1603,0.3962855339050293
2584,3764,3086,0.39621713757514954
2585,3764,870,0.3961249589920044
2586,3764,2364,0.3961217999458313
2587,3764,2839,0.3960460424423218
2588,3764,5710,0.3960264325141907
2589,3764,3497,0.39601802825927734
2590,3764,3570,0.3959892988204956
2591,3764,2121,0.39597904682159424
2592,3764,4366,0.39593973755836487
2593,3764,5604,0.39588281512260437
2594,3764,3312,0.39585214853286743
2595,3764,2284,0.3958238661289215
2596,3764,1489,0.3957919180393219
2597,3764,673,0.3957410156726837
2598,3764,5424,0.3957397937774658
2599,3764,2888,0.39565619826316833
2600,3764,2263,0.39564189314842224
2601,3764,3387,0.3956398069858551
2602,3764,919,0.3956008553504944
2603,3764,3299,0.3955899775028229
2604,3764,4474,0.3955729901790619
2605,3764,3083,0.39556506276130676
2606,3764,3668,0.39552798867225647
2607,3764,1543,0.39549291133880615
2608,3764,503,0.3953883945941925
2609,3764,2156,0.39537402987480164
2610,3764,6334,0.3953377902507782
2611,3764,3835,0.39527612924575806
2612,3764,2557,0.3952748775482178
2613,3764,5465,0.395272433757782
2614,3764,5525,0.3952278196811676
2615,3764,1478,0.3951077461242676
2616,3764,1485,0.39504092931747437
2617,3764,4048,0.3950270712375641
2618,3764,5048,0.39501461386680603
2619,3764,925,0.3950057327747345
2620,3764,5761,0.3949829339981079
2621,3764,4082,0.3949795663356781
2622,3764,3715,0.3949589431285858
2623,3764,2418,0.39495110511779785
2624,3764,5310,0.3949039876461029
2625,3764,3722,0.3948981761932373
2626,3764,514,0.3948691189289093
2627,3764,3026,0.3948599100112915
2628,3764,4889,0.394824355840683
2629,3764,3681,0.3948187530040741
2630,3764,4848,0.3948001265525818
2631,3764,72,0.3947412371635437
2632,3764,3389,0.3947237432003021
2633,3764,5594,0.39471814036369324
2634,3764,4935,0.39471742510795593
2635,3764,5306,0.3946727514266968
2636,3764,3580,0.39462921023368835
2637,3764,1723,0.39459604024887085
2638,3764,1832,0.3945726156234741
2639,3764,3367,0.3945695757865906
2640,3764,5915,0.39455676078796387
2641,3764,4586,0.39453861117362976
2642,3764,4421,0.3945228159427643
2643,3764,932,0.39451032876968384
2644,3764,2597,0.39450278878211975
2645,3764,2371,0.3944849967956543
2646,3764,5414,0.39445415139198303
2647,3764,1187,0.3944399952888489
2648,3764,3062,0.3944336473941803
2649,3764,4172,0.3943726718425751
2650,3764,1878,0.39432963728904724
2651,3764,446,0.39430761337280273
2652,3764,1068,0.3942434787750244
2653,3764,399,0.3942297101020813
2654,3764,5484,0.394197940826416
2655,3764,938,0.39419618248939514
2656,3764,2964,0.3941849172115326
2657,3764,2421,0.39416834712028503
2658,3764,5716,0.39414533972740173
2659,3764,4411,0.39408665895462036
2660,3764,6312,0.39401060342788696
2661,3764,5936,0.3939850628376007
2662,3764,2716,0.3939349353313446
2663,3764,2875,0.3939100205898285
2664,3764,6126,0.3938983976840973
2665,3764,4345,0.393883615732193
2666,3764,389,0.3938608169555664
2667,3764,4991,0.3938466012477875
2668,3764,77,0.39382269978523254
2669,3764,2130,0.3937981426715851
2670,3764,4878,0.393796443939209
2671,3764,5596,0.3937327563762665
2672,3764,4564,0.39372625946998596
2673,3764,4261,0.3937261998653412
2674,3764,1894,0.39368751645088196
2675,3764,343,0.3936402201652527
2676,3764,5676,0.39362984895706177
2677,3764,3481,0.39362502098083496
2678,3764,5526,0.3936193287372589
2679,3764,4235,0.39358076453208923
2680,3764,3030,0.3935490846633911
2681,3764,1927,0.39353835582733154
2682,3764,5734,0.3935251832008362
2683,3764,2984,0.3934917747974396
2684,3764,5128,0.3934720456600189
2685,3764,5407,0.39344796538352966
2686,3764,934,0.39340776205062866
2687,3764,686,0.39339932799339294
2688,3764,1041,0.39337149262428284
2689,3764,1990,0.39331066608428955
2690,3764,5041,0.3933033347129822
2691,3764,4552,0.393228143453598
2692,3764,3537,0.3931719660758972
2693,3764,23,0.3931269645690918
2694,3764,6192,0.39312034845352173
2695,3764,4519,0.393119215965271
2696,3764,3078,0.3930567502975464
2697,3764,1084,0.39305415749549866
2698,3764,623,0.3930203318595886
2699,3764,2815,0.39299488067626953
2700,3764,1425,0.3929906189441681
2701,3764,2726,0.39296063780784607
2702,3764,1826,0.392944872379303
2703,3764,4654,0.3929026424884796
2704,3764,5753,0.3928764760494232
2705,3764,6184,0.3928655982017517
2706,3764,5673,0.3928564786911011
2707,3764,4387,0.3928535580635071
2708,3764,2255,0.39285337924957275
2709,3764,4877,0.39279112219810486
2710,3764,3630,0.3927818238735199
2711,3764,55,0.39273637533187866
2712,3764,4417,0.39271360635757446
2713,3764,2989,0.39270612597465515
2714,3764,3238,0.3926638960838318
2715,3764,1506,0.392643541097641
2716,3764,145,0.3926239311695099
2717,3764,650,0.3925780653953552
2718,3764,4135,0.39256367087364197
2719,3764,2276,0.39255234599113464
2720,3764,396,0.3925442397594452
2721,3764,1585,0.392531156539917
2722,3764,6028,0.3925248384475708
2723,3764,3928,0.39252105355262756
2724,3764,4344,0.3924851417541504
2725,3764,2146,0.39248141646385193
2726,3764,5221,0.39245742559432983
2727,3764,3504,0.39243730902671814
2728,3764,3798,0.3924172818660736
2729,3764,5697,0.3924057185649872
2730,3764,5089,0.39238548278808594
2731,3764,178,0.39238452911376953
2732,3764,2622,0.3923633396625519
2733,3764,2140,0.3923555314540863
2734,3764,1725,0.3923391103744507
2735,3764,4683,0.39233821630477905
2736,3764,457,0.39224788546562195
2737,3764,1080,0.3922472596168518
2738,3764,4481,0.392159104347229
2739,3764,2426,0.39213016629219055
2740,3764,2749,0.3921099603176117
2741,3764,4714,0.3920404314994812
2742,3764,4309,0.3920331299304962
2743,3764,2837,0.39201852679252625
2744,3764,3601,0.39199957251548767
2745,3764,3260,0.3919733762741089
2746,3764,3917,0.3919667899608612
2747,3764,4495,0.39194950461387634
2748,3764,5843,0.39194220304489136
2749,3764,1088,0.39192408323287964
2750,3764,219,0.3919079303741455
2751,3764,4931,0.3919071555137634
2752,3764,1833,0.39188528060913086
2753,3764,163,0.3918021321296692
2754,3764,4102,0.3917965292930603
2755,3764,2847,0.391772985458374
2756,3764,2790,0.3917476534843445
2757,3764,5908,0.39174050092697144
2758,3764,4183,0.39173057675361633
2759,3764,3633,0.391699880361557
2760,3764,4289,0.3916754722595215
2761,3764,4885,0.39167532324790955
2762,3764,6222,0.39167192578315735
2763,3764,5524,0.3916388750076294
2764,3764,4157,0.39163854718208313
2765,3764,356,0.3916320502758026
2766,3764,3020,0.39161357283592224
2767,3764,5193,0.39158207178115845
2768,3764,5039,0.39156976342201233
2769,3764,5417,0.39153140783309937
2770,3764,5993,0.39152592420578003
2771,3764,4676,0.3915139138698578
2772,3764,5419,0.3914838433265686
2773,3764,3741,0.39148086309432983
2774,3764,4159,0.3914351165294647
2775,3764,2566,0.39138540625572205
2776,3764,5386,0.39138180017471313
2777,3764,1572,0.39135560393333435
2778,3764,78,0.3913390636444092
2779,3764,974,0.3913230299949646
2780,3764,4852,0.3911806643009186
2781,3764,5457,0.3911536931991577
2782,3764,6384,0.3910878300666809
2783,3764,4864,0.39098474383354187
2784,3764,3535,0.39096173644065857
2785,3764,4924,0.39095476269721985
2786,3764,803,0.39091137051582336
2787,3764,5955,0.3908667266368866
2788,3764,95,0.39083242416381836
2789,3764,5944,0.3908303678035736
2790,3764,4741,0.3908234238624573
2791,3764,54,0.3907856047153473
2792,3764,1197,0.390781044960022
2793,3764,4451,0.39077940583229065
2794,3764,5255,0.39072737097740173
2795,3764,2408,0.3907075524330139
2796,3764,3050,0.39070019125938416
2797,3764,4523,0.3906903564929962
2798,3764,4798,0.39068201184272766
2799,3764,6327,0.3906656801700592
2800,3764,2223,0.39065760374069214
2801,3764,3831,0.39062339067459106
2802,3764,1817,0.3905782103538513
2803,3764,3968,0.39051660895347595
2804,3764,5402,0.3905072510242462
2805,3764,476,0.39050689339637756
2806,3764,6040,0.39045900106430054
2807,3764,1252,0.3904075622558594
2808,3764,2124,0.39039158821105957
2809,3764,4751,0.39038532972335815
2810,3764,5038,0.3903570771217346
2811,3764,1611,0.39032453298568726
2812,3764,4607,0.39028990268707275
2813,3764,678,0.39028823375701904
2814,3764,3899,0.3902839720249176
2815,3764,4308,0.39027518033981323
2816,3764,2961,0.39020490646362305
2817,3764,2705,0.3901998996734619
2818,3764,3585,0.39017942547798157
2819,3764,2351,0.3901660144329071
2820,3764,5354,0.3901578485965729
2821,3764,3103,0.3901251256465912
2822,3764,4013,0.3901101052761078
2823,3764,5725,0.39006081223487854
2824,3764,4198,0.390060693025589
2825,3764,4832,0.39005210995674133
2826,3764,2990,0.39001667499542236
2827,3764,798,0.39001530408859253
2828,3764,1812,0.39000827074050903
2829,3764,3358,0.38998156785964966
2830,3764,969,0.38997966051101685
2831,3764,1679,0.3899480402469635
2832,3764,970,0.38992536067962646
2833,3764,393,0.38987550139427185
2834,3764,6069,0.3898662030696869
2835,3764,5870,0.38985365629196167
2836,3764,86,0.3897950351238251
2837,3764,3837,0.38978347182273865
2838,3764,848,0.38969430327415466
2839,3764,5485,0.3896940350532532
2840,3764,132,0.3896341323852539
2841,3764,5868,0.38962167501449585
2842,3764,2954,0.3895866572856903
2843,3764,129,0.3895840048789978
2844,3764,4074,0.38958337903022766
2845,3764,4518,0.3895552158355713
2846,3764,3964,0.38949230313301086
2847,3764,4357,0.38937824964523315
2848,3764,6051,0.3893745541572571
2849,3764,1268,0.38937345147132874
2850,3764,4472,0.3893723487854004
2851,3764,2096,0.38936489820480347
2852,3764,1716,0.38936248421669006
2853,3764,2873,0.38935235142707825
2854,3764,1385,0.3893468976020813
2855,3764,4480,0.3893401324748993
2856,3764,5274,0.38933902978897095
2857,3764,2810,0.38933512568473816
2858,3764,6145,0.3892878592014313
2859,3764,1669,0.3892723619937897
2860,3764,2533,0.3892374634742737
2861,3764,292,0.3892003893852234
2862,3764,6039,0.38919559121131897
2863,3764,1781,0.389184832572937
2864,3764,1390,0.38917168974876404
2865,3764,4887,0.38916492462158203
2866,3764,3439,0.3891337811946869
2867,3764,2412,0.38913264870643616
2868,3764,3615,0.38912320137023926
2869,3764,794,0.3891179859638214
2870,3764,684,0.38907334208488464
2871,3764,1033,0.3890225887298584
2872,3764,3693,0.3890020251274109
2873,3764,394,0.38899609446525574
2874,3764,5534,0.38898319005966187
2875,3764,2186,0.3887702524662018
2876,3764,4829,0.3887442350387573
2877,3764,4446,0.38869500160217285
2878,3764,512,0.38867416977882385
2879,3764,2999,0.3885854482650757
2880,3764,1880,0.3885504901409149
2881,3764,2107,0.3885504901409149
2882,3764,6166,0.38854843378067017
2883,3764,3712,0.388508141040802
2884,3764,2269,0.3884902596473694
2885,3764,1191,0.3882698118686676
2886,3764,416,0.388219952583313
2887,3764,2311,0.38819795846939087
2888,3764,4777,0.38817697763442993
2889,3764,5624,0.38814860582351685
2890,3764,6355,0.3881235122680664
2891,3764,3610,0.3880780339241028
2892,3764,5017,0.3880614936351776
2893,3764,5658,0.38801994919776917
2894,3764,2988,0.38801515102386475
2895,3764,1096,0.3879409730434418
2896,3764,3047,0.38793668150901794
2897,3764,961,0.3878800868988037
2898,3764,410,0.3878720998764038
2899,3764,5932,0.3877829313278198
2900,3764,5927,0.38776594400405884
2901,3764,3756,0.38771772384643555
2902,3764,3466,0.38771000504493713
2903,3764,6108,0.3877033293247223
2904,3764,1239,0.38767769932746887
2905,3764,1241,0.38767769932746887
2906,3764,3230,0.38765010237693787
2907,3764,4667,0.38763731718063354
2908,3764,597,0.387627512216568
2909,3764,2750,0.38758575916290283
2910,3764,3739,0.3875668942928314
2911,3764,3921,0.3874972462654114
2912,3764,5532,0.38742172718048096
2913,3764,804,0.38736918568611145
2914,3764,5659,0.387339323759079
2915,3764,2092,0.38727858662605286
2916,3764,2724,0.38726359605789185
2917,3764,1233,0.38725996017456055
2918,3764,2928,0.38725465536117554
2919,3764,5641,0.38725391030311584
2920,3764,2084,0.387239545583725
2921,3764,73,0.3871460258960724
2922,3764,1408,0.3870868384838104
2923,3764,1778,0.3870726525783539
2924,3764,1565,0.3870466649532318
2925,3764,922,0.3870373070240021
2926,3764,1629,0.38703325390815735
2927,3764,3064,0.38702690601348877
2928,3764,1601,0.3869980573654175
2929,3764,4717,0.3869723081588745
2930,3764,2374,0.38696637749671936
2931,3764,4775,0.386966347694397
2932,3764,5321,0.38694050908088684
2933,3764,1031,0.38693249225616455
2934,3764,2531,0.38691985607147217
2935,3764,1697,0.38691234588623047
2936,3764,1135,0.3869083523750305
2937,3764,2980,0.38686323165893555
2938,3764,5481,0.386857271194458
2939,3764,5886,0.3868386447429657
2940,3764,2809,0.3867991268634796
2941,3764,3333,0.38676896691322327
2942,3764,2317,0.38675692677497864
2943,3764,3794,0.3867483139038086
2944,3764,5769,0.38674211502075195
2945,3764,3673,0.3867384195327759
2946,3764,1063,0.38672009110450745
2947,3764,3502,0.38670966029167175
2948,3764,4920,0.38668522238731384
2949,3764,2619,0.3866283893585205
2950,3764,2560,0.3866119682788849
2951,3764,909,0.38652217388153076
2952,3764,2641,0.38651832938194275
2953,3764,3971,0.38648852705955505
2954,3764,4860,0.38647180795669556
2955,3764,3890,0.38645344972610474
2956,3764,2063,0.3864428400993347
2957,3764,3862,0.386400043964386
2958,3764,3391,0.3863893747329712
2959,3764,2782,0.386344313621521
2960,3764,3919,0.3862815201282501
2961,3764,2093,0.3862760663032532
2962,3764,3410,0.3862657845020294
2963,3764,5900,0.3862634599208832
2964,3764,4760,0.3862222135066986
2965,3764,3566,0.3861721456050873
2966,3764,220,0.38614827394485474
2967,3764,1365,0.38614174723625183
2968,3764,3785,0.3861410319805145
2969,3764,40,0.38611602783203125
2970,3764,5098,0.38608449697494507
2971,3764,361,0.3860178589820862
2972,3764,4449,0.3859289586544037
2973,3764,5788,0.3859286308288574
2974,3764,1592,0.38589638471603394
2975,3764,1831,0.3858921229839325
2976,3764,38,0.38588905334472656
2977,3764,4731,0.385842889547348
2978,3764,6406,0.3858281075954437
2979,3764,2467,0.3858238756656647
2980,3764,3639,0.38573265075683594
2981,3764,5084,0.38571351766586304
2982,3764,1415,0.3857071101665497
2983,3764,123,0.38565295934677124
2984,3764,3456,0.38563692569732666
2985,3764,1149,0.38560572266578674
2986,3764,2958,0.3855953514575958
2987,3764,6172,0.38557741045951843
2988,3764,2633,0.3855629563331604
2989,3764,1238,0.38547658920288086
2990,3764,1631,0.38546594977378845
2991,3764,1919,0.38541853427886963
2992,3764,3420,0.3853583335876465
2993,3764,5049,0.38523954153060913
2994,3764,4826,0.38523438572883606
2995,3764,5010,0.3851725161075592
2996,3764,5718,0.38508352637290955
2997,3764,6354,0.3850823938846588
2998,3764,5364,0.38506901264190674
2999,3764,2386,0.3850688338279724
3000,3764,25,0.38503116369247437
3001,3764,142,0.3849898874759674
3002,3764,1151,0.38492873311042786
3003,3764,3063,0.3849237561225891
3004,3764,3232,0.38490986824035645
3005,3764,5550,0.3849087059497833
3006,3764,1691,0.3849008083343506
3007,3764,3937,0.3848607838153839
3008,3764,722,0.38482001423835754
3009,3764,6361,0.3848027288913727
3010,3764,3587,0.3847864270210266
3011,3764,3036,0.38475391268730164
3012,3764,5259,0.3847217857837677
3013,3764,4906,0.3846699893474579
3014,3764,1453,0.38466212153434753
3015,3764,1125,0.3846472501754761
3016,3764,3249,0.38462457060813904
3017,3764,63,0.3846223056316376
3018,3764,5223,0.3846103847026825
3019,3764,2237,0.3845405578613281
3020,3764,2152,0.3845363259315491
3021,3764,455,0.38452309370040894
3022,3764,4455,0.38447049260139465
3023,3764,1086,0.3844600319862366
3024,3764,5257,0.3843805491924286
3025,3764,1092,0.38436490297317505
3026,3764,4901,0.384354829788208
3027,3764,4588,0.3843236267566681
3028,3764,2639,0.3843013644218445
3029,3764,1339,0.3843001425266266
3030,3764,1493,0.38427573442459106
3031,3764,3323,0.3842243552207947
3032,3764,85,0.38421693444252014
3033,3764,4960,0.3841673731803894
3034,3764,4613,0.38415029644966125
3035,3764,4900,0.38411733508110046
3036,3764,4779,0.3840169906616211
3037,3764,2166,0.3839924931526184
3038,3764,6121,0.38397708535194397
3039,3764,4433,0.38394248485565186
3040,3764,1798,0.3839291036128998
3041,3764,5925,0.38392800092697144
3042,3764,1035,0.3839277923107147
3043,3764,2769,0.3839225172996521
3044,3764,4811,0.38391339778900146
3045,3764,5713,0.38391104340553284
3046,3764,4801,0.38389503955841064
3047,3764,2309,0.38379260897636414
3048,3764,4680,0.3837800621986389
3049,3764,4299,0.38376185297966003
3050,3764,3127,0.38373684883117676
3051,3764,6376,0.38373273611068726
3052,3764,3352,0.38369086384773254
3053,3764,5001,0.3835512697696686
3054,3764,2883,0.3835340738296509
3055,3764,1037,0.383529931306839
3056,3764,4316,0.38350915908813477
3057,3764,2291,0.3834894299507141
3058,3764,880,0.3834770619869232
3059,3764,2829,0.3834562599658966
3060,3764,3790,0.38341182470321655
3061,3764,125,0.38340702652931213
3062,3764,3053,0.38337981700897217
3063,3764,5496,0.3833748996257782
3064,3764,2089,0.38334229588508606
3065,3764,330,0.38329118490219116
3066,3764,6042,0.3832884430885315
3067,3764,3431,0.38328179717063904
3068,3764,429,0.3832473158836365
3069,3764,4907,0.3832366168498993
3070,3764,2858,0.38322049379348755
3071,3764,2120,0.38322019577026367
3072,3764,2422,0.3832099735736847
3073,3764,381,0.3831653594970703
3074,3764,2628,0.383081316947937
3075,3764,764,0.38301825523376465
3076,3764,2652,0.38298022747039795
3077,3764,3688,0.38295236229896545
3078,3764,1996,0.3828861117362976
3079,3764,3451,0.38287389278411865
3080,3764,4738,0.38286036252975464
3081,3764,4566,0.38280317187309265
3082,3764,1625,0.38279369473457336
3083,3764,5219,0.3827619254589081
3084,3764,4010,0.38273048400878906
3085,3764,5653,0.38269320130348206
3086,3764,3532,0.38267433643341064
3087,3764,372,0.3826278746128082
3088,3764,417,0.3825766444206238
3089,3764,2950,0.382539838552475
3090,3764,1925,0.38252055644989014
3091,3764,2909,0.3825061023235321
3092,3764,1116,0.38248950242996216
3093,3764,5363,0.3824726939201355
3094,3764,4515,0.38246867060661316
3095,3764,1660,0.3824453353881836
3096,3764,5856,0.38244080543518066
3097,3764,3262,0.38235193490982056
3098,3764,4940,0.3823392391204834
3099,3764,2654,0.3822529911994934
3100,3764,3836,0.3822097182273865
3101,3764,4284,0.38219118118286133
3102,3764,2761,0.38217103481292725
3103,3764,2147,0.3821348547935486
3104,3764,4971,0.382125586271286
3105,3764,4134,0.3820895850658417
3106,3764,5513,0.3820526897907257
3107,3764,4694,0.3820456266403198
3108,3764,3079,0.38204100728034973
3109,3764,885,0.38202813267707825
3110,3764,2369,0.38201040029525757
3111,3764,1545,0.3819916844367981
3112,3764,3933,0.38197383284568787
3113,3764,5122,0.3819589912891388
3114,3764,778,0.38194984197616577
3115,3764,2731,0.3819095194339752
3116,3764,21,0.38190385699272156
3117,3764,2570,0.3818688690662384
3118,3764,4977,0.381822794675827
3119,3764,5411,0.38179460167884827
3120,3764,3340,0.38168251514434814
3121,3764,4930,0.381636381149292
3122,3764,2755,0.38160571455955505
3123,3764,525,0.3816019594669342
3124,3764,1604,0.3815845847129822
3125,3764,1871,0.3815458118915558
3126,3764,3413,0.38151413202285767
3127,3764,4807,0.3815007507801056
3128,3764,4120,0.3814938962459564
3129,3764,1392,0.3814689815044403
3130,3764,1706,0.3813645839691162
3131,3764,2345,0.3813537657260895
3132,3764,3045,0.3813478946685791
3133,3764,2328,0.38133135437965393
3134,3764,413,0.38132280111312866
3135,3764,1137,0.3812936842441559
3136,3764,1525,0.38129156827926636
3137,3764,1495,0.38127967715263367
3138,3764,1002,0.3812708556652069
3139,3764,4376,0.38126370310783386
3140,3764,4750,0.3812443017959595
3141,3764,1959,0.38120362162590027
3142,3764,6191,0.3812001645565033
3143,3764,4923,0.38119661808013916
3144,3764,1134,0.3811705410480499
3145,3764,1147,0.38114485144615173
3146,3764,1782,0.3810941278934479
3147,3764,2204,0.3810432255268097
3148,3764,622,0.3809789717197418
3149,3764,3786,0.38095802068710327
3150,3764,3872,0.38094913959503174
3151,3764,1702,0.3808830678462982
3152,3764,5110,0.38080894947052
3153,3764,5065,0.38076990842819214
3154,3764,1364,0.3807255029678345
3155,3764,4710,0.3807067573070526
3156,3764,5687,0.3806881010532379
3157,3764,5074,0.38066887855529785
3158,3764,6065,0.38062527775764465
3159,3764,4385,0.38061290979385376
3160,3764,1548,0.3805862367153168
3161,3764,3761,0.38054195046424866
3162,3764,1383,0.38051271438598633
3163,3764,912,0.3804793953895569
3164,3764,612,0.38045525550842285
3165,3764,2694,0.38043785095214844
3166,3764,5350,0.38040634989738464
3167,3764,3142,0.3803689479827881
3168,3764,3158,0.3803609311580658
3169,3764,501,0.38033685088157654
3170,3764,1167,0.3803318738937378
3171,3764,4880,0.3803316652774811
3172,3764,6251,0.3803248703479767
3173,3764,3543,0.3802841305732727
3174,3764,1073,0.3802618384361267
3175,3764,3518,0.3801601529121399
3176,3764,2701,0.3801456391811371
3177,3764,5964,0.38011476397514343
3178,3764,2308,0.3801071047782898
3179,3764,3586,0.38008758425712585
3180,3764,3229,0.38007688522338867
3181,3764,3181,0.3800179958343506
3182,3764,761,0.3799568712711334
3183,3764,4208,0.37994351983070374
3184,3764,957,0.3799316883087158
3185,3764,6307,0.3799190819263458
3186,3764,2625,0.3798926770687103
3187,3764,5977,0.37985825538635254
3188,3764,437,0.37985795736312866
3189,3764,4968,0.3798494338989258
3190,3764,4358,0.37979981303215027
3191,3764,4759,0.3797878324985504
3192,3764,4128,0.3797250986099243
3193,3764,6164,0.3796619176864624
3194,3764,2637,0.3796263337135315
3195,3764,4579,0.3796081840991974
3196,3764,2295,0.3795985281467438
3197,3764,3735,0.3795252740383148
3198,3764,4090,0.3794777989387512
3199,3764,513,0.37946584820747375
3200,3764,5751,0.37941113114356995
3201,3764,1581,0.37938469648361206
3202,3764,896,0.3793696463108063
3203,3764,1944,0.37936851382255554
3204,3764,5928,0.37933626770973206
3205,3764,2606,0.37929999828338623
3206,3764,5342,0.379281610250473
3207,3764,4091,0.379281222820282
3208,3764,3292,0.3792782723903656
3209,3764,4634,0.3792571425437927
3210,3764,158,0.37925153970718384
3211,3764,3713,0.3792385756969452
3212,3764,3021,0.3792262077331543
3213,3764,5162,0.37919890880584717
3214,3764,4646,0.37909653782844543
3215,3764,891,0.3790764808654785
3216,3764,1849,0.3790386915206909
3217,3764,2006,0.3790386915206909
3218,3764,1861,0.3790375590324402
3219,3764,583,0.37902674078941345
3220,3764,4896,0.37900230288505554
3221,3764,3397,0.3789915442466736
3222,3764,1888,0.37898221611976624
3223,3764,5850,0.378917932510376
3224,3764,2884,0.37886834144592285
3225,3764,3130,0.3788595497608185
3226,3764,4181,0.37883812189102173
3227,3764,1598,0.37872427701950073
3228,3764,401,0.3786954879760742
3229,3764,4122,0.3786790668964386
3230,3764,2565,0.3786782920360565
3231,3764,1863,0.3786540627479553
3232,3764,3291,0.3785744905471802
3233,3764,1171,0.37856510281562805
3234,3764,1173,0.378490149974823
3235,3764,185,0.378457248210907
3236,3764,326,0.3784448802471161
3237,3764,3799,0.378426730632782
3238,3764,4766,0.37842094898223877
3239,3764,4659,0.3784163296222687
3240,3764,3236,0.37837350368499756
3241,3764,3767,0.37835949659347534
3242,3764,1509,0.37832528352737427
3243,3764,2419,0.3782549500465393
3244,3764,2976,0.3782513737678528
3245,3764,3976,0.37824416160583496
3246,3764,4065,0.3782344162464142
3247,3764,5846,0.37817245721817017
3248,3764,1275,0.3780750036239624
3249,3764,4812,0.3780362904071808
3250,3764,6044,0.3780342638492584
3251,3764,4334,0.3780319094657898
3252,3764,4436,0.3780227303504944
3253,3764,5668,0.3780127763748169
3254,3764,5268,0.3780052959918976
3255,3764,5165,0.3780035972595215
3256,3764,5175,0.37800082564353943
3257,3764,2672,0.37796640396118164
3258,3764,1183,0.37786340713500977
3259,3764,5807,0.37785598635673523
3260,3764,1913,0.37785300612449646
3261,3764,2466,0.377824991941452
3262,3764,2461,0.3778173327445984
3263,3764,5587,0.37775662541389465
3264,3764,1756,0.37773460149765015
3265,3764,1873,0.37763550877571106
3266,3764,349,0.37763139605522156
3267,3764,3341,0.37762999534606934
3268,3764,4045,0.37760603427886963
3269,3764,2907,0.37758201360702515
3270,3764,30,0.3775132894515991
3271,3764,2967,0.37749481201171875
3272,3764,6204,0.37748974561691284
3273,3764,5157,0.37748098373413086
3274,3764,6079,0.3774702847003937
3275,3764,4079,0.3774096965789795
3276,3764,1769,0.37739598751068115
3277,3764,5362,0.3773704171180725
3278,3764,3632,0.37736281752586365
3279,3764,3942,0.3773505389690399
3280,3764,2362,0.3773457109928131
3281,3764,1903,0.37732577323913574
3282,3764,4719,0.3772985339164734
3283,3764,3758,0.37718918919563293
3284,3764,2936,0.3771289587020874
3285,3764,4702,0.37709641456604004
3286,3764,2734,0.37705564498901367
3287,3764,6034,0.3770386874675751
3288,3764,4492,0.3770197331905365
3289,3764,4314,0.37701427936553955
3290,3764,1531,0.3769867420196533
3291,3764,1805,0.37693387269973755
3292,3764,951,0.37692248821258545
3293,3764,1215,0.3769168555736542
3294,3764,1523,0.3768762946128845
3295,3764,3486,0.37680932879447937
3296,3764,2258,0.3767038583755493
3297,3764,5290,0.3766915500164032
3298,3764,4283,0.3766533136367798
3299,3764,3239,0.3766472339630127
3300,3764,6216,0.37664321064949036
3301,3764,3365,0.37659627199172974
3302,3764,4922,0.3765924274921417
3303,3764,2293,0.37658679485321045
3304,3764,3816,0.37657344341278076
3305,3764,2552,0.37653037905693054
3306,3764,4816,0.37652522325515747
3307,3764,4192,0.37651869654655457
3308,3764,5487,0.37648046016693115
3309,3764,3192,0.37647631764411926
3310,3764,3519,0.37646082043647766
3311,3764,3135,0.37640145421028137
3312,3764,1905,0.376361608505249
3313,3764,5345,0.3763558864593506
3314,3764,1082,0.376350075006485
3315,3764,6014,0.3763141930103302
3316,3764,3637,0.37630704045295715
3317,3764,1277,0.3762907087802887
3318,3764,3577,0.37627696990966797
3319,3764,1521,0.3762556314468384
3320,3764,4505,0.3762478530406952
3321,3764,4388,0.3762269616127014
3322,3764,6381,0.3762160837650299
3323,3764,4865,0.3761410117149353
3324,3764,1204,0.3761395215988159
3325,3764,11,0.3761335611343384
3326,3764,366,0.37610429525375366
3327,3764,134,0.3760404586791992
3328,3764,5083,0.3760293424129486
3329,3764,4947,0.3760235905647278
3330,3764,5637,0.37598514556884766
3331,3764,2783,0.37596261501312256
3332,3764,1027,0.3759344518184662
3333,3764,2674,0.3759008049964905
3334,3764,3494,0.37586772441864014
3335,3764,4322,0.3758004307746887
3336,3764,1518,0.37579864263534546
3337,3764,2157,0.3757956326007843
3338,3764,2975,0.375770628452301
3339,3764,5209,0.3757466673851013
3340,3764,4670,0.3757181465625763
3341,3764,491,0.37570980191230774
3342,3764,2793,0.37566474080085754
3343,3764,5415,0.3756617605686188
3344,3764,386,0.37565743923187256
3345,3764,4917,0.37565287947654724
3346,3764,676,0.3756503760814667
3347,3764,3818,0.3754257559776306
3348,3764,5530,0.37540555000305176
3349,3764,1066,0.3754017949104309
3350,3764,4620,0.37538760900497437
3351,3764,5174,0.3753295838832855
3352,3764,2176,0.3752810060977936
3353,3764,1659,0.37525999546051025
3354,3764,2525,0.37518686056137085
3355,3764,2315,0.3751744031906128
3356,3764,4794,0.3750620186328888
3357,3764,5328,0.37505996227264404
3358,3764,4389,0.37505805492401123
3359,3764,1956,0.3750426471233368
3360,3764,1642,0.3750346004962921
3361,3764,4238,0.37501293420791626
3362,3764,2650,0.3749866187572479
3363,3764,3708,0.37496766448020935
3364,3764,5960,0.3749285042285919
3365,3764,5391,0.37490788102149963
3366,3764,4380,0.3748827874660492
3367,3764,5058,0.37484967708587646
3368,3764,6286,0.3747585415840149
3369,3764,2171,0.3747272789478302
3370,3764,6010,0.3747064471244812
3371,3764,319,0.37469783425331116
3372,3764,3542,0.3746599555015564
3373,3764,2770,0.3746408224105835
3374,3764,5309,0.3746388852596283
3375,3764,4023,0.3746270537376404
3376,3764,3760,0.37457355856895447
3377,3764,2549,0.3745338022708893
3378,3764,2522,0.3744037449359894
3379,3764,4476,0.37437188625335693
3380,3764,3248,0.3743518590927124
3381,3764,51,0.37431496381759644
3382,3764,5088,0.3743099272251129
3383,3764,4574,0.37428364157676697
3384,3764,5044,0.37428170442581177
3385,3764,5699,0.374258816242218
3386,3764,6258,0.37410426139831543
3387,3764,3982,0.37410372495651245
3388,3764,1345,0.37407463788986206
3389,3764,5069,0.3739470839500427
3390,3764,4100,0.37390652298927307
3391,3764,973,0.37390372157096863
3392,3764,1557,0.3738853633403778
3393,3764,1469,0.3738570511341095
3394,3764,450,0.3738243877887726
3395,3764,4746,0.37379661202430725
3396,3764,6229,0.3737831115722656
3397,3764,1181,0.37376120686531067
3398,3764,6083,0.3737220764160156
3399,3764,4985,0.3736597001552582
3400,3764,6275,0.37364068627357483
3401,3764,5373,0.3736237585544586
3402,3764,1591,0.37361299991607666
3403,3764,4925,0.37359941005706787
3404,3764,3273,0.3735746741294861
3405,3764,2238,0.3735062777996063
3406,3764,183,0.3734542727470398
3407,3764,6127,0.3734479248523712
3408,3764,4585,0.3734462559223175
3409,3764,2456,0.37343060970306396
3410,3764,6035,0.37340739369392395
3411,3764,2535,0.3732839524745941
3412,3764,1297,0.3732315003871918
3413,3764,887,0.3731728494167328
3414,3764,3904,0.37315449118614197
3415,3764,2510,0.3730272352695465
3416,3764,2212,0.3730272352695465
3417,3764,978,0.3730233311653137
3418,3764,2436,0.3729771673679352
3419,3764,5244,0.37293070554733276
3420,3764,5095,0.37286850810050964
3421,3764,3004,0.3728376030921936
3422,3764,5034,0.3728337287902832
3423,3764,4521,0.3728307783603668
3424,3764,4662,0.3727751672267914
3425,3764,4190,0.37267592549324036
3426,3764,336,0.3726603090763092
3427,3764,4288,0.3726574778556824
3428,3764,3160,0.3726479113101959
3429,3764,5233,0.3726084232330322
3430,3764,79,0.37259674072265625
3431,3764,3960,0.37259408831596375
3432,3764,4512,0.37257084250450134
3433,3764,3023,0.3725682497024536
3434,3764,1657,0.3725024461746216
3435,3764,1021,0.3724971115589142
3436,3764,119,0.3724953830242157
3437,3764,5000,0.37245622277259827
3438,3764,4948,0.37243807315826416
3439,3764,1774,0.3724224269390106
3440,3764,5368,0.37239915132522583
3441,3764,24,0.3723314106464386
3442,3764,5099,0.37229442596435547
3443,3764,5330,0.3722851276397705
3444,3764,6343,0.37227508425712585
3445,3764,3863,0.37220898270606995
3446,3764,585,0.3721995949745178
3447,3764,1767,0.37217557430267334
3448,3764,4503,0.37216177582740784
3449,3764,2614,0.37214332818984985
3450,3764,4244,0.37211164832115173
3451,3764,2585,0.3720961809158325
3452,3764,1933,0.3720853924751282
3453,3764,3058,0.37208497524261475
3454,3764,5187,0.37207478284835815
3455,3764,2679,0.372074693441391
3456,3764,506,0.3720526695251465
3457,3764,3796,0.37203383445739746
3458,3764,3371,0.37200111150741577
3459,3764,359,0.37196898460388184
3460,3764,4530,0.37187767028808594
3461,3764,2336,0.3718545436859131
3462,3764,4435,0.3718131482601166
3463,3764,712,0.37178167700767517
3464,3764,2742,0.3717557489871979
3465,3764,5256,0.3717465400695801
3466,3764,5075,0.37173300981521606
3467,3764,5615,0.37172824144363403
3468,3764,730,0.37167903780937195
3469,3764,1206,0.3716651201248169
3470,3764,4715,0.37165743112564087
3471,3764,1331,0.37163046002388
3472,3764,3690,0.3716076910495758
3473,3764,3442,0.37153589725494385
3474,3764,3313,0.37153589725494385
3475,3764,1083,0.37148886919021606
3476,3764,4939,0.37143176794052124
3477,3764,1164,0.37141481041908264
3478,3764,3005,0.371406227350235
3479,3764,4602,0.3714004456996918
3480,3764,3145,0.37136131525039673
3481,3764,507,0.37134695053100586
3482,3764,897,0.3712869882583618
3483,3764,2624,0.37127888202667236
3484,3764,1649,0.3712480068206787
3485,3764,3206,0.3712140917778015
3486,3764,3306,0.37119433283805847
3487,3764,4806,0.3711847960948944
3488,3764,3565,0.37111133337020874
3489,3764,668,0.37110549211502075
3490,3764,4969,0.37109172344207764
3491,3764,1270,0.37109050154685974
3492,3764,6371,0.3709941804409027
3493,3764,4236,0.37098366022109985
3494,3764,3344,0.3709746301174164
3495,3764,2765,0.37095561623573303
3496,3764,5005,0.370941698551178
3497,3764,481,0.37093597650527954
3498,3764,3433,0.3709212839603424
3499,3764,1476,0.37083321809768677
3500,3764,4302,0.3708168864250183
3501,3764,3375,0.3707677721977234
3502,3764,2325,0.37076494097709656
3503,3764,5467,0.37075701355934143
3504,3764,2479,0.3707430958747864
3505,3764,1745,0.370724081993103
3506,3764,1359,0.3706837594509125
3507,3764,5137,0.3706272542476654
3508,3764,6300,0.37059828639030457
3509,3764,4774,0.3704960346221924
3510,3764,987,0.37048426270484924
3511,3764,5288,0.3704606294631958
3512,3764,3072,0.3704598844051361
3513,3764,117,0.37044253945350647
3514,3764,1985,0.37042438983917236
3515,3764,383,0.3703779876232147
3516,3764,3096,0.37033408880233765
3517,3764,2779,0.37021657824516296
3518,3764,4999,0.3701799809932709
3519,3764,1196,0.3701545298099518
3520,3764,2658,0.3700374364852905
3521,3764,1945,0.3700186610221863
3522,3764,2792,0.3699067234992981
3523,3764,2836,0.3698868751525879
3524,3764,4954,0.36987191438674927
3525,3764,5979,0.3698178827762604
3526,3764,5982,0.36976486444473267
3527,3764,4745,0.3697548508644104
3528,3764,2000,0.36975178122520447
3529,3764,3290,0.36974629759788513
3530,3764,2141,0.3696869909763336
3531,3764,464,0.36968329548835754
3532,3764,5258,0.3696643114089966
3533,3764,508,0.3696451783180237
3534,3764,2546,0.3696352243423462
3535,3764,392,0.3695973753929138
3536,3764,4185,0.36959704756736755
3537,3764,3842,0.36950042843818665
3538,3764,976,0.3694833517074585
3539,3764,4153,0.36944255232810974
3540,3764,3122,0.36943891644477844
3541,3764,4424,0.36939558386802673
3542,3764,2110,0.36938318610191345
3543,3764,1375,0.36937642097473145
3544,3764,3552,0.36937323212623596
3545,3764,3488,0.3693353831768036
3546,3764,2405,0.369321346282959
3547,3764,2059,0.3692668676376343
3548,3764,5166,0.36926499009132385
3549,3764,5135,0.36920133233070374
3550,3764,2242,0.3691897690296173
3551,3764,3885,0.36915016174316406
3552,3764,5717,0.3691439628601074
3553,3764,1131,0.3690739572048187
3554,3764,4347,0.3690267503261566
3555,3764,2387,0.36901307106018066
3556,3764,2697,0.36900830268859863
3557,3764,3112,0.36900389194488525
3558,3764,70,0.368987500667572
3559,3764,1568,0.368983656167984
3560,3764,1906,0.3689245581626892
3561,3764,2020,0.36887750029563904
3562,3764,3405,0.368856817483902
3563,3764,1089,0.3688500225543976
3564,3764,2275,0.36882713437080383
3565,3764,1484,0.3687806725502014
3566,3764,2741,0.36872124671936035
3567,3764,1663,0.3687116205692291
3568,3764,1404,0.3687010407447815
3569,3764,1434,0.3686760663986206
3570,3764,2067,0.3686067759990692
3571,3764,992,0.368605375289917
3572,3764,2718,0.36859142780303955
3573,3764,518,0.36856406927108765
3574,3764,2594,0.3685605525970459
3575,3764,2281,0.3684774339199066
3576,3764,6167,0.3684671223163605
3577,3764,4206,0.368399053812027
3578,3764,3568,0.3683963119983673
3579,3764,4440,0.36835625767707825
3580,3764,2682,0.3682363033294678
3581,3764,3740,0.3682205379009247
3582,3764,3624,0.36818253993988037
3583,3764,1414,0.36816200613975525
3584,3764,1205,0.3681126534938812
3585,3764,5511,0.3680640459060669
3586,3764,4726,0.36803990602493286
3587,3764,1441,0.3680057227611542
3588,3764,1237,0.36799588799476624
3589,3764,1190,0.36799588799476624
3590,3764,4788,0.3679889738559723
3591,3764,5433,0.36794981360435486
3592,3764,4689,0.36794477701187134
3593,3764,4644,0.36792704463005066
3594,3764,4618,0.36788907647132874
3595,3764,2329,0.3678187429904938
3596,3764,972,0.36781322956085205
3597,3764,5826,0.36777549982070923
3598,3764,2483,0.36777544021606445
3599,3764,2509,0.3677603304386139
3600,3764,4488,0.3677408993244171
3601,3764,1494,0.36765918135643005
3602,3764,2583,0.36764925718307495
3603,3764,4230,0.36764147877693176
3604,3764,1987,0.36762431263923645
3605,3764,5077,0.3676058053970337
3606,3764,5739,0.36758556962013245
3607,3764,3980,0.36755990982055664
3608,3764,4462,0.36753469705581665
3609,3764,4315,0.3675321936607361
3610,3764,3184,0.3674233853816986
3611,3764,5957,0.36740919947624207
3612,3764,1087,0.3673946261405945
3613,3764,5469,0.3673883080482483
3614,3764,6260,0.3672954738140106
3615,3764,187,0.36728495359420776
3616,3764,679,0.3672722578048706
3617,3764,2611,0.3672494888305664
3618,3764,2695,0.36723411083221436
3619,3764,5848,0.36721667647361755
3620,3764,6170,0.367205947637558
3621,3764,4092,0.3671882450580597
3622,3764,4180,0.3671778440475464
3623,3764,3990,0.3671685755252838
3624,3764,4749,0.36715182662010193
3625,3764,1732,0.3671382963657379
3626,3764,1780,0.36701300740242004
3627,3764,2131,0.3669956624507904
3628,3764,5582,0.36694976687431335
3629,3764,5895,0.3668651580810547
3630,3764,4353,0.3668377101421356
3631,3764,4778,0.366799533367157
3632,3764,3538,0.3667428195476532
3633,3764,1634,0.3666841983795166
3634,3764,418,0.3666716516017914
3635,3764,2827,0.3666183352470398
3636,3764,1607,0.3665688931941986
3637,3764,734,0.36656883358955383
3638,3764,2508,0.366524875164032
3639,3764,5130,0.36636584997177124
3640,3764,4799,0.3662659823894501
3641,3764,4904,0.36625343561172485
3642,3764,1107,0.36624130606651306
3643,3764,3492,0.36614835262298584
3644,3764,1223,0.3661141097545624
3645,3764,3388,0.36611226201057434
3646,3764,2098,0.3660975992679596
3647,3764,1156,0.3660505414009094
3648,3764,1029,0.36594200134277344
3649,3764,4876,0.36593949794769287
3650,3764,6351,0.36593276262283325
3651,3764,2014,0.3658519685268402
3652,3764,3132,0.3658273220062256
3653,3764,3909,0.36581432819366455
3654,3764,275,0.36581310629844666
3655,3764,3581,0.3657688498497009
3656,3764,4661,0.3657647967338562
3657,3764,6280,0.3656429052352905
3658,3764,5263,0.36563169956207275
3659,3764,1477,0.36557236313819885
3660,3764,3150,0.3655395805835724
3661,3764,2684,0.36545276641845703
3662,3764,873,0.36541086435317993
3663,3764,2655,0.3653468191623688
3664,3764,4514,0.3653237521648407
3665,3764,5495,0.365187406539917
3666,3764,2580,0.36513909697532654
3667,3764,3014,0.3651123344898224
3668,3764,5139,0.3650273382663727
3669,3764,3424,0.3650164008140564
3670,3764,1883,0.36497488617897034
3671,3764,3934,0.36496585607528687
3672,3764,6092,0.36492496728897095
3673,3764,4559,0.3649158179759979
3674,3764,353,0.3648877441883087
3675,3764,2855,0.36488234996795654
3676,3764,3019,0.364879310131073
3677,3764,2681,0.36486828327178955
3678,3764,1773,0.36482179164886475
3679,3764,6208,0.364760160446167
3680,3764,1054,0.3647560179233551
3681,3764,4019,0.36470338702201843
3682,3764,1361,0.36467182636260986
3683,3764,4895,0.36463162302970886
3684,3764,2226,0.3645789325237274
3685,3764,857,0.364529550075531
3686,3764,2416,0.36439716815948486
3687,3764,538,0.3643668591976166
3688,3764,2473,0.3643389344215393
3689,3764,3385,0.3643128275871277
3690,3764,2344,0.3643089830875397
3691,3764,2215,0.36429429054260254
3692,3764,1915,0.36429309844970703
3693,3764,5341,0.364280104637146
3694,3764,6201,0.3642737567424774
3695,3764,4698,0.36425817012786865
3696,3764,3266,0.36422044038772583
3697,3764,4988,0.3641892373561859
3698,3764,488,0.3641496002674103
3699,3764,5204,0.3639999032020569
3700,3764,4743,0.36397090554237366
3701,3764,2267,0.36393991112709045
3702,3764,1983,0.3639359474182129
3703,3764,4997,0.363922655582428
3704,3764,3074,0.36387020349502563
3705,3764,2002,0.3638317584991455
3706,3764,1062,0.3637349605560303
3707,3764,6193,0.36368581652641296
3708,3764,1202,0.36368265748023987
3709,3764,3318,0.36363452672958374
3710,3764,4175,0.3635995090007782
3711,3764,222,0.36357006430625916
3712,3764,6175,0.36356842517852783
3713,3764,32,0.36353403329849243
3714,3764,937,0.36352309584617615
3715,3764,5382,0.36350181698799133
3716,3764,2675,0.36350083351135254
3717,3764,3771,0.36348164081573486
3718,3764,3353,0.36344146728515625
3719,3764,3697,0.3634074032306671
3720,3764,604,0.36332541704177856
3721,3764,911,0.3633047342300415
3722,3764,1220,0.36329367756843567
3723,3764,4772,0.36327049136161804
3724,3764,301,0.3632219433784485
3725,3764,5794,0.3632006347179413
3726,3764,4573,0.36318984627723694
3727,3764,1842,0.3631812632083893
3728,3764,2017,0.3631354868412018
3729,3764,1528,0.36311280727386475
3730,3764,253,0.36310166120529175
3731,3764,4870,0.3630636930465698
3732,3764,2202,0.3630411624908447
3733,3764,2153,0.3630383610725403
3734,3764,2047,0.3630181849002838
3735,3764,530,0.36301684379577637
3736,3764,2474,0.36301445960998535
3737,3764,5107,0.3630127012729645
3738,3764,705,0.36299392580986023
3739,3764,1450,0.362973153591156
3740,3764,5981,0.36293163895606995
3741,3764,6197,0.3629259467124939
3742,3764,1161,0.3629065752029419
3743,3764,2620,0.36288756132125854
3744,3764,3789,0.3628779947757721
3745,3764,3197,0.3628772795200348
3746,3764,9,0.3628179430961609
3747,3764,6062,0.36281129717826843
3748,3764,3327,0.36276310682296753
3749,3764,2288,0.3627423048019409
3750,3764,4642,0.3627306818962097
3751,3764,5327,0.3626519739627838
3752,3764,1786,0.3626001179218292
3753,3764,4770,0.36257368326187134
3754,3764,5197,0.36252471804618835
3755,3764,340,0.3625033497810364
3756,3764,1435,0.36246153712272644
3757,3764,12,0.3624345362186432
3758,3764,2180,0.3623989522457123
3759,3764,2747,0.3623582422733307
3760,3764,2004,0.36234039068222046
3761,3764,709,0.3623218834400177
3762,3764,1749,0.36231541633605957
3763,3764,4339,0.36227503418922424
3764,3764,1698,0.3622682988643646
3765,3764,4767,0.36219003796577454
3766,3764,1234,0.36218494176864624
3767,3764,4484,0.3621804416179657
3768,3764,4570,0.36213767528533936
3769,3764,1177,0.3621275722980499
3770,3764,1719,0.362109512090683
3771,3764,4058,0.3621019721031189
3772,3764,2350,0.36209604144096375
3773,3764,3129,0.36207306385040283
3774,3764,3216,0.36206427216529846
3775,3764,1265,0.36205849051475525
3776,3764,636,0.3620481789112091
3777,3764,335,0.36198168992996216
3778,3764,1269,0.361928254365921
3779,3764,6119,0.36185649037361145
3780,3764,4724,0.36183756589889526
3781,3764,1300,0.3618243932723999
3782,3764,1859,0.36173033714294434
3783,3764,1315,0.36171501874923706
3784,3764,1793,0.36165714263916016
3785,3764,3743,0.36163151264190674
3786,3764,1273,0.36162737011909485
3787,3764,2730,0.3616054952144623
3788,3764,3880,0.3615972101688385
3789,3764,748,0.361550509929657
3790,3764,1155,0.3615094721317291
3791,3764,5608,0.3615013360977173
3792,3764,3905,0.36148637533187866
3793,3764,3716,0.36147618293762207
3794,3764,1904,0.36146774888038635
3795,3764,4016,0.3614146411418915
3796,3764,5502,0.3613947331905365
3797,3764,4483,0.36136481165885925
3798,3764,4072,0.3613632321357727
3799,3764,2008,0.36134931445121765
3800,3764,3714,0.3613452613353729
3801,3764,1227,0.3613404631614685
3802,3764,3169,0.3613397777080536
3803,3764,1500,0.3613113462924957
3804,3764,1718,0.3612998425960541
3805,3764,6180,0.3612765073776245
3806,3764,1289,0.361200213432312
3807,3764,3981,0.36117684841156006
3808,3764,2177,0.36116519570350647
3809,3764,1961,0.36116519570350647
3810,3764,2368,0.3611583113670349
3811,3764,4124,0.3611537516117096
3812,3764,5551,0.3611428439617157
3813,3764,4330,0.36110877990722656
3814,3764,5614,0.3610871732234955
3815,3764,4460,0.36104002594947815
3816,3764,5480,0.360962450504303
3817,3764,3137,0.360945463180542
3818,3764,4615,0.36093848943710327
3819,3764,3463,0.36092090606689453
3820,3764,1085,0.360872358083725
3821,3764,1048,0.3608592748641968
3822,3764,5737,0.36084845662117004
3823,3764,4998,0.3608400821685791
3824,3764,1379,0.36081060767173767
3825,3764,1122,0.3607848584651947
3826,3764,584,0.36064574122428894
3827,3764,2683,0.3606127202510834
3828,3764,4231,0.36060336232185364
3829,3764,5632,0.3605823218822479
3830,3764,5177,0.3605463206768036
3831,3764,5774,0.3605368435382843
3832,3764,3621,0.3605268895626068
3833,3764,3696,0.3605106770992279
3834,3764,4220,0.360485702753067
3835,3764,1734,0.36042457818984985
3836,3764,3875,0.36041539907455444
3837,3764,1520,0.360383003950119
3838,3764,285,0.3603513538837433
3839,3764,1256,0.36032992601394653
3840,3764,3723,0.3603070080280304
3841,3764,1418,0.36027804017066956
3842,3764,2584,0.36023423075675964
3843,3764,3622,0.36021924018859863
3844,3764,1188,0.360177606344223
3845,3764,1516,0.3601555824279785
3846,3764,876,0.36012718081474304
3847,3764,1412,0.3601118326187134
3848,3764,3959,0.3600960373878479
3849,3764,6147,0.3600914180278778
3850,3764,5728,0.36005738377571106
3851,3764,2423,0.3600485324859619
3852,3764,5051,0.3600337505340576
3853,3764,5385,0.36002522706985474
3854,3764,1954,0.3600183427333832
3855,3764,2187,0.36001473665237427
3856,3764,1502,0.36000683903694153
3857,3764,3114,0.3599533140659332
3858,3764,1460,0.35993048548698425
3859,3764,5435,0.3598785996437073
3860,3764,4247,0.3598400056362152
3861,3764,4215,0.3597835600376129
3862,3764,669,0.35977625846862793
3863,3764,4066,0.35973578691482544
3864,3764,1704,0.359735369682312
3865,3764,2112,0.3597259223461151
3866,3764,3627,0.35962289571762085
3867,3764,2745,0.35961976647377014
3868,3764,1761,0.35961776971817017
3869,3764,1766,0.3595837950706482
3870,3764,4941,0.3595784902572632
3871,3764,5392,0.35957658290863037
3872,3764,440,0.3595118522644043
3873,3764,1860,0.3594757914543152
3874,3764,3549,0.35947421193122864
3875,3764,4197,0.35946041345596313
3876,3764,5114,0.35939088463783264
3877,3764,1271,0.35937780141830444
3878,3764,3162,0.3593444526195526
3879,3764,6131,0.35934218764305115
3880,3764,1222,0.3593224585056305
3881,3764,772,0.3592929542064667
3882,3764,4127,0.3592924475669861
3883,3764,4248,0.3592588007450104
3884,3764,2001,0.3592575490474701
3885,3764,419,0.35923829674720764
3886,3764,4348,0.35918450355529785
3887,3764,490,0.359146386384964
3888,3764,2099,0.35911715030670166
3889,3764,3856,0.3590860068798065
3890,3764,1566,0.3590213656425476
3891,3764,1005,0.35900190472602844
3892,3764,3339,0.3589772880077362
3893,3764,776,0.35897037386894226
3894,3764,661,0.35896003246307373
3895,3764,3454,0.3589280843734741
3896,3764,4111,0.35892727971076965
3897,3764,1637,0.35890254378318787
3898,3764,1452,0.3588995337486267
3899,3764,1017,0.35889172554016113
3900,3764,5882,0.3588901162147522
3901,3764,3546,0.3588155508041382
3902,3764,6392,0.35880163311958313
3903,3764,4372,0.35879525542259216
3904,3764,2852,0.3587355315685272
3905,3764,1078,0.3587270975112915
3906,3764,4572,0.3587072789669037
3907,3764,3769,0.3586826026439667
3908,3764,2562,0.3585847318172455
3909,3764,2678,0.3585801124572754
3910,3764,5251,0.35852158069610596
3911,3764,3506,0.3584761917591095
3912,3764,4728,0.35847076773643494
3913,3764,3007,0.3584633469581604
3914,3764,4368,0.35840389132499695
3915,3764,6344,0.3583778738975525
3916,3764,6331,0.3583342730998993
3917,3764,2341,0.35830965638160706
3918,3764,1627,0.35829049348831177
3919,3764,3049,0.3582700192928314
3920,3764,5518,0.358158141374588
3921,3764,3744,0.35814234614372253
3922,3764,1060,0.358123779296875
3923,3764,2640,0.3580942451953888
3924,3764,4597,0.3580564558506012
3925,3764,5422,0.3580291271209717
3926,3764,2425,0.3579632639884949
3927,3764,3661,0.3579586446285248
3928,3764,1363,0.35794496536254883
3929,3764,834,0.3578912019729614
3930,3764,3682,0.35786598920822144
3931,3764,5975,0.3577956557273865
3932,3764,6090,0.3577202260494232
3933,3764,4426,0.3577064573764801
3934,3764,5096,0.35770243406295776
3935,3764,3280,0.35770079493522644
3936,3764,1113,0.35764002799987793
3937,3764,3101,0.35753631591796875
3938,3764,5893,0.357512503862381
3939,3764,1409,0.3575058579444885
3940,3764,5180,0.3574084937572479
3941,3764,71,0.3573870360851288
3942,3764,527,0.3573601245880127
3943,3764,1163,0.3573561906814575
3944,3764,6076,0.35733190178871155
3945,3764,5445,0.35732948780059814
3946,3764,6095,0.35732612013816833
3947,3764,3881,0.35730627179145813
3948,3764,181,0.35729333758354187
3949,3764,1964,0.357236385345459
3950,3764,2514,0.3572308123111725
3951,3764,3134,0.357230544090271
3952,3764,5907,0.3572046756744385
3953,3764,477,0.3571969270706177
3954,3764,675,0.3571682274341583
3955,3764,3908,0.3571590483188629
3956,3764,1170,0.35710281133651733
3957,3764,5013,0.35708317160606384
3958,3764,4294,0.3570452630519867
3959,3764,708,0.35693228244781494
3960,3764,5377,0.3569193482398987
3961,3764,5235,0.3568977117538452
3962,3764,1312,0.3568636476993561
3963,3764,5917,0.3568548858165741
3964,3764,1057,0.3568499982357025
3965,3764,4363,0.35679948329925537
3966,3764,5877,0.35679489374160767
3967,3764,3286,0.3567599058151245
3968,3764,5650,0.3567429482936859
3969,3764,3522,0.35673192143440247
3970,3764,3902,0.3567221760749817
3971,3764,4214,0.3566824495792389
3972,3764,2598,0.35666653513908386
3973,3764,3710,0.3566574454307556
3974,3764,5980,0.3566204607486725
3975,3764,6302,0.35661354660987854
3976,3764,5820,0.3565990924835205
3977,3764,5968,0.3565880060195923
3978,3764,5617,0.35657432675361633
3979,3764,5889,0.356540322303772
3980,3764,3469,0.3565356433391571
3981,3764,3382,0.3564757704734802
3982,3764,625,0.35647478699684143
3983,3764,831,0.35647231340408325
3984,3764,5840,0.3564608693122864
3985,3764,5101,0.3564361035823822
3986,3764,3001,0.35642653703689575
3987,3764,4056,0.35640209913253784
3988,3764,4479,0.35634517669677734
3989,3764,4430,0.35633790493011475
3990,3764,5262,0.3563205301761627
3991,3764,4754,0.35631072521209717
3992,3764,2935,0.3563099801540375
3993,3764,1228,0.35628631711006165
3994,3764,1189,0.35628631711006165
3995,3764,984,0.35625192523002625
3996,3764,5214,0.35614457726478577
3997,3764,5225,0.3561137616634369
3998,3764,2411,0.35605430603027344
3999,3764,5669,0.35603174567222595
4000,3764,1186,0.35597625374794006
4001,3764,4961,0.3559522032737732
4002,3764,3891,0.3559127151966095
4003,3764,5914,0.35583582520484924
4004,3764,310,0.35579293966293335
4005,3764,2663,0.3557858169078827
4006,3764,6130,0.35574501752853394
4007,3764,3106,0.35569900274276733
4008,3764,124,0.3556768000125885
4009,3764,4017,0.355657160282135
4010,3764,1067,0.35564565658569336
4011,3764,2409,0.3555939197540283
4012,3764,233,0.3555830419063568
4013,3764,3268,0.3555540442466736
4014,3764,615,0.35549694299697876
4015,3764,3643,0.355464369058609
4016,3764,46,0.3554229438304901
4017,3764,1276,0.3554185926914215
4018,3764,4630,0.35539957880973816
4019,3764,1285,0.35539400577545166
4020,3764,5477,0.35538390278816223
4021,3764,3057,0.35536855459213257
4022,3764,3407,0.3553592562675476
4023,3764,3154,0.35533708333969116
4024,3764,5779,0.35532164573669434
4025,3764,720,0.35531479120254517
4026,3764,4457,0.35526636242866516
4027,3764,5227,0.35522210597991943
4028,3764,5119,0.355175644159317
4029,3764,2222,0.3551183342933655
4030,3764,480,0.3550962507724762
4031,3764,2692,0.35502806305885315
4032,3764,3369,0.35500359535217285
4033,3764,5294,0.3549770414829254
4034,3764,3691,0.3549484610557556
4035,3764,5655,0.35493364930152893
4036,3764,2834,0.35492533445358276
4037,3764,2414,0.35491591691970825
4038,3764,2969,0.35489198565483093
4039,3764,6056,0.35486966371536255
4040,3764,4982,0.35475441813468933
4041,3764,5851,0.3547385334968567
4042,3764,1908,0.3547072410583496
4043,3764,4193,0.3546956479549408
4044,3764,3588,0.35466086864471436
4045,3764,2377,0.354653000831604
4046,3764,3910,0.35465002059936523
4047,3764,2572,0.3546231687068939
4048,3764,3374,0.3546171486377716
4049,3764,4025,0.35458025336265564
4050,3764,3294,0.35453811287879944
4051,3764,5431,0.3545365631580353
4052,3764,5663,0.35439810156822205
4053,3764,4418,0.35439613461494446
4054,3764,6101,0.3543626368045807
4055,3764,295,0.35434362292289734
4056,3764,5143,0.3542732000350952
4057,3764,3071,0.3542163372039795
4058,3764,6347,0.354209303855896
4059,3764,6241,0.35420098900794983
4060,3764,4255,0.35419565439224243
4061,3764,6304,0.3541680872440338
4062,3764,850,0.35415884852409363
4063,3764,3480,0.3541204035282135
4064,3764,4295,0.35411807894706726
4065,3764,1795,0.3539849817752838
4066,3764,1921,0.35397323966026306
4067,3764,1158,0.35396435856819153
4068,3764,2582,0.3539614677429199
4069,3764,5134,0.3539442718029022
4070,3764,6268,0.35390505194664
4071,3764,1184,0.35390031337738037
4072,3764,2071,0.35389775037765503
4073,3764,5976,0.35388097167015076
4074,3764,4312,0.3538656532764435
4075,3764,767,0.35385680198669434
4076,3764,3822,0.353851854801178
4077,3764,2635,0.35384640097618103
4078,3764,3196,0.353806734085083
4079,3764,4139,0.35377824306488037
4080,3764,3893,0.3537702262401581
4081,3764,701,0.3537379503250122
4082,3764,4227,0.3537233769893646
4083,3764,3383,0.353721559047699
4084,3764,3677,0.3535696268081665
4085,3764,589,0.3535003364086151
4086,3764,954,0.3534553647041321
4087,3764,4679,0.3534467816352844
4088,3764,3889,0.35343673825263977
4089,3764,4884,0.3534304201602936
4090,3764,2854,0.3533892035484314
4091,3764,1655,0.35338759422302246
4092,3764,126,0.3532886505126953
4093,3764,5811,0.353280246257782
4094,3764,1612,0.3532164394855499
4095,3764,100,0.3532123565673828
4096,3764,1789,0.3532094955444336
4097,3764,6004,0.3531346023082733
4098,3764,554,0.35310477018356323
4099,3764,5163,0.3531019985675812
4100,3764,1004,0.353074848651886
4101,3764,3623,0.3530682325363159
4102,3764,1726,0.3530386984348297
4103,3764,3446,0.35302048921585083
4104,3764,4502,0.35295569896698
4105,3764,6237,0.3529250919818878
4106,3764,2721,0.3529239594936371
4107,3764,3322,0.35290780663490295
4108,3764,3317,0.3528677225112915
4109,3764,505,0.3528655469417572
4110,3764,3316,0.3528045415878296
4111,3764,3634,0.35279208421707153
4112,3764,3932,0.3527891933917999
4113,3764,3701,0.352788507938385
4114,3764,1200,0.35268697142601013
4115,3764,5388,0.3526640236377716
4116,3764,810,0.35264337062835693
4117,3764,3357,0.3526385426521301
4118,3764,6291,0.35259702801704407
4119,3764,6324,0.3525446057319641
4120,3764,4713,0.35253122448921204
4121,3764,3727,0.3525241017341614
4122,3764,203,0.35236793756484985
4123,3764,6400,0.35230526328086853
4124,3764,3395,0.3522930443286896
4125,3764,4265,0.352265328168869
4126,3764,2022,0.352249413728714
4127,3764,3838,0.3522435128688812
4128,3764,5213,0.35218819975852966
4129,3764,3850,0.3521055579185486
4130,3764,652,0.35210350155830383
4131,3764,5479,0.3520645499229431
4132,3764,1653,0.3520573377609253
4133,3764,355,0.35203537344932556
4134,3764,5516,0.3520253002643585
4135,3764,6399,0.35198187828063965
4136,3764,224,0.3519788980484009
4137,3764,5370,0.35196730494499207
4138,3764,2696,0.35190334916114807
4139,3764,3728,0.3518494665622711
4140,3764,5441,0.3518295884132385
4141,3764,1419,0.3518260419368744
4142,3764,3436,0.3517959713935852
4143,3764,4129,0.35177433490753174
4144,3764,4463,0.3517668843269348
4145,3764,594,0.35175973176956177
4146,3764,2638,0.3516508936882019
4147,3764,2899,0.35160520672798157
4148,3764,2134,0.35159218311309814
4149,3764,3346,0.35157036781311035
4150,3764,4752,0.351442813873291
4151,3764,3462,0.3514283299446106
4152,3764,4693,0.3514222800731659
4153,3764,3360,0.35141611099243164
4154,3764,5666,0.3514103889465332
4155,3764,3033,0.3514065742492676
4156,3764,4658,0.35138317942619324
4157,3764,5033,0.3513553738594055
4158,3764,5322,0.35133346915245056
4159,3764,6266,0.35126233100891113
4160,3764,3065,0.35122326016426086
4161,3764,989,0.35118773579597473
4162,3764,4861,0.35111579298973083
4163,3764,3345,0.35111504793167114
4164,3764,136,0.3511069118976593
4165,3764,2449,0.35106927156448364
4166,3764,2055,0.35106685757637024
4167,3764,58,0.35101333260536194
4168,3764,6379,0.351005882024765
4169,3764,2632,0.3509944677352905
4170,3764,1410,0.35090240836143494
4171,3764,5783,0.350869745016098
4172,3764,5844,0.3508688807487488
4173,3764,657,0.35082900524139404
4174,3764,4625,0.35078030824661255
4175,3764,1427,0.35076525807380676
4176,3764,3855,0.3507359027862549
4177,3764,3614,0.35072457790374756
4178,3764,3978,0.35070207715034485
4179,3764,1174,0.35069283843040466
4180,3764,6409,0.35066893696784973
4181,3764,1632,0.35065770149230957
4182,3764,2926,0.3506157696247101
4183,3764,548,0.3506058156490326
4184,3764,1858,0.35054269433021545
4185,3764,1157,0.3504970967769623
4186,3764,3965,0.3504857122898102
4187,3764,5405,0.3504441976547241
4188,3764,2135,0.3504278361797333
4189,3764,1211,0.3504221737384796
4190,3764,148,0.35040992498397827
4191,3764,1451,0.3504098057746887
4192,3764,2977,0.35039713978767395
4193,3764,1306,0.35038062930107117
4194,3764,1310,0.35036784410476685
4195,3764,3118,0.3503595292568207
4196,3764,3419,0.35030120611190796
4197,3764,5028,0.3502562642097473
4198,3764,3620,0.35010257363319397
4199,3764,2365,0.35009634494781494
4200,3764,1735,0.35005685687065125
4201,3764,3325,0.3500530421733856
4202,3764,2795,0.34997043013572693
4203,3764,2661,0.34996306896209717
4204,3764,609,0.3499594032764435
4205,3764,952,0.3499569892883301
4206,3764,248,0.3499548137187958
4207,3764,1475,0.34992343187332153
4208,3764,3107,0.34976911544799805
4209,3764,3301,0.34973666071891785
4210,3764,3189,0.3497205674648285
4211,3764,1574,0.34966352581977844
4212,3764,81,0.34960561990737915
4213,3764,3256,0.3496035933494568
4214,3764,5202,0.34955286979675293
4215,3764,2307,0.3495507538318634
4216,3764,3416,0.3494648337364197
4217,3764,3448,0.34944650530815125
4218,3764,4422,0.34943974018096924
4219,3764,918,0.34941670298576355
4220,3764,2066,0.34940633177757263
4221,3764,1388,0.34934744238853455
4222,3764,5140,0.34929949045181274
4223,3764,4493,0.3492949306964874
4224,3764,4040,0.3492686450481415
4225,3764,2897,0.34926387667655945
4226,3764,1986,0.3492576479911804
4227,3764,408,0.3492421507835388
4228,3764,3548,0.34922754764556885
4229,3764,2596,0.34921708703041077
4230,3764,5015,0.34921368956565857
4231,3764,2286,0.3491646945476532
4232,3764,1045,0.3491188883781433
4233,3764,1069,0.34911367297172546
4234,3764,2857,0.34909313917160034
4235,3764,6346,0.3490660488605499
4236,3764,4335,0.3490137457847595
4237,3764,3689,0.3488578796386719
4238,3764,1569,0.3488483428955078
4239,3764,1715,0.3488089442253113
4240,3764,2960,0.3487946689128876
4241,3764,4886,0.3487207591533661
4242,3764,350,0.34868669509887695
4243,3764,3986,0.34865275025367737
4244,3764,3898,0.34861916303634644
4245,3764,765,0.3486182689666748
4246,3764,4014,0.348588228225708
4247,3764,3906,0.3485276699066162
4248,3764,1680,0.3485243320465088
4249,3764,323,0.3484756648540497
4250,3764,3415,0.34847491979599
4251,3764,5829,0.34845805168151855
4252,3764,3806,0.3484480679035187
4253,3764,2996,0.3484366238117218
4254,3764,153,0.3483825623989105
4255,3764,1176,0.3483785092830658
4256,3764,1553,0.3483663499355316
4257,3764,4611,0.34835758805274963
4258,3764,3255,0.348346084356308
4259,3764,3183,0.348276287317276
4260,3764,3703,0.3482407033443451
4261,3764,320,0.3482285737991333
4262,3764,1336,0.34819453954696655
4263,3764,373,0.34813910722732544
4264,3764,4237,0.348129540681839
4265,3764,4297,0.34810009598731995
4266,3764,3753,0.3480294644832611
4267,3764,5468,0.34798356890678406
4268,3764,3892,0.34797346591949463
4269,3764,5951,0.3479730784893036
4270,3764,3067,0.34794139862060547
4271,3764,2715,0.34793487191200256
4272,3764,3403,0.3479238450527191
4273,3764,4355,0.34788134694099426
4274,3764,5750,0.34787917137145996
4275,3764,206,0.34786537289619446
4276,3764,2227,0.3478470742702484
4277,3764,5132,0.3478424549102783
4278,3764,2662,0.3478413224220276
4279,3764,953,0.3478361964225769
4280,3764,3245,0.34783196449279785
4281,3764,2592,0.34781157970428467
4282,3764,3590,0.34775158762931824
4283,3764,3172,0.34770676493644714
4284,3764,3784,0.34770268201828003
4285,3764,3861,0.3476419150829315
4286,3764,4703,0.3476070165634155
4287,3764,655,0.3476061224937439
4288,3764,5618,0.3475963771343231
4289,3764,818,0.34753644466400146
4290,3764,1026,0.34748774766921997
4291,3764,2728,0.34748202562332153
4292,3764,1731,0.3474765121936798
4293,3764,688,0.3474382758140564
4294,3764,2571,0.34743210673332214
4295,3764,3009,0.34737738966941833
4296,3764,5093,0.3473619222640991
4297,3764,6149,0.3473491072654724
4298,3764,188,0.3473294973373413
4299,3764,3724,0.3473130762577057
4300,3764,3829,0.3473079800605774
4301,3764,2952,0.34728917479515076
4302,3764,4980,0.3472595810890198
4303,3764,5940,0.34725382924079895
4304,3764,176,0.3472455143928528
4305,3764,6247,0.3471878468990326
4306,3764,4233,0.34712740778923035
4307,3764,5253,0.3470899164676666
4308,3764,575,0.3470877408981323
4309,3764,966,0.34707731008529663
4310,3764,2251,0.3470323979854584
4311,3764,487,0.34700125455856323
4312,3764,3418,0.3469889760017395
4313,3764,1266,0.3469364047050476
4314,3764,3185,0.34691962599754333
4315,3764,3730,0.34691086411476135
4316,3764,1703,0.3469041585922241
4317,3764,5896,0.346903532743454
4318,3764,91,0.3469017744064331
4319,3764,5430,0.3468910753726959
4320,3764,2677,0.3468596935272217
4321,3764,5232,0.3467855155467987
4322,3764,398,0.346750408411026
4323,3764,1848,0.34670987725257874
4324,3764,4723,0.34663981199264526
4325,3764,1431,0.34663426876068115
4326,3764,3595,0.34663012623786926
4327,3764,6088,0.34662148356437683
4328,3764,2573,0.3466099202632904
4329,3764,3393,0.34655600786209106
4330,3764,3832,0.346548855304718
4331,3764,1023,0.3464803993701935
4332,3764,463,0.34646114706993103
4333,3764,883,0.34644848108291626
4334,3764,5476,0.3464304804801941
4335,3764,5196,0.34639719128608704
4336,3764,2700,0.3463971018791199
4337,3764,5164,0.34639450907707214
4338,3764,1371,0.34637513756752014
4339,3764,1159,0.34630775451660156
4340,3764,4089,0.34623977541923523
4341,3764,3830,0.3461900055408478
4342,3764,2231,0.34618380665779114
4343,3764,3738,0.3461623191833496
4344,3764,4524,0.3461320400238037
4345,3764,5064,0.3460078835487366
4346,3764,5768,0.34598684310913086
4347,3764,5384,0.34596413373947144
4348,3764,3124,0.3459511399269104
4349,3764,6194,0.3459436595439911
4350,3764,1710,0.3459251821041107
4351,3764,3411,0.34576699137687683
4352,3764,1643,0.34576407074928284
4353,3764,3384,0.3457329571247101
4354,3764,533,0.34571757912635803
4355,3764,461,0.3456379175186157
4356,3764,1810,0.3456161320209503
4357,3764,4591,0.34561336040496826
4358,3764,1695,0.3455585241317749
4359,3764,2488,0.34548982977867126
4360,3764,5125,0.34545961022377014
4361,3764,2547,0.34544429183006287
4362,3764,3913,0.3453693687915802
4363,3764,2144,0.3453666567802429
4364,3764,2759,0.34534791111946106
4365,3764,1890,0.3452601730823517
4366,3764,4959,0.34525927901268005
4367,3764,3210,0.3452572822570801
4368,3764,3029,0.34523114562034607
4369,3764,1836,0.3451516330242157
4370,3764,2840,0.3451368808746338
4371,3764,5149,0.3451223373413086
4372,3764,3253,0.3450986444950104
4373,3764,5201,0.3450790345668793
4374,3764,1571,0.34504690766334534
4375,3764,1090,0.34501710534095764
4376,3764,6187,0.34499114751815796
4377,3764,5667,0.34498509764671326
4378,3764,3779,0.3449653685092926
4379,3764,4043,0.34494325518608093
4380,3764,4535,0.3449181616306305
4381,3764,3042,0.34482163190841675
4382,3764,5167,0.34480908513069153
4383,3764,2685,0.34475380182266235
4384,3764,2280,0.34472891688346863
4385,3764,4581,0.3446787893772125
4386,3764,4279,0.34467482566833496
4387,3764,5919,0.34464356303215027
4388,3764,3438,0.3446229100227356
4389,3764,297,0.34462133049964905
4390,3764,940,0.34453338384628296
4391,3764,5945,0.3444891571998596
4392,3764,646,0.3444811701774597
4393,3764,2631,0.34447968006134033
4394,3764,1070,0.34446781873703003
4395,3764,1754,0.34445443749427795
4396,3764,964,0.34437114000320435
4397,3764,4913,0.34426239132881165
4398,3764,4219,0.34419116377830505
4399,3764,2843,0.34413689374923706
4400,3764,1747,0.3441356122493744
4401,3764,3282,0.34411177039146423
4402,3764,5161,0.3441048264503479
4403,3764,5446,0.34400463104248047
4404,3764,280,0.3439427614212036
4405,3764,2216,0.3439081311225891
4406,3764,4784,0.3438449501991272
4407,3764,4908,0.3438411355018616
4408,3764,1293,0.3438122570514679
4409,3764,921,0.3438017964363098
4410,3764,5627,0.34376102685928345
4411,3764,3423,0.34373366832733154
4412,3764,5109,0.3436994254589081
4413,3764,837,0.3436441123485565
4414,3764,3705,0.3436151146888733
4415,3764,687,0.3436048626899719
4416,3764,5042,0.34358492493629456
4417,3764,5150,0.34357398748397827
4418,3764,2234,0.3435717821121216
4419,3764,4903,0.34349605441093445
4420,3764,6281,0.3434692323207855
4421,3764,3729,0.34345391392707825
4422,3764,1661,0.34342116117477417
4423,3764,5754,0.34341979026794434
4424,3764,286,0.34340900182724
4425,3764,3043,0.3433854877948761
4426,3764,4374,0.3433837890625
4427,3764,4320,0.3433750867843628
4428,3764,3664,0.34333300590515137
4429,3764,6380,0.3432241976261139
4430,3764,1608,0.3431340754032135
4431,3764,5482,0.34308111667633057
4432,3764,141,0.34306567907333374
4433,3764,5493,0.34303128719329834
4434,3764,2959,0.34301963448524475
4435,3764,2025,0.34297728538513184
4436,3764,5949,0.3429122865200043
4437,3764,4641,0.342862606048584
4438,3764,451,0.34277328848838806
4439,3764,1413,0.34273403882980347
4440,3764,5842,0.3427303433418274
4441,3764,3545,0.3426920771598816
4442,3764,2273,0.34255656599998474
4443,3764,2378,0.34254536032676697
4444,3764,4485,0.3425183892250061
4445,3764,2835,0.34251323342323303
4446,3764,2383,0.3423917591571808
4447,3764,939,0.34236007928848267
4448,3764,3278,0.34232544898986816
4449,3764,3605,0.3423181474208832
4450,3764,1357,0.3423154950141907
4451,3764,5100,0.34224721789360046
4452,3764,3343,0.3422199785709381
4453,3764,2133,0.34220558404922485
4454,3764,5129,0.3420773446559906
4455,3764,1687,0.34206900000572205
4456,3764,2486,0.34202098846435547
4457,3764,5638,0.3420190215110779
4458,3764,236,0.34201478958129883
4459,3764,2011,0.34199443459510803
4460,3764,1792,0.34196898341178894
4461,3764,3759,0.34196168184280396
4462,3764,2287,0.3419245481491089
4463,3764,5323,0.341915488243103
4464,3764,2277,0.3418278098106384
4465,3764,3852,0.3417872488498688
4466,3764,3209,0.34176763892173767
4467,3764,5437,0.3417610228061676
4468,3764,846,0.34172070026397705
4469,3764,2472,0.34170427918434143
4470,3764,4099,0.34166955947875977
4471,3764,1212,0.341661274433136
4472,3764,1024,0.3416372537612915
4473,3764,1902,0.3416062593460083
4474,3764,3244,0.34157896041870117
4475,3764,3252,0.34155869483947754
4476,3764,5852,0.34153082966804504
4477,3764,62,0.341476708650589
4478,3764,2375,0.3414677381515503
4479,3764,4106,0.341457724571228
4480,3764,1322,0.34141314029693604
4481,3764,1249,0.34139391779899597
4482,3764,1650,0.34135034680366516
4483,3764,6020,0.3413045108318329
4484,3764,6238,0.3413013815879822
4485,3764,1856,0.3412761390209198
4486,3764,3381,0.34127193689346313
4487,3764,2452,0.3412608504295349
4488,3764,3076,0.3411986231803894
4489,3764,2470,0.3411962389945984
4490,3764,6205,0.34117159247398376
4491,3764,4007,0.3411077857017517
4492,3764,744,0.34109386801719666
4493,3764,4823,0.3409673273563385
4494,3764,6174,0.340959370136261
4495,3764,5765,0.3409365117549896
4496,3764,1556,0.34091758728027344
4497,3764,367,0.34091421961784363
4498,3764,1326,0.3408738076686859
4499,3764,2484,0.340815007686615
4500,3764,3498,0.3408125638961792
4501,3764,1670,0.340708464384079
4502,3764,4970,0.34069377183914185
4503,3764,3707,0.34068259596824646
4504,3764,6085,0.3406814634799957
4505,3764,3514,0.3406757414340973
4506,3764,2550,0.3406725525856018
4507,3764,2073,0.34060242772102356
4508,3764,2492,0.34059980511665344
4509,3764,4725,0.34058877825737
4510,3764,5898,0.3405492901802063
4511,3764,1111,0.3404914438724518
4512,3764,2370,0.34045207500457764
4513,3764,1368,0.3404273986816406
4514,3764,2621,0.3403854966163635
4515,3764,2210,0.3403739333152771
4516,3764,5031,0.34033453464508057
4517,3764,4006,0.34024718403816223
4518,3764,2826,0.34023532271385193
4519,3764,4182,0.34020859003067017
4520,3764,3105,0.3401901125907898
4521,3764,5883,0.3401889204978943
4522,3764,1328,0.34015560150146484
4523,3764,2955,0.34013691544532776
4524,3764,635,0.3401365280151367
4525,3764,3056,0.340104341506958
4526,3764,5254,0.3401035666465759
4527,3764,2209,0.340084969997406
4528,3764,3948,0.34007999300956726
4529,3764,4561,0.3400654196739197
4530,3764,2150,0.3400343656539917
4531,3764,1876,0.3400343656539917
4532,3764,3435,0.33995863795280457
4533,3764,2844,0.3399260342121124
4534,3764,6272,0.3398997485637665
4535,3764,1064,0.33985158801078796
4536,3764,4328,0.33983954787254333
4537,3764,5215,0.33983927965164185
4538,3764,36,0.3398304879665375
4539,3764,3321,0.3398253321647644
4540,3764,4466,0.3398054838180542
4541,3764,1757,0.3398045301437378
4542,3764,968,0.3397595286369324
4543,3764,6199,0.3397437632083893
4544,3764,5881,0.3397414982318878
4545,3764,4627,0.3397279679775238
4546,3764,3440,0.3397163152694702
4547,3764,3871,0.3396672308444977
4548,3764,5394,0.3396188020706177
4549,3764,4632,0.33960413932800293
4550,3764,133,0.33957964181900024
4551,3764,1470,0.3394820988178253
4552,3764,2771,0.3394193649291992
4553,3764,1261,0.339397668838501
4554,3764,2128,0.33939307928085327
4555,3764,6359,0.3393796682357788
4556,3764,1587,0.3393259644508362
4557,3764,5455,0.3392948806285858
4558,3764,1674,0.33928126096725464
4559,3764,1540,0.33927568793296814
4560,3764,8,0.3392105996608734
4561,3764,37,0.33918654918670654
4562,3764,1034,0.3391757905483246
4563,3764,3557,0.33916133642196655
4564,3764,5053,0.3391537368297577
4565,3764,3941,0.3391124904155731
4566,3764,1473,0.3391059935092926
4567,3764,4740,0.33908510208129883
4568,3764,1072,0.33907005190849304
4569,3764,1821,0.33906805515289307
4570,3764,4041,0.3390239179134369
4571,3764,4060,0.3389885723590851
4572,3764,1992,0.33897921442985535
4573,3764,998,0.33893418312072754
4574,3764,5488,0.3389222025871277
4575,3764,3819,0.33886003494262695
4576,3764,5682,0.33881330490112305
4577,3764,4539,0.3387855887413025
4578,3764,5685,0.33878517150878906
4579,3764,4838,0.33873456716537476
4580,3764,5087,0.3387256860733032
4581,3764,342,0.33872079849243164
4582,3764,6018,0.3386552035808563
4583,3764,1850,0.33865246176719666
4584,3764,4490,0.3386060893535614
4585,3764,6338,0.33857274055480957
4586,3764,6329,0.33853840827941895
4587,3764,5969,0.33849620819091797
4588,3764,4548,0.3384743928909302
4589,3764,3736,0.33846336603164673
4590,3764,240,0.33842039108276367
4591,3764,6220,0.3384101092815399
4592,3764,1511,0.3383997082710266
4593,3764,270,0.33836010098457336
4594,3764,2224,0.3382675051689148
4595,3764,2753,0.33825796842575073
4596,3764,5712,0.33822792768478394
4597,3764,3207,0.3382054567337036
4598,3764,4311,0.33819136023521423
4599,3764,5205,0.33815187215805054
4600,3764,1590,0.3380703330039978
4601,3764,2607,0.3380328118801117
4602,3764,5772,0.3380158245563507
4603,3764,1504,0.33794012665748596
4604,3764,3110,0.33793917298316956
4605,3764,5643,0.33793336153030396
4606,3764,5434,0.3379102945327759
4607,3764,4867,0.3379080593585968
4608,3764,6314,0.3378980755805969
4609,3764,5299,0.3378555178642273
4610,3764,2439,0.3378479778766632
4611,3764,4578,0.3378066420555115
4612,3764,4691,0.337765097618103
4613,3764,2192,0.3377147316932678
4614,3764,1294,0.33766698837280273
4615,3764,3336,0.3376516103744507
4616,3764,5489,0.33761197328567505
4617,3764,4338,0.3376055359840393
4618,3764,1713,0.33760181069374084
4619,3764,5443,0.33759886026382446
4620,3764,1022,0.3375568687915802
4621,3764,6219,0.3375299870967865
4622,3764,1727,0.3375200927257538
4623,3764,4824,0.33751246333122253
4624,3764,2103,0.33748334646224976
4625,3764,1510,0.33745384216308594
4626,3764,6393,0.3374461829662323
4627,3764,1712,0.3374207615852356
4628,3764,83,0.337410569190979
4629,3764,3773,0.3373129665851593
4630,3764,3444,0.3372498154640198
4631,3764,1040,0.3372351825237274
4632,3764,4796,0.33721649646759033
4633,3764,3218,0.33715787529945374
4634,3764,2191,0.3371480107307434
4635,3764,2070,0.33712849020957947
4636,3764,1877,0.33712849020957947
4637,3764,2781,0.33707094192504883
4638,3764,5234,0.3370448052883148
4639,3764,729,0.33702126145362854
4640,3764,5426,0.3370000720024109
4641,3764,637,0.3369685113430023
4642,3764,3807,0.33696499466896057
4643,3764,3447,0.3369460105895996
4644,3764,1247,0.3369254469871521
4645,3764,1619,0.3369198441505432
4646,3764,852,0.33687272667884827
4647,3764,5002,0.3368084132671356
4648,3764,5190,0.3368019461631775
4649,3764,3531,0.3367321789264679
4650,3764,879,0.336727499961853
4651,3764,3874,0.33670365810394287
4652,3764,3774,0.3367007076740265
4653,3764,5591,0.3366430401802063
4654,3764,1968,0.336635023355484
4655,3764,2406,0.3366124629974365
4656,3764,3459,0.3366057574748993
4657,3764,5067,0.3365940451622009
4658,3764,2878,0.3365923762321472
4659,3764,6217,0.3364966809749603
4660,3764,6254,0.33649665117263794
4661,3764,5146,0.33646127581596375
4662,3764,5913,0.33638569712638855
4663,3764,4668,0.33627572655677795
4664,3764,3672,0.336234986782074
4665,3764,1547,0.3362247943878174
4666,3764,2265,0.3362075984477997
4667,3764,6053,0.3360893428325653
4668,3764,993,0.33608755469322205
4669,3764,3377,0.3360840380191803
4670,3764,5331,0.3360787034034729
4671,3764,3426,0.3360292315483093
4672,3764,6285,0.33602696657180786
4673,3764,5307,0.3359997868537903
4674,3764,4171,0.33591678738594055
4675,3764,4105,0.3358686566352844
4676,3764,3434,0.33585456013679504
4677,3764,4640,0.3358384072780609
4678,3764,1278,0.33581897616386414
4679,3764,1251,0.33574625849723816
4680,3764,4281,0.33573073148727417
4681,3764,3082,0.33572453260421753
4682,3764,110,0.33572015166282654
4683,3764,1699,0.3356993496417999
4684,3764,2240,0.33569803833961487
4685,3764,5931,0.33569014072418213
4686,3764,2024,0.33568260073661804
4687,3764,6178,0.33567649126052856
4688,3764,1142,0.3356371819972992
4689,3764,2651,0.33561405539512634
4690,3764,3950,0.3355659544467926
4691,3764,649,0.33553546667099
4692,3764,3749,0.3354635536670685
4693,3764,4789,0.3354240953922272
4694,3764,5972,0.33539876341819763
4695,3764,2833,0.33539751172065735
4696,3764,4831,0.3353908658027649
4697,3764,3924,0.3353690207004547
4698,3764,3820,0.33535322546958923
4699,3764,3265,0.3353279232978821
4700,3764,2807,0.3352836072444916
4701,3764,2825,0.3352295458316803
4702,3764,557,0.33522936701774597
4703,3764,5935,0.33519259095191956
4704,3764,3907,0.3350791335105896
4705,3764,5922,0.33505797386169434
4706,3764,2361,0.3350544273853302
4707,3764,5014,0.3350488841533661
4708,3764,4008,0.33504220843315125
4709,3764,5040,0.3350237011909485
4710,3764,2987,0.3350001275539398
4711,3764,2806,0.33496734499931335
4712,3764,5036,0.3349303901195526
4713,3764,4612,0.3348339796066284
4714,3764,1807,0.334757536649704
4715,3764,2109,0.3347429931163788
4716,3764,4682,0.33473503589630127
4717,3764,1407,0.3346579670906067
4718,3764,4187,0.33464691042900085
4719,3764,1403,0.3346433937549591
4720,3764,6395,0.3345964550971985
4721,3764,1891,0.3345209062099457
4722,3764,4028,0.33451831340789795
4723,3764,6224,0.3344949781894684
4724,3764,3931,0.3344728946685791
4725,3764,2243,0.33446651697158813
4726,3764,670,0.3344503939151764
4727,3764,658,0.33443814516067505
4728,3764,4785,0.3344244956970215
4729,3764,307,0.33437108993530273
4730,3764,3953,0.3343576490879059
4731,3764,5691,0.3343495726585388
4732,3764,5733,0.3343309760093689
4733,3764,5412,0.3343120813369751
4734,3764,1314,0.33421558141708374
4735,3764,1885,0.3341270387172699
4736,3764,3269,0.33411791920661926
4737,3764,1682,0.33410733938217163
4738,3764,2102,0.3341031074523926
4739,3764,1490,0.33405831456184387
4740,3764,1341,0.33400511741638184
4741,3764,2097,0.3339977562427521
4742,3764,2376,0.33398714661598206
4743,3764,6182,0.3339782655239105
4744,3764,1560,0.33395203948020935
4745,3764,3720,0.3339209258556366
4746,3764,1693,0.3338859975337982
4747,3764,3742,0.33387649059295654
4748,3764,2800,0.3338763415813446
4749,3764,4307,0.3337952792644501
4750,3764,1253,0.33378538489341736
4751,3764,5432,0.3337256908416748
4752,3764,3246,0.33366042375564575
4753,3764,2590,0.33360955119132996
4754,3764,5726,0.3336079716682434
4755,3764,1358,0.3335460126399994
4756,3764,1353,0.3335307836532593
4757,3764,364,0.33344826102256775
4758,3764,1618,0.3333870768547058
4759,3764,1417,0.3333818018436432
4760,3764,3609,0.3333657383918762
4761,3764,640,0.3333626091480255
4762,3764,4319,0.3333313763141632
4763,3764,288,0.3331879675388336
4764,3764,1332,0.33314207196235657
4765,3764,3364,0.33309730887413025
4766,3764,1982,0.33304286003112793
4767,3764,3011,0.3330174386501312
4768,3764,215,0.3329960107803345
4769,3764,333,0.33298999071121216
4770,3764,6317,0.33292362093925476
4771,3764,5154,0.33290788531303406
4772,3764,3655,0.3328859806060791
4773,3764,3554,0.33287885785102844
4774,3764,5538,0.3328610956668854
4775,3764,5888,0.3328235149383545
4776,3764,6165,0.33281007409095764
4777,3764,1128,0.33278459310531616
4778,3764,3659,0.3327390253543854
4779,3764,3348,0.33273637294769287
4780,3764,4132,0.3327176570892334
4781,3764,3762,0.33270788192749023
4782,3764,3465,0.33267927169799805
4783,3764,2250,0.3326505124568939
4784,3764,4763,0.33264487981796265
4785,3764,121,0.3326250910758972
4786,3764,3684,0.33259162306785583
4787,3764,5701,0.33246949315071106
4788,3764,3604,0.3323906660079956
4789,3764,991,0.3323858380317688
4790,3764,2587,0.3322969675064087
4791,3764,6080,0.33228278160095215
4792,3764,4696,0.3322279453277588
4793,3764,3685,0.3322078287601471
4794,3764,3314,0.33220675587654114
4795,3764,5398,0.332151859998703
4796,3764,2431,0.3321199119091034
4797,3764,3954,0.33209362626075745
4798,3764,259,0.33205002546310425
4799,3764,5537,0.33204126358032227
4800,3764,2427,0.3320319652557373
4801,3764,3000,0.3319937288761139
4802,3764,3342,0.3319796621799469
4803,3764,5731,0.3319289982318878
4804,3764,370,0.33188724517822266
4805,3764,1405,0.3318769931793213
4806,3764,906,0.33180856704711914
4807,3764,1866,0.3317842185497284
4808,3764,3711,0.3317773938179016
4809,3764,2352,0.3317432999610901
4810,3764,1010,0.33170604705810547
4811,3764,5792,0.33165863156318665
4812,3764,3951,0.3316495716571808
4813,3764,4216,0.3316086232662201
4814,3764,1900,0.33160799741744995
4815,3764,298,0.33159926533699036
4816,3764,3006,0.33158156275749207
4817,3764,2832,0.3315681219100952
4818,3764,1180,0.33154305815696716
4819,3764,4513,0.33152562379837036
4820,3764,1399,0.33149152994155884
4821,3764,5186,0.3314242362976074
4822,3764,5584,0.33140748739242554
4823,3764,1218,0.3314007520675659
4824,3764,2794,0.33139917254447937
4825,3764,49,0.3313792943954468
4826,3764,6232,0.3313611149787903
4827,3764,1652,0.3313446640968323
4828,3764,1958,0.33133837580680847
4829,3764,2218,0.33133772015571594
4830,3764,1605,0.33129557967185974
4831,3764,5651,0.3312642276287079
4832,3764,2776,0.33123689889907837
4833,3764,4160,0.3311769962310791
4834,3764,6233,0.33110952377319336
4835,3764,1491,0.331013023853302
4836,3764,4952,0.330991268157959
4837,3764,5142,0.3309655785560608
4838,3764,2686,0.33096516132354736
4839,3764,306,0.33090516924858093
4840,3764,2894,0.3308682143688202
4841,3764,3733,0.33086615800857544
4842,3764,277,0.33086228370666504
4843,3764,5702,0.33084553480148315
4844,3764,4976,0.33077943325042725
4845,3764,4475,0.3307628035545349
4846,3764,1788,0.3306478261947632
4847,3764,5535,0.3306209146976471
4848,3764,4277,0.3306020498275757
4849,3764,700,0.33059900999069214
4850,3764,1746,0.33059751987457275
4851,3764,3015,0.33058682084083557
4852,3764,5022,0.33058232069015503
4853,3764,2030,0.33057671785354614
4854,3764,6263,0.3305756151676178
4855,3764,2304,0.3305741250514984
4856,3764,4958,0.3304462730884552
4857,3764,80,0.3303951621055603
4858,3764,5813,0.3303537964820862
4859,3764,300,0.3303370475769043
4860,3764,4541,0.3303077816963196
4861,3764,2785,0.3303040564060211
4862,3764,802,0.33027997612953186
4863,3764,3319,0.3302735984325409
4864,3764,3824,0.33021992444992065
4865,3764,5356,0.33020442724227905
4866,3764,1524,0.33013010025024414
4867,3764,5448,0.32993224263191223
4868,3764,4834,0.3299269676208496
4869,3764,2298,0.3298937678337097
4870,3764,2538,0.32986265420913696
4871,3764,4580,0.32982051372528076
4872,3764,994,0.32981759309768677
4873,3764,5623,0.3297966420650482
4874,3764,5644,0.329793244600296
4875,3764,1370,0.3297848701477051
4876,3764,3165,0.3297741413116455
4877,3764,3646,0.3297610282897949
4878,3764,5664,0.3297479748725891
4879,3764,2737,0.3297291696071625
4880,3764,4438,0.32972899079322815
4881,3764,2615,0.329715371131897
4882,3764,1881,0.3297017216682434
4883,3764,1259,0.32968831062316895
4884,3764,5817,0.32960253953933716
4885,3764,50,0.32959720492362976
4886,3764,721,0.329537957906723
4887,3764,2642,0.3295283019542694
4888,3764,1038,0.3294818699359894
4889,3764,4776,0.32946982979774475
4890,3764,4331,0.3294188380241394
4891,3764,3128,0.32930538058280945
4892,3764,5438,0.32927238941192627
4893,3764,3939,0.32926037907600403
4894,3764,2051,0.3292587697505951
4895,3764,2355,0.32924944162368774
4896,3764,232,0.32923102378845215
4897,3764,3699,0.32917389273643494
4898,3764,904,0.32916882634162903
4899,3764,928,0.32915228605270386
4900,3764,1165,0.32913291454315186
4901,3764,4758,0.3291274309158325
4902,3764,3038,0.32910269498825073
4903,3764,88,0.329100102186203
4904,3764,3119,0.32905125617980957
4905,3764,1675,0.32891806960105896
4906,3764,2372,0.3289032578468323
4907,3764,4081,0.3288170397281647
4908,3764,3791,0.32880446314811707
4909,3764,3692,0.3287747800350189
4910,3764,1221,0.3287603259086609
4911,3764,3509,0.32873043417930603
4912,3764,1462,0.32872244715690613
4913,3764,6019,0.32870832085609436
4914,3764,2994,0.3286912441253662
4915,3764,1439,0.3285941779613495
4916,3764,1916,0.3285834789276123
4917,3764,3054,0.3285265564918518
4918,3764,2085,0.3284861743450165
4919,3764,462,0.32848137617111206
4920,3764,3635,0.3284604549407959
4921,3764,5194,0.32841333746910095
4922,3764,1700,0.3283686935901642
4923,3764,3215,0.32835686206817627
4924,3764,3409,0.32829633355140686
4925,3764,4804,0.3282903730869293
4926,3764,5677,0.3281724750995636
4927,3764,6353,0.3281422257423401
4928,3764,2623,0.32812920212745667
4929,3764,1389,0.32812124490737915
4930,3764,3437,0.3280910551548004
4931,3764,2649,0.32806843519210815
4932,3764,3853,0.3280467987060547
4933,3764,4909,0.3280004858970642
4934,3764,5092,0.32797667384147644
4935,3764,1930,0.32796910405158997
4936,3764,854,0.32795119285583496
4937,3764,986,0.3279295861721039
4938,3764,3936,0.3277752697467804
4939,3764,1248,0.3276841938495636
4940,3764,3925,0.3276795744895935
4941,3764,5271,0.32767921686172485
4942,3764,2568,0.327661395072937
4943,3764,4107,0.3276527523994446
4944,3764,1852,0.3276488780975342
4945,3764,1872,0.3276403248310089
4946,3764,813,0.3275867700576782
4947,3764,4665,0.32749322056770325
4948,3764,617,0.32749319076538086
4949,3764,6349,0.32747820019721985
4950,3764,2539,0.32747510075569153
4951,3764,3153,0.3274630308151245
4952,3764,1342,0.32745978236198425
4953,3764,1291,0.3274548053741455
4954,3764,4769,0.32745370268821716
4955,3764,2503,0.3273959159851074
4956,3764,5933,0.3273675739765167
4957,3764,985,0.32735809683799744
4958,3764,1558,0.327328085899353
4959,3764,5879,0.32732781767845154
4960,3764,2798,0.32732754945755005
4961,3764,2114,0.32732585072517395
4962,3764,4439,0.32730889320373535
4963,3764,2706,0.32728034257888794
4964,3764,4795,0.3271477520465851
4965,3764,4569,0.3270978033542633
4966,3764,2616,0.3270694315433502
4967,3764,1075,0.32697129249572754
4968,3764,5897,0.3269575834274292
4969,3764,752,0.32693278789520264
4970,3764,4036,0.3268637955188751
4971,3764,920,0.3268262445926666
4972,3764,4011,0.3268122375011444
4973,3764,1709,0.32679808139801025
4974,3764,1458,0.3267526924610138
4975,3764,1917,0.3267248868942261
4976,3764,2727,0.32672086358070374
4977,3764,1932,0.3266797959804535
4978,3764,3147,0.3266787528991699
4979,3764,5060,0.3266456127166748
4980,3764,1864,0.326627254486084
4981,3764,318,0.3265311121940613
4982,3764,5890,0.3264995813369751
4983,3764,2729,0.32647624611854553
4984,3764,3274,0.3264732360839844
4985,3764,479,0.3264671564102173
4986,3764,94,0.3264038860797882
4987,3764,5171,0.32639285922050476
4988,3764,1997,0.32637113332748413
4989,3764,4986,0.3263305127620697
4990,3764,1421,0.32622724771499634
4991,3764,5292,0.3262185752391815
4992,3764,929,0.3261583745479584
4993,3764,4973,0.3260871171951294
4994,3764,5026,0.3260774314403534
4995,3764,1046,0.32605329155921936
4996,3764,4809,0.3260193467140198
4997,3764,5478,0.326017826795578
4998,3764,6316,0.3259221315383911
4999,3764,644,0.3258977234363556
5000,3764,3288,0.32585960626602173
5001,3764,2600,0.325838565826416
5002,3764,6308,0.325828492641449
5003,3764,1758,0.32582488656044006
5004,3764,2861,0.3257995843887329
5005,3764,1333,0.32574474811553955
5006,3764,2634,0.32569676637649536
5007,3764,3972,0.3256480097770691
5008,3764,3276,0.32550767064094543
5009,3764,5590,0.32550644874572754
5010,3764,1762,0.32547855377197266
5011,3764,1570,0.32546889781951904
5012,3764,3311,0.32545414566993713
5013,3764,596,0.32542869448661804
5014,3764,2430,0.32538947463035583
5015,3764,5311,0.3253859281539917
5016,3764,3441,0.325379341840744
5017,3764,2874,0.3253771662712097
5018,3764,4599,0.325373113155365
5019,3764,888,0.3253214955329895
5020,3764,4465,0.325305700302124
5021,3764,3219,0.32528454065322876
5022,3764,3233,0.32527416944503784
5023,3764,4614,0.3252435624599457
5024,3764,5973,0.32521969079971313
5025,3764,15,0.3251565098762512
5026,3764,1097,0.32513687014579773
5027,3764,1139,0.32502883672714233
5028,3764,2390,0.3250117599964142
5029,3764,180,0.32498377561569214
5030,3764,1236,0.3249490559101105
5031,3764,2465,0.3249300420284271
5032,3764,703,0.3249105215072632
5033,3764,467,0.3248222768306732
5034,3764,1690,0.3247917890548706
5035,3764,6242,0.3247119188308716
5036,3764,581,0.3247024714946747
5037,3764,3188,0.32468706369400024
5038,3764,2382,0.32466500997543335
5039,3764,2145,0.3246319890022278
5040,3764,2478,0.3246012032032013
5041,3764,6109,0.3245609700679779
5042,3764,1013,0.32455897331237793
5043,3764,2693,0.3244999945163727
5044,3764,948,0.324497252702713
5045,3764,4938,0.32435595989227295
5046,3764,5144,0.3243524730205536
5047,3764,6169,0.3243066370487213
5048,3764,4386,0.3242553472518921
5049,3764,397,0.32423803210258484
5050,3764,164,0.3241559863090515
5051,3764,4949,0.32404425740242004
5052,3764,3995,0.324030339717865
5053,3764,540,0.3240000307559967
5054,3764,4234,0.32399576902389526
5055,3764,783,0.3239259123802185
5056,3764,1281,0.3239220380783081
5057,3764,6152,0.32386359572410583
5058,3764,3261,0.3238470256328583
5059,3764,1796,0.32379987835884094
5060,3764,6075,0.32376205921173096
5061,3764,962,0.32373499870300293
5062,3764,1369,0.3236513137817383
5063,3764,3674,0.3235456645488739
5064,3764,792,0.3235437572002411
5065,3764,5683,0.32353898882865906
5066,3764,3555,0.32353416085243225
5067,3764,4057,0.3234907388687134
5068,3764,5642,0.32340845465660095
5069,3764,6202,0.3233734667301178
5070,3764,2660,0.323341429233551
5071,3764,2469,0.32320931553840637
5072,3764,5554,0.32319921255111694
5073,3764,3126,0.3231474757194519
5074,3764,4733,0.3231283128261566
5075,3764,2016,0.32312121987342834
5076,3764,3300,0.3230380713939667
5077,3764,2090,0.32302090525627136
5078,3764,4603,0.3229324519634247
5079,3764,4509,0.32292935252189636
5080,3764,4406,0.3228694796562195
5081,3764,41,0.3228512108325958
5082,3764,2537,0.32283952832221985
5083,3764,268,0.32282567024230957
5084,3764,6002,0.3227877616882324
5085,3764,5598,0.32272741198539734
5086,3764,1346,0.3227117657661438
5087,3764,5148,0.32265737652778625
5088,3764,5873,0.3226200342178345
5089,3764,2664,0.3226022720336914
5090,3764,3334,0.3225272297859192
5091,3764,2703,0.3225122392177582
5092,3764,1865,0.3224950134754181
5093,3764,3650,0.32249361276626587
5094,3764,4820,0.3224656879901886
5095,3764,412,0.32244873046875
5096,3764,2306,0.32244178652763367
5097,3764,660,0.3224303424358368
5098,3764,2760,0.32241812348365784
5099,3764,4450,0.32236766815185547
5100,3764,5694,0.3223102390766144
5101,3764,2613,0.32230666279792786
5102,3764,5007,0.3223061263561249
5103,3764,2154,0.32218512892723083
5104,3764,717,0.32208147644996643
5105,3764,5462,0.3220735192298889
5106,3764,5082,0.3220711350440979
5107,3764,947,0.32195383310317993
5108,3764,2719,0.3219132721424103
5109,3764,2995,0.32189542055130005
5110,3764,5470,0.3218882083892822
5111,3764,3765,0.32187724113464355
5112,3764,3987,0.32185235619544983
5113,3764,4825,0.32184964418411255
5114,3764,334,0.3218397796154022
5115,3764,3247,0.32180944085121155
5116,3764,5280,0.3217904567718506
5117,3764,111,0.3217867910861969
5118,3764,2493,0.32178571820259094
5119,3764,2627,0.3217361569404602
5120,3764,3392,0.3217073082923889
5121,3764,4735,0.32170015573501587
5122,3764,740,0.3216850161552429
5123,3764,5633,0.3216734230518341
5124,3764,2766,0.3216630518436432
5125,3764,1118,0.321634441614151
5126,3764,3159,0.32160723209381104
5127,3764,5338,0.32156234979629517
5128,3764,3263,0.32154032588005066
5129,3764,302,0.3215166926383972
5130,3764,5325,0.3214801549911499
5131,3764,4652,0.32145071029663086
5132,3764,1334,0.3214421272277832
5133,3764,2943,0.32141202688217163
5134,3764,5857,0.3214074671268463
5135,3764,2764,0.3213830292224884
5136,3764,2900,0.32129836082458496
5137,3764,5264,0.3212675452232361
5138,3764,3955,0.3212336003780365
5139,3764,5289,0.32122325897216797
5140,3764,941,0.3211989402770996
5141,3764,237,0.32119590044021606
5142,3764,4447,0.32118943333625793
5143,3764,5105,0.3211529552936554
5144,3764,6094,0.32110971212387085
5145,3764,1840,0.321077436208725
5146,3764,893,0.3210274875164032
5147,3764,519,0.3210265040397644
5148,3764,4511,0.3209555149078369
5149,3764,4975,0.3209209442138672
5150,3764,1588,0.3208349645137787
5151,3764,5062,0.3208279311656952
5152,3764,2576,0.3207969665527344
5153,3764,5589,0.3207803964614868
5154,3764,5029,0.32063034176826477
5155,3764,3044,0.32054296135902405
5156,3764,465,0.3205208480358124
5157,3764,5622,0.32051408290863037
5158,3764,4685,0.3204856216907501
5159,3764,924,0.3203590214252472
5160,3764,5937,0.32035234570503235
5161,3764,1109,0.3203052878379822
5162,3764,4983,0.32024404406547546
5163,3764,3408,0.32022181153297424
5164,3764,3628,0.32020896673202515
5165,3764,2595,0.3202018141746521
5166,3764,2819,0.3201904594898224
5167,3764,5241,0.3201594948768616
5168,3764,4534,0.32010334730148315
5169,3764,4782,0.31999653577804565
5170,3764,5303,0.3199942409992218
5171,3764,1534,0.31998664140701294
5172,3764,3331,0.3199821412563324
5173,3764,6173,0.31995341181755066
5174,3764,2722,0.31992870569229126
5175,3764,4054,0.3198634088039398
5176,3764,5885,0.3197843134403229
5177,3764,3848,0.3197416365146637
5178,3764,3390,0.319690078496933
5179,3764,3718,0.3196503818035126
5180,3764,3512,0.31959274411201477
5181,3764,1282,0.31958845257759094
5182,3764,3125,0.31955862045288086
5183,3764,5831,0.3194989562034607
5184,3764,2290,0.3194052278995514
5185,3764,5352,0.3193213641643524
5186,3764,2985,0.3193149268627167
5187,3764,2821,0.31930646300315857
5188,3764,5680,0.3192898631095886
5189,3764,369,0.31928086280822754
5190,3764,1074,0.3192785084247589
5191,3764,3949,0.3192462623119354
5192,3764,2235,0.3191774785518646
5193,3764,4033,0.31913378834724426
5194,3764,5035,0.3191179931163788
5195,3764,895,0.3191032409667969
5196,3764,5090,0.3190380930900574
5197,3764,2586,0.31897541880607605
5198,3764,2944,0.31897059082984924
5199,3764,1136,0.31896036863327026
5200,3764,2529,0.31891727447509766
5201,3764,2168,0.3189030587673187
5202,3764,935,0.31887733936309814
5203,3764,3251,0.3188712000846863
5204,3764,57,0.31876614689826965
5205,3764,5472,0.31872379779815674
5206,3764,3867,0.31864655017852783
5207,3764,5773,0.31859928369522095
5208,3764,2462,0.3185123801231384
5209,3764,1464,0.3184712529182434
5210,3764,3596,0.31846824288368225
5211,3764,4046,0.3184106647968292
5212,3764,3553,0.31833314895629883
5213,3764,4536,0.31832173466682434
5214,3764,5771,0.3182844817638397
5215,3764,4263,0.3182075619697571
5216,3764,3379,0.3181973397731781
5217,3764,3887,0.3181792199611664
5218,3764,3768,0.31815052032470703
5219,3764,1771,0.31810638308525085
5220,3764,1,0.31809988617897034
5221,3764,5647,0.31807199120521545
5222,3764,4921,0.318047434091568
5223,3764,6067,0.31801703572273254
5224,3764,3894,0.3180103003978729
5225,3764,4537,0.318007230758667
5226,3764,5555,0.31798598170280457
5227,3764,82,0.31790250539779663
5228,3764,5456,0.31774216890335083
5229,3764,2459,0.3177173137664795
5230,3764,516,0.3177158236503601
5231,3764,1597,0.31769946217536926
5232,3764,1323,0.31767746806144714
5233,3764,4571,0.3176672160625458
5234,3764,5304,0.31766223907470703
5235,3764,3131,0.3176564574241638
5236,3764,536,0.31764960289001465
5237,3764,5052,0.31759634613990784
5238,3764,3657,0.31757059693336487
5239,3764,2348,0.3175295293331146
5240,3764,3979,0.3174096643924713
5241,3764,4843,0.3173735737800598
5242,3764,5707,0.31735917925834656
5243,3764,3645,0.3173489570617676
5244,3764,6171,0.31734248995780945
5245,3764,4560,0.3172905743122101
5246,3764,3975,0.3172733187675476
5247,3764,5952,0.3172276020050049
5248,3764,4207,0.3171853721141815
5249,3764,4018,0.3171277642250061
5250,3764,4595,0.3170994222164154
5251,3764,3813,0.3170027732849121
5252,3764,6112,0.3169811964035034
5253,3764,3400,0.31691354513168335
5254,3764,48,0.3168413043022156
5255,3764,6021,0.31680721044540405
5256,3764,2699,0.3167826235294342
5257,3764,3240,0.3167518079280853
5258,3764,2981,0.31673669815063477
5259,3764,3208,0.3167291283607483
5260,3764,2768,0.3167222738265991
5261,3764,787,0.3167158365249634
5262,3764,6322,0.3166613280773163
5263,3764,2528,0.3165983259677887
5264,3764,4003,0.3165912926197052
5265,3764,179,0.316579133272171
5266,3764,3751,0.3164723813533783
5267,3764,2381,0.316421240568161
5268,3764,5923,0.3163753151893616
5269,3764,4243,0.31636688113212585
5270,3764,5795,0.3163386583328247
5271,3764,5782,0.3163306415081024
5272,3764,4303,0.3163178563117981
5273,3764,800,0.3163047432899475
5274,3764,5508,0.3162616193294525
5275,3764,6186,0.3162437975406647
5276,3764,3176,0.3162243664264679
5277,3764,3501,0.31622180342674255
5278,3764,5454,0.3161199390888214
5279,3764,5872,0.31609269976615906
5280,3764,2453,0.3159947693347931
5281,3764,445,0.3159487843513489
5282,3764,5444,0.31592702865600586
5283,3764,5800,0.3158605396747589
5284,3764,1049,0.31585922837257385
5285,3764,2511,0.3158579170703888
5286,3764,4656,0.3158572018146515
5287,3764,1052,0.315845787525177
5288,3764,2712,0.31577152013778687
5289,3764,3665,0.31577008962631226
5290,3764,4371,0.3157259523868561
5291,3764,6024,0.3157188594341278
5292,3764,4934,0.31570836901664734
5293,3764,2773,0.3156376779079437
5294,3764,1091,0.3156127631664276
5295,3764,5459,0.3155704438686371
5296,3764,827,0.315556138753891
5297,3764,69,0.3154923617839813
5298,3764,4953,0.31548163294792175
5299,3764,2698,0.31547582149505615
5300,3764,5458,0.3154315948486328
5301,3764,3284,0.31536492705345154
5302,3764,5357,0.31527718901634216
5303,3764,1287,0.31517189741134644
5304,3764,2106,0.31510573625564575
5305,3764,509,0.3150615990161896
5306,3764,5265,0.31501102447509766
5307,3764,4664,0.31500044465065
5308,3764,5337,0.31497663259506226
5309,3764,5216,0.3148745596408844
5310,3764,517,0.3148631751537323
5311,3764,6243,0.3148597776889801
5312,3764,432,0.3148309588432312
5313,3764,2803,0.31482118368148804
5314,3764,5281,0.31482067704200745
5315,3764,3186,0.3147977590560913
5316,3764,5252,0.3147885501384735
5317,3764,3151,0.3147847354412079
5318,3764,2605,0.31477493047714233
5319,3764,1512,0.3147682845592499
5320,3764,2579,0.314767986536026
5321,3764,943,0.3147394359111786
5322,3764,42,0.31466782093048096
5323,3764,2971,0.31462788581848145
5324,3764,999,0.31459271907806396
5325,3764,4978,0.3145378530025482
5326,3764,4178,0.31444162130355835
5327,3764,1430,0.3144303560256958
5328,3764,3307,0.3144260048866272
5329,3764,2578,0.3144071102142334
5330,3764,3560,0.31438374519348145
5331,3764,1729,0.3143633008003235
5332,3764,5568,0.31431153416633606
5333,3764,6071,0.3142823576927185
5334,3764,4516,0.31426799297332764
5335,3764,3310,0.3142615258693695
5336,3764,547,0.31416282057762146
5337,3764,3810,0.3141339421272278
5338,3764,3638,0.31411510705947876
5339,3764,6007,0.3141080141067505
5340,3764,3016,0.3140864670276642
5341,3764,882,0.31408557295799255
5342,3764,6154,0.3140583038330078
5343,3764,5741,0.31401416659355164
5344,3764,1614,0.3139585852622986
5345,3764,901,0.3139529526233673
5346,3764,3308,0.3139243721961975
5347,3764,4464,0.313923180103302
5348,3764,723,0.31387031078338623
5349,3764,6012,0.31385064125061035
5350,3764,1042,0.3138415813446045
5351,3764,6091,0.31383588910102844
5352,3764,6391,0.3138090670108795
5353,3764,6225,0.3137129247188568
5354,3764,1764,0.31367677450180054
5355,3764,4394,0.3136584162712097
5356,3764,847,0.3135885000228882
5357,3764,5151,0.3135696351528168
5358,3764,3654,0.3135029673576355
5359,3764,3961,0.31349194049835205
5360,3764,4533,0.31342193484306335
5361,3764,2100,0.31336331367492676
5362,3764,3877,0.3132965862751007
5363,3764,5442,0.31312817335128784
5364,3764,4623,0.31310421228408813
5365,3764,3205,0.31308886408805847
5366,3764,5471,0.31304731965065
5367,3764,1752,0.31303277611732483
5368,3764,3361,0.31302088499069214
5369,3764,3121,0.31299421191215515
5370,3764,5247,0.31287890672683716
5371,3764,2887,0.31286823749542236
5372,3764,2629,0.3128197491168976
5373,3764,3302,0.31278708577156067
5374,3764,2039,0.3127709925174713
5375,3764,1059,0.3127056956291199
5376,3764,5183,0.3126487135887146
5377,3764,3700,0.3126215636730194
5378,3764,415,0.3125855326652527
5379,3764,1552,0.31257909536361694
5380,3764,1198,0.3125782012939453
5381,3764,2762,0.3125649094581604
5382,3764,5238,0.31254661083221436
5383,3764,5700,0.3125038146972656
5384,3764,1717,0.31250011920928955
5385,3764,1943,0.3124886751174927
5386,3764,5674,0.31247007846832275
5387,3764,4849,0.312435120344162
5388,3764,6073,0.3123971223831177
5389,3764,6134,0.31239521503448486
5390,3764,2877,0.3123452067375183
5391,3764,2334,0.31229135394096375
5392,3764,4981,0.3122204542160034
5393,3764,5389,0.3121897578239441
5394,3764,4943,0.31218910217285156
5395,3764,2331,0.31211087107658386
5396,3764,3450,0.3120175898075104
5397,3764,1801,0.3120037019252777
5398,3764,5220,0.31197062134742737
5399,3764,452,0.3119157552719116
5400,3764,809,0.3118387758731842
5401,3764,2591,0.3118300139904022
5402,3764,5218,0.31180858612060547
5403,3764,5961,0.31178995966911316
5404,3764,5548,0.31174975633621216
5405,3764,5688,0.31170469522476196
5406,3764,1447,0.3116230070590973
5407,3764,3156,0.3116130828857422
5408,3764,5818,0.31156134605407715
5409,3764,3914,0.31154778599739075
5410,3764,4125,0.31146085262298584
5411,3764,2666,0.3114430606365204
5412,3764,1928,0.31139281392097473
5413,3764,5348,0.31134212017059326
5414,3764,2551,0.31133490800857544
5415,3764,1366,0.31128358840942383
5416,3764,5880,0.31122851371765137
5417,3764,1077,0.3112179636955261
5418,3764,5978,0.3111985921859741
5419,3764,3834,0.3111704885959625
5420,3764,1454,0.31114786863327026
5421,3764,562,0.3110642731189728
5422,3764,1422,0.3110293745994568
5423,3764,5246,0.3109797537326813
5424,3764,1759,0.31097960472106934
5425,3764,6027,0.31084370613098145
5426,3764,4199,0.3108273446559906
5427,3764,3157,0.3107921779155731
5428,3764,4126,0.3107820749282837
5429,3764,5365,0.3107532262802124
5430,3764,851,0.3107151687145233
5431,3764,3166,0.310560941696167
5432,3764,22,0.3105440139770508
5433,3764,614,0.3105064630508423
5434,3764,5387,0.31041210889816284
5435,3764,2735,0.31036511063575745
5436,3764,1577,0.31036141514778137
5437,3764,1246,0.3102736473083496
5438,3764,5287,0.3102485239505768
5439,3764,4871,0.3101569712162018
5440,3764,1012,0.3101329803466797
5441,3764,5024,0.309986412525177
5442,3764,5504,0.309970885515213
5443,3764,627,0.3099532127380371
5444,3764,5381,0.3099455237388611
5445,3764,1051,0.30981719493865967
5446,3764,4211,0.30976957082748413
5447,3764,4352,0.30974096059799194
5448,3764,5574,0.3097210228443146
5449,3764,5995,0.30963972210884094
5450,3764,5678,0.30963629484176636
5451,3764,3619,0.3096272945404053
5452,3764,337,0.3096044659614563
5453,3764,2490,0.3095211982727051
5454,3764,2442,0.3095100224018097
5455,3764,5648,0.3094587028026581
5456,3764,2211,0.3094553053379059
5457,3764,196,0.30943381786346436
5458,3764,1398,0.3093913495540619
5459,3764,2221,0.3093199133872986
5460,3764,1335,0.309289813041687
5461,3764,5597,0.30920520424842834
5462,3764,379,0.3091612458229065
5463,3764,2758,0.30913808941841125
5464,3764,6048,0.30908331274986267
5465,3764,218,0.30906352400779724
5466,3764,3304,0.3090110123157501
5467,3764,3002,0.30897051095962524
5468,3764,6139,0.30889052152633667
5469,3764,5418,0.30883628129959106
5470,3764,3922,0.3088146150112152
5471,3764,2739,0.3085786700248718
5472,3764,4407,0.3085576593875885
5473,3764,1381,0.30850061774253845
5474,3764,3926,0.3082467317581177
5475,3764,3706,0.30824044346809387
5476,3764,3024,0.3082292973995209
5477,3764,2644,0.30819231271743774
5478,3764,6077,0.30818819999694824
5479,3764,4278,0.3081304132938385
5480,3764,1483,0.3081212341785431
5481,3764,5512,0.30807021260261536
5482,3764,1722,0.3080172538757324
5483,3764,5983,0.30798235535621643
5484,3764,1714,0.3078649640083313
5485,3764,5757,0.30785882472991943
5486,3764,942,0.30781930685043335
5487,3764,1178,0.3077875077724457
5488,3764,5397,0.30774709582328796
5489,3764,4104,0.3076407313346863
5490,3764,5439,0.3076193630695343
5491,3764,799,0.3075355291366577
5492,3764,5181,0.3075287342071533
5493,3764,4108,0.3075059652328491
5494,3764,3221,0.3074681758880615
5495,3764,1775,0.3074652850627899
5496,3764,4815,0.30746373534202576
5497,3764,1976,0.30745071172714233
5498,3764,5799,0.30744218826293945
5499,3764,4558,0.3074062466621399
5500,3764,5486,0.3073936104774475
5501,3764,5520,0.3073764443397522
5502,3764,573,0.30735284090042114
5503,3764,3923,0.30729445815086365
5504,3764,2646,0.30728524923324585
5505,3764,3918,0.3072775900363922
5506,3764,283,0.3072589039802551
5507,3764,1446,0.30725419521331787
5508,3764,3194,0.30717170238494873
5509,3764,2193,0.3070562183856964
5510,3764,2818,0.30705052614212036
5511,3764,2796,0.3069981634616852
5512,3764,3984,0.3069028854370117
5513,3764,5318,0.3068581819534302
5514,3764,944,0.3068380355834961
5515,3764,6397,0.30683082342147827
5516,3764,3631,0.30678269267082214
5517,3764,3704,0.306703120470047
5518,3764,975,0.3066854476928711
5519,3764,2919,0.3066176772117615
5520,3764,738,0.30653485655784607
5521,3764,990,0.3064599335193634
5522,3764,1272,0.30645233392715454
5523,3764,227,0.30641570687294006
5524,3764,4522,0.30635109543800354
5525,3764,4410,0.306301474571228
5526,3764,1448,0.30616164207458496
5527,3764,2500,0.30616095662117004
5528,3764,3660,0.3061600625514984
5529,3764,3800,0.3061089515686035
5530,3764,4203,0.3060551881790161
5531,3764,4805,0.30602842569351196
5532,3764,624,0.3059346675872803
5533,3764,3946,0.3059236407279968
5534,3764,484,0.305851012468338
5535,3764,4744,0.3058393895626068
5536,3764,3084,0.3058325946331024
5537,3764,3823,0.30578678846359253
5538,3764,5081,0.305672824382782
5539,3764,1290,0.30550017952919006
5540,3764,3225,0.30548930168151855
5541,3764,2244,0.30548542737960815
5542,3764,3828,0.305478036403656
5543,3764,5145,0.30545440316200256
5544,3764,5689,0.3054478168487549
5545,3764,3754,0.3053489327430725
5546,3764,4727,0.30534425377845764
5547,3764,4478,0.30531370639801025
5548,3764,1179,0.3052920401096344
5549,3764,3048,0.30523473024368286
5550,3764,5987,0.3051200807094574
5551,3764,5474,0.30511853098869324
5552,3764,1299,0.30505606532096863
5553,3764,890,0.3050357401371002
5554,3764,3945,0.30501407384872437
5555,3764,4403,0.30497658252716064
5556,3764,4209,0.3049100637435913
5557,3764,2789,0.30486661195755005
5558,3764,1463,0.30480870604515076
5559,3764,6,0.3047979176044464
5560,3764,5217,0.3047812581062317
5561,3764,1742,0.3047749400138855
5562,3764,3952,0.3047007620334625
5563,3764,5490,0.30469223856925964
5564,3764,5104,0.30469194054603577
5565,3764,3324,0.3046410083770752
5566,3764,5849,0.3046349287033081
5567,3764,448,0.304584264755249
5568,3764,1144,0.30457308888435364
5569,3764,4,0.30449071526527405
5570,3764,3429,0.30440753698349
5571,3764,472,0.304242342710495
5572,3764,5808,0.3041219115257263
5573,3764,1584,0.30412036180496216
5574,3764,1692,0.30403852462768555
5575,3764,3204,0.3040381371974945
5576,3764,1225,0.3040250241756439
5577,3764,2802,0.30397865176200867
5578,3764,1721,0.30397024750709534
5579,3764,741,0.3039495050907135
5580,3764,2170,0.30394622683525085
5581,3764,6115,0.3039419949054718
5582,3764,459,0.30384692549705505
5583,3764,3499,0.3038290739059448
5584,3764,2081,0.3038114011287689
5585,3764,5231,0.3038111627101898
5586,3764,1686,0.30379408597946167
5587,3764,3731,0.3037455379962921
5588,3764,1946,0.303730309009552
5589,3764,1668,0.3037225306034088
5590,3764,1254,0.3037204444408417
5591,3764,5176,0.30369412899017334
5592,3764,3603,0.30367204546928406
5593,3764,1124,0.30364829301834106
5594,3764,936,0.30363690853118896
5595,3764,1738,0.303606241941452
5596,3764,4130,0.3036043345928192
5597,3764,5429,0.30348828434944153
5598,3764,578,0.30337101221084595
5599,3764,1424,0.30335336923599243
5600,3764,1935,0.3032979667186737
5601,3764,5672,0.3032962381839752
5602,3764,1283,0.3032561242580414
5603,3764,5809,0.30318933725357056
5604,3764,2893,0.3031848669052124
5605,3764,3259,0.3031429350376129
5606,3764,5786,0.3031225800514221
5607,3764,103,0.30311867594718933
5608,3764,5068,0.3030705749988556
5609,3764,4401,0.303047239780426
5610,3764,1153,0.30304697155952454
5611,3764,4720,0.3029693067073822
5612,3764,5764,0.30295631289482117
5613,3764,4491,0.3029051423072815
5614,3764,2604,0.3028154671192169
5615,3764,1020,0.30279794335365295
5616,3764,4692,0.302794873714447
5617,3764,3687,0.3026338815689087
5618,3764,5708,0.30262839794158936
5619,3764,3766,0.3025344908237457
5620,3764,1014,0.3024615943431854
5621,3764,4133,0.3024466633796692
5622,3764,2647,0.302445650100708
5623,3764,5170,0.30231958627700806
5624,3764,5906,0.30223348736763
5625,3764,4979,0.30222201347351074
5626,3764,5729,0.3021537661552429
5627,3764,5665,0.3021252453327179
5628,3764,2610,0.3021027743816376
5629,3764,4064,0.30208224058151245
5630,3764,2879,0.3020131289958954
5631,3764,6262,0.3020055592060089
5632,3764,2028,0.30196818709373474
5633,3764,6030,0.3019386827945709
5634,3764,3098,0.3018348217010498
5635,3764,5380,0.3017595708370209
5636,3764,2938,0.3017300069332123
5637,3764,4974,0.30167070031166077
5638,3764,5827,0.30163779854774475
5639,3764,1372,0.3015812933444977
5640,3764,638,0.30151790380477905
5641,3764,524,0.3015069365501404
5642,3764,4194,0.3014262020587921
5643,3764,595,0.3014088273048401
5644,3764,4742,0.30136850476264954
5645,3764,1857,0.3013438582420349
5646,3764,2740,0.30130091309547424
5647,3764,5003,0.30129337310791016
5648,3764,5229,0.3012910485267639
5649,3764,3254,0.30126795172691345
5650,3764,3152,0.30094003677368164
5651,3764,4557,0.30084851384162903
5652,3764,3051,0.30059003829956055
5653,3764,4373,0.30055269598960876
5654,3764,758,0.3004594147205353
5655,3764,4071,0.30045828223228455
5656,3764,4210,0.30044829845428467
5657,3764,4086,0.3004250228404999
5658,3764,5113,0.30039703845977783
5659,3764,4748,0.3002920150756836
5660,3764,6144,0.30026063323020935
5661,3764,5374,0.3000892996788025
5662,3764,4526,0.3000207841396332
5663,3764,5586,0.3000091016292572
5664,3764,3401,0.30000197887420654
5665,3764,727,0.29999661445617676
5666,3764,5155,0.29995203018188477
5667,3764,470,0.2999242842197418
5668,3764,6043,0.29992178082466125
5669,3764,6104,0.2998667359352112
5670,3764,967,0.2998396158218384
5671,3764,2413,0.29975467920303345
5672,3764,5076,0.299701452255249
5673,3764,5784,0.2997003197669983
5674,3764,1182,0.2996724843978882
5675,3764,4496,0.2996291518211365
5676,3764,3900,0.2995591163635254
5677,3764,6136,0.2995234727859497
5678,3764,1654,0.2995024025440216
5679,3764,5566,0.2994779646396637
5680,3764,4200,0.2994253635406494
5681,3764,4673,0.29932424426078796
5682,3764,5461,0.29929256439208984
5683,3764,2359,0.2992233335971832
5684,3764,1671,0.29917335510253906
5685,3764,3957,0.29916492104530334
5686,3764,1844,0.29908058047294617
5687,3764,5579,0.2990293502807617
5688,3764,1580,0.2989661395549774
5689,3764,5629,0.2988754212856293
5690,3764,6274,0.2988636791706085
5691,3764,6005,0.29880401492118835
5692,3764,4317,0.2987659275531769
5693,3764,5275,0.2987603545188904
5694,3764,5396,0.298521488904953
5695,3764,6221,0.2985169291496277
5696,3764,5841,0.29848992824554443
5697,3764,435,0.2983280122280121
5698,3764,3394,0.2983098328113556
5699,3764,5452,0.2982982099056244
5700,3764,5564,0.29819953441619873
5701,3764,3702,0.2981920540332794
5702,3764,5073,0.2981798052787781
5703,3764,965,0.2981404662132263
5704,3764,3087,0.29809924960136414
5705,3764,841,0.29809853434562683
5706,3764,427,0.29809820652008057
5707,3764,997,0.29806554317474365
5708,3764,5159,0.2980281412601471
5709,3764,5547,0.2980022728443146
5710,3764,5243,0.2979997992515564
5711,3764,3099,0.2979544997215271
5712,3764,5635,0.2979324460029602
5713,3764,3944,0.29774314165115356
5714,3764,1380,0.29762038588523865
5715,3764,1596,0.29754093289375305
5716,3764,5600,0.2974993884563446
5717,3764,4434,0.29746368527412415
5718,3764,5503,0.29743584990501404
5719,3764,1274,0.2973633110523224
5720,3764,405,0.29724302887916565
5721,3764,5536,0.2972293496131897
5722,3764,5828,0.29708242416381836
5723,3764,4700,0.2970365881919861
5724,3764,4118,0.29701438546180725
5725,3764,4050,0.2969678044319153
5726,3764,4722,0.29694274067878723
5727,3764,593,0.2968706488609314
5728,3764,1120,0.29671981930732727
5729,3764,2668,0.2966487407684326
5730,3764,2167,0.29662200808525085
5731,3764,3123,0.2965337038040161
5732,3764,1321,0.2965056002140045
5733,3764,4131,0.2963586151599884
5734,3764,4075,0.29635369777679443
5735,3764,4292,0.29635167121887207
5736,3764,4032,0.29621943831443787
5737,3764,1428,0.2961817979812622
5738,3764,5887,0.2961435616016388
5739,3764,1820,0.2960679829120636
5740,3764,5466,0.29598718881607056
5741,3764,3330,0.2959379255771637
5742,3764,278,0.29586318135261536
5743,3764,3815,0.2958178222179413
5744,3764,1689,0.29575055837631226
5745,3764,2497,0.29573407769203186
5746,3764,5203,0.29566946625709534
5747,3764,3656,0.29550373554229736
5748,3764,5210,0.295438677072525
5749,3764,4510,0.29540565609931946
5750,3764,433,0.2953644394874573
5751,3764,5012,0.2952174246311188
5752,3764,5070,0.29519590735435486
5753,3764,2788,0.29519176483154297
5754,3764,2689,0.29513785243034363
5755,3764,3602,0.2951096296310425
5756,3764,3200,0.29500216245651245
5757,3764,135,0.2949760854244232
5758,3764,4828,0.29496023058891296
5759,3764,5335,0.294869065284729
5760,3764,2559,0.2948608100414276
5761,3764,2757,0.29485535621643066
5762,3764,177,0.29477187991142273
5763,3764,2978,0.2947511374950409
5764,3764,2871,0.29474496841430664
5765,3764,6293,0.29470136761665344
5766,3764,981,0.29469752311706543
5767,3764,5336,0.29466068744659424
5768,3764,1129,0.2945532500743866
5769,3764,5449,0.2945273220539093
5770,3764,6318,0.29451537132263184
5771,3764,4721,0.29447194933891296
5772,3764,1739,0.29446378350257874
5773,3764,4202,0.294438898563385
5774,3764,6142,0.29440703988075256
5775,3764,2283,0.2942724823951721
5776,3764,5019,0.29410961270332336
5777,3764,1750,0.29409676790237427
5778,3764,1519,0.29402244091033936
5779,3764,5878,0.2938549816608429
5780,3764,3653,0.2937631607055664
5781,3764,1330,0.29368406534194946
5782,3764,2054,0.2936340272426605
5783,3764,6207,0.2936151921749115
5784,3764,5790,0.2935275435447693
5785,3764,2746,0.2934061288833618
5786,3764,2921,0.293385773897171
5787,3764,2088,0.2933467924594879
5788,3764,1869,0.2933467924594879
5789,3764,2824,0.2932128608226776
5790,3764,5037,0.2929997444152832
5791,3764,2558,0.2929845154285431
5792,3764,3173,0.29296988248825073
5793,3764,4444,0.292948842048645
5794,3764,1258,0.29292595386505127
5795,3764,5505,0.2929168939590454
5796,3764,5738,0.2929166853427887
5797,3764,6367,0.29289165139198303
5798,3764,587,0.2928024232387543
5799,3764,5339,0.29279670119285583
5800,3764,697,0.29279616475105286
5801,3764,5988,0.2927842438220978
5802,3764,3060,0.29266157746315
5803,3764,5423,0.29260313510894775
5804,3764,404,0.2923927307128906
5805,3764,2784,0.29238343238830566
5806,3764,5367,0.29236090183258057
5807,3764,2667,0.2922678291797638
5808,3764,3335,0.292248398065567
5809,3764,3870,0.29222890734672546
5810,3764,5319,0.29213449358940125
5811,3764,5285,0.2920830249786377
5812,3764,1753,0.29195094108581543
5813,3764,4868,0.2918996810913086
5814,3764,5158,0.2918379008769989
5815,3764,5838,0.2917296588420868
5816,3764,5823,0.2916981875896454
5817,3764,3359,0.2913171052932739
5818,3764,3287,0.29118314385414124
5819,3764,600,0.29115569591522217
5820,3764,2816,0.2911214828491211
5821,3764,4026,0.29102396965026855
5822,3764,3882,0.2909821569919586
5823,3764,6223,0.29094988107681274
5824,3764,4587,0.2909184396266937
5825,3764,4734,0.2907644808292389
5826,3764,5296,0.29073143005371094
5827,3764,4246,0.29071521759033203
5828,3764,6107,0.29069438576698303
5829,3764,5282,0.2906748950481415
5830,3764,1394,0.29065173864364624
5831,3764,570,0.2906484305858612
5832,3764,4819,0.29063680768013
5833,3764,5131,0.2906353771686554
5834,3764,5825,0.2905843257904053
5835,3764,2346,0.2905368506908417
5836,3764,863,0.29052987694740295
5837,3764,2230,0.29050615429878235
5838,3764,138,0.29035305976867676
5839,3764,5153,0.2902487814426422
5840,3764,4755,0.29007095098495483
5841,3764,3901,0.28997036814689636
5842,3764,5986,0.28994691371917725
5843,3764,1257,0.2898201048374176
5844,3764,2602,0.2897903621196747
5845,3764,2846,0.2896825075149536
5846,3764,1550,0.28967025876045227
5847,3764,6082,0.2896428406238556
5848,3764,199,0.2895714044570923
5849,3764,2599,0.28955674171447754
5850,3764,2775,0.28946632146835327
5851,3764,495,0.28944724798202515
5852,3764,1095,0.28937625885009766
5853,3764,5032,0.28928861021995544
5854,3764,3938,0.2892584204673767
5855,3764,3534,0.2890453338623047
5856,3764,4709,0.28897392749786377
5857,3764,5930,0.2889230251312256
5858,3764,5679,0.28892025351524353
5859,3764,198,0.288906991481781
5860,3764,5329,0.2887886166572571
5861,3764,6111,0.2887762784957886
5862,3764,5314,0.28870850801467896
5863,3764,988,0.28869447112083435
5864,3764,5859,0.2885688543319702
5865,3764,2743,0.2885565459728241
5866,3764,482,0.28846475481987
5867,3764,5745,0.2884206175804138
5868,3764,5091,0.28839990496635437
5869,3764,4606,0.28839585185050964
5870,3764,2732,0.2883661985397339
5871,3764,628,0.2882721424102783
5872,3764,1264,0.28824102878570557
5873,3764,5189,0.2882034182548523
5874,3764,1579,0.28819218277931213
5875,3764,5057,0.2881069481372833
5876,3764,4589,0.28806567192077637
5877,3764,156,0.2880605161190033
5878,3764,4626,0.2880425453186035
5879,3764,3746,0.28792133927345276
5880,3764,2083,0.287864089012146
5881,3764,613,0.28784671425819397
5882,3764,5440,0.2877848148345947
5883,3764,290,0.28775516152381897
5884,3764,797,0.2876964211463928
5885,3764,572,0.28763020038604736
5886,3764,1292,0.2876283526420593
5887,3764,3275,0.28755682706832886
5888,3764,257,0.2875407338142395
5889,3764,5958,0.28740596771240234
5890,3764,5580,0.2873396873474121
5891,3764,2957,0.28731316328048706
5892,3764,5910,0.28731000423431396
5893,3764,1678,0.28729405999183655
5894,3764,898,0.2872920036315918
5895,3764,3993,0.28726840019226074
5896,3764,2575,0.2872215807437897
5897,3764,2272,0.28718432784080505
5898,3764,6294,0.2871674597263336
5899,3764,380,0.28711840510368347
5900,3764,1609,0.2871156930923462
5901,3764,3970,0.28690528869628906
5902,3764,3598,0.28680917620658875
5903,3764,5353,0.2868019640445709
5904,3764,1711,0.28667494654655457
5905,3764,3320,0.2866606116294861
5906,3764,977,0.28651759028434753
5907,3764,5390,0.2865149676799774
5908,3764,5302,0.28642144799232483
5909,3764,3825,0.2863982021808624
5910,3764,4030,0.28630754351615906
5911,3764,4225,0.2862913906574249
5912,3764,2318,0.28619664907455444
5913,3764,3607,0.28617215156555176
5914,3764,2903,0.28601452708244324
5915,3764,2974,0.2860093116760254
5916,3764,544,0.28585416078567505
5917,3764,4989,0.2857636511325836
5918,3764,563,0.28554436564445496
5919,3764,833,0.2853737473487854
5920,3764,5475,0.2853609025478363
5921,3764,3046,0.2852315604686737
5922,3764,2385,0.2850739061832428
5923,3764,5152,0.2847760319709778
5924,3764,3618,0.28468093276023865
5925,3764,3997,0.2843644917011261
5926,3764,3649,0.28426969051361084
5927,3764,3561,0.2842296063899994
5928,3764,2880,0.28413835167884827
5929,3764,2691,0.2840895354747772
5930,3764,1688,0.28404468297958374
5931,3764,1019,0.284030020236969
5932,3764,5436,0.2837469279766083
5933,3764,2319,0.28364208340644836
5934,3764,1967,0.28359586000442505
5935,3764,3996,0.2835169732570648
5936,3764,2544,0.28349769115448
5937,3764,217,0.2833402454853058
5938,3764,4821,0.28331369161605835
5939,3764,5207,0.28330156207084656
5940,3764,621,0.2831871509552002
5941,3764,3516,0.2831403911113739
5942,3764,822,0.2830629050731659
5943,3764,3412,0.2829940617084503
5944,3764,5097,0.2829148471355438
5945,3764,5317,0.2829059064388275
5946,3764,1426,0.28287962079048157
5947,3764,2268,0.28276151418685913
5948,3764,5861,0.28268492221832275
5949,3764,5992,0.2826675474643707
5950,3764,5760,0.28266477584838867
5951,3764,1402,0.282598614692688
5952,3764,2518,0.28232261538505554
5953,3764,1000,0.28229987621307373
5954,3764,564,0.28228136897087097
5955,3764,150,0.28222528100013733
5956,3764,6231,0.28221938014030457
5957,3764,4730,0.2821733057498932
5958,3764,3326,0.28214162588119507
5959,3764,1396,0.282138854265213
5960,3764,1436,0.28206512331962585
5961,3764,6143,0.2820453941822052
5962,3764,3483,0.2819598317146301
5963,3764,2754,0.2818392813205719
5964,3764,3896,0.28182870149612427
5965,3764,1437,0.2817390561103821
5966,3764,6122,0.2816653549671173
5967,3764,332,0.28165963292121887
5968,3764,1813,0.28161489963531494
5969,3764,5742,0.2815491557121277
5970,3764,5182,0.2814798951148987
5971,3764,6015,0.2814685106277466
5972,3764,1406,0.28146490454673767
5973,3764,2925,0.28143757581710815
5974,3764,639,0.28141459822654724
5975,3764,3929,0.28136882185935974
5976,3764,4242,0.28135886788368225
5977,3764,60,0.28128209710121155
5978,3764,950,0.2812798023223877
5979,3764,3814,0.28125274181365967
5980,3764,3777,0.2811351418495178
5981,3764,3201,0.280901700258255
5982,3764,3140,0.2808723747730255
5983,3764,4196,0.280843585729599
5984,3764,3967,0.280787855386734
5985,3764,2612,0.2807854115962982
5986,3764,556,0.2807532548904419
5987,3764,3911,0.2806364893913269
5988,3764,1099,0.28051748871803284
5989,3764,3940,0.2804851233959198
5990,3764,5517,0.2804849147796631
5991,3764,4629,0.2804056406021118
5992,3764,2965,0.2803961932659149
5993,3764,3148,0.2802950441837311
5994,3764,3947,0.28028440475463867
5995,3764,2823,0.2802632451057434
5996,3764,902,0.2797889709472656
5997,3764,905,0.2797086834907532
5998,3764,3847,0.2796165347099304
5999,3764,5192,0.27960842847824097
6000,3764,2906,0.2795112729072571
6001,3764,5460,0.2793983817100525
6002,3764,5787,0.2793046832084656
6003,3764,2389,0.2792244851589203
6004,3764,4258,0.27917858958244324
6005,3764,779,0.27917179465293884
6006,3764,2804,0.2791488468647003
6007,3764,4962,0.27907776832580566
6008,3764,4274,0.2790302038192749
6009,3764,3298,0.2789980173110962
6010,3764,2680,0.2789973318576813
6011,3764,3427,0.27896660566329956
6012,3764,6055,0.27869951725006104
6013,3764,2005,0.2786526679992676
6014,3764,2670,0.2786203920841217
6015,3764,3198,0.27853116393089294
6016,3764,3782,0.2784137725830078
6017,3764,2138,0.27808624505996704
6018,3764,5313,0.27797335386276245
6019,3764,2688,0.2778988480567932
6020,3764,4605,0.27787837386131287
6021,3764,5645,0.27787813544273376
6022,3764,551,0.2777716815471649
6023,3764,4617,0.2776351571083069
6024,3764,5934,0.27757105231285095
6025,3764,3199,0.2774556875228882
6026,3764,3017,0.2774132490158081
6027,3764,5453,0.2773694694042206
6028,3764,5965,0.2773456871509552
6029,3764,3709,0.27718374133110046
6030,3764,5316,0.2770842909812927
6031,3764,3726,0.27705690264701843
6032,3764,1003,0.2769390344619751
6033,3764,1262,0.2768288850784302
6034,3764,3783,0.27680647373199463
6035,3764,4212,0.27673768997192383
6036,3764,2182,0.27670106291770935
6037,3764,5636,0.2766277492046356
6038,3764,5796,0.2766034007072449
6039,3764,5340,0.27644631266593933
6040,3764,4245,0.2761211097240448
6041,3764,4837,0.27597689628601074
6042,3764,4412,0.2759636640548706
6043,3764,735,0.2758907675743103
6044,3764,5071,0.27581700682640076
6045,3764,5401,0.27581697702407837
6046,3764,630,0.2758084535598755
6047,3764,5652,0.27577832341194153
6048,3764,743,0.27577507495880127
6049,3764,1811,0.275766521692276
6050,3764,5506,0.27573344111442566
6051,3764,5403,0.27566370368003845
6052,3764,2811,0.27556726336479187
6053,3764,5208,0.2754536271095276
6054,3764,2349,0.27533331513404846
6055,3764,1296,0.27527233958244324
6056,3764,1255,0.2752314805984497
6057,3764,1039,0.2751644253730774
6058,3764,1108,0.2751278579235077
6059,3764,3895,0.27508974075317383
6060,3764,2951,0.2750549614429474
6061,3764,5814,0.27479878067970276
6062,3764,3141,0.2747514843940735
6063,3764,5916,0.2745397984981537
6064,3764,5954,0.27430611848831177
6065,3764,5727,0.2742440402507782
6066,3764,3999,0.2742024064064026
6067,3764,5805,0.2741397023200989
6068,3764,4398,0.2739154100418091
6069,3764,147,0.2739025056362152
6070,3764,3120,0.27374687790870667
6071,3764,510,0.2736783027648926
6072,3764,603,0.2736753225326538
6073,3764,3626,0.2734188139438629
6074,3764,1055,0.2731538712978363
6075,3764,1199,0.2730868458747864
6076,3764,5080,0.27293720841407776
6077,3764,6218,0.27290767431259155
6078,3764,3332,0.27284663915634155
6079,3764,5891,0.2727935314178467
6080,3764,1589,0.27273041009902954
6081,3764,4136,0.27271297574043274
6082,3764,821,0.27257707715034485
6083,3764,6278,0.2725750803947449
6084,3764,6029,0.2724918723106384
6085,3764,4594,0.2722412943840027
6086,3764,3178,0.2718718349933624
6087,3764,5298,0.27185186743736267
6088,3764,4707,0.2718397080898285
6089,3764,211,0.27180996537208557
6090,3764,1009,0.27175432443618774
6091,3764,5762,0.27166038751602173
6092,3764,1760,0.27164575457572937
6093,3764,4037,0.27163246273994446
6094,3764,4077,0.27157557010650635
6095,3764,3102,0.2713969945907593
6096,3764,5372,0.27137136459350586
6097,3764,1685,0.27131059765815735
6098,3764,3329,0.2712818384170532
6099,3764,59,0.2712387442588806
6100,3764,4540,0.27110782265663147
6101,3764,5690,0.27107352018356323
6102,3764,537,0.2710418403148651
6103,3764,6340,0.27104058861732483
6104,3764,5966,0.2709985375404358
6105,3764,5276,0.2706759572029114
6106,3764,2869,0.2706495225429535
6107,3764,5427,0.27063676714897156
6108,3764,869,0.2703617811203003
6109,3764,5283,0.2703232765197754
6110,3764,1677,0.2703150808811188
6111,3764,6070,0.27029678225517273
6112,3764,580,0.2702365219593048
6113,3764,2911,0.27018922567367554
6114,3764,3271,0.27018922567367554
6115,3764,1683,0.27018922567367554
6116,3764,3576,0.27018922567367554
6117,3764,1043,0.27018922567367554
6118,3764,3584,0.27018922567367554
6119,3764,1071,0.27018922567367554
6120,3764,5121,0.27018922567367554
6121,3764,4622,0.27018922567367554
6122,3764,2342,0.27018922567367554
6123,3764,3780,0.27018922567367554
6124,3764,102,0.27018922567367554
6125,3764,3757,0.27018922567367554
6126,3764,13,0.27018922567367554
6127,3764,2929,0.27018922567367554
6128,3764,6198,0.27018922567367554
6129,3764,3550,0.27018922567367554
6130,3764,1583,0.27018922567367554
6131,3764,4690,0.27018922567367554
6132,3764,5333,0.27018922567367554
6133,3764,1578,0.27018922567367554
6134,3764,5043,0.27018922567367554
6135,3764,5334,0.27018922567367554
6136,3764,3795,0.27018922567367554
6137,3764,344,0.27018922567367554
6138,3764,2917,0.27018922567367554
6139,3764,3876,0.27018922567367554
6140,3764,3180,0.2701556086540222
6141,3764,5967,0.2700320780277252
6142,3764,1001,0.26989099383354187
6143,3764,3428,0.2697620093822479
6144,3764,5072,0.26963064074516296
6145,3764,4567,0.2696194648742676
6146,3764,672,0.2694706916809082
6147,3764,4764,0.2692919373512268
6148,3764,2714,0.26923704147338867
6149,3764,3778,0.26910537481307983
6150,3764,90,0.26906970143318176
6151,3764,4955,0.26873117685317993
6152,3764,5279,0.26872703433036804
6153,3764,3404,0.2686980664730072
6154,3764,3943,0.26865828037261963
6155,3764,35,0.2686132788658142
6156,3764,5793,0.2684226930141449
6157,3764,4448,0.26839619874954224
6158,3764,3841,0.2683205306529999
6159,3764,3840,0.2683205306529999
6160,3764,5797,0.2683136463165283
6161,3764,663,0.2681087255477905
6162,3764,5583,0.26796191930770874
6163,3764,2860,0.267596572637558
6164,3764,3139,0.267588347196579
6165,3764,1898,0.26757797598838806
6166,3764,5111,0.2675645351409912
6167,3764,2155,0.26752811670303345
6168,3764,5195,0.26746833324432373
6169,3764,5628,0.2673298120498657
6170,3764,5744,0.26725849509239197
6171,3764,6374,0.2671140134334564
6172,3764,339,0.26687076687812805
6173,3764,4021,0.26683276891708374
6174,3764,2813,0.26682332158088684
6175,3764,4651,0.26677805185317993
6176,3764,814,0.26676124334335327
6177,3764,3563,0.26670876145362854
6178,3764,6084,0.2666974663734436
6179,3764,2278,0.26650723814964294
6180,3764,5410,0.26647862792015076
6181,3764,3527,0.2663733959197998
6182,3764,716,0.2662959396839142
6183,3764,2945,0.26623812317848206
6184,3764,3750,0.26621192693710327
6185,3764,2052,0.2661605775356293
6186,3764,2415,0.26616033911705017
6187,3764,1696,0.26608186960220337
6188,3764,2297,0.26604506373405457
6189,3764,289,0.26588326692581177
6190,3764,4241,0.2658692002296448
6191,3764,4637,0.2656424045562744
6192,3764,5557,0.26533785462379456
6193,3764,2162,0.2649500072002411
6194,3764,2930,0.2648691236972809
6195,3764,1672,0.2648276090621948
6196,3764,2589,0.26475203037261963
6197,3764,979,0.2647303342819214
6198,3764,1260,0.264671266078949
6199,3764,6271,0.2645452916622162
6200,3764,1728,0.2645381987094879
6201,3764,6150,0.2645328640937805
6202,3764,3203,0.263720840215683
6203,3764,3680,0.26365140080451965
6204,3764,3163,0.26357465982437134
6205,3764,368,0.26350870728492737
6206,3764,5226,0.26345494389533997
6207,3764,2720,0.26323607563972473
6208,3764,2870,0.26322653889656067
6209,3764,1823,0.2631218135356903
6210,3764,2536,0.2629566192626953
6211,3764,2905,0.26280227303504944
6212,3764,4704,0.26254498958587646
6213,3764,4520,0.26246196031570435
6214,3764,6234,0.2624272108078003
6215,3764,4857,0.26241540908813477
6216,3764,2831,0.26230624318122864
6217,3764,3495,0.26210954785346985
6218,3764,558,0.26182064414024353
6219,3764,3399,0.2617596387863159
6220,3764,18,0.2616705000400543
6221,3764,4177,0.2615344524383545
6222,3764,5791,0.26148462295532227
6223,3764,4551,0.26135388016700745
6224,3764,3698,0.2613465189933777
6225,3764,4547,0.2611759901046753
6226,3764,5746,0.2611694633960724
6227,3764,10,0.2608616352081299
6228,3764,3732,0.26082998514175415
6229,3764,6239,0.26040878891944885
6230,3764,1401,0.2602737247943878
6231,3764,1098,0.2601020336151123
6232,3764,1705,0.25987595319747925
6233,3764,3644,0.2597522437572479
6234,3764,4660,0.25974878668785095
6235,3764,3041,0.25972700119018555
6236,3764,2393,0.25963708758354187
6237,3764,5228,0.25929033756256104
6238,3764,209,0.25895747542381287
6239,3764,4888,0.2585681080818176
6240,3764,567,0.25848615169525146
6241,3764,5709,0.25832638144493103
6242,3764,2797,0.258242666721344
6243,3764,5239,0.2582400143146515
6244,3764,4271,0.25799503922462463
6245,3764,341,0.2579246759414673
6246,3764,6001,0.25787514448165894
6247,3764,6037,0.2578505575656891
6248,3764,6189,0.25780704617500305
6249,3764,1445,0.25780293345451355
6250,3764,4762,0.25775325298309326
6251,3764,2856,0.25769758224487305
6252,3764,5743,0.25754407048225403
6253,3764,3177,0.25743287801742554
6254,3764,2868,0.2574125826358795
6255,3764,4336,0.25738072395324707
6256,3764,1505,0.25715556740760803
6257,3764,1667,0.25713911652565
6258,3764,2805,0.25707241892814636
6259,3764,2671,0.2570543885231018
6260,3764,5222,0.2567470371723175
6261,3764,4965,0.25662413239479065
6262,3764,5675,0.25582754611968994
6263,3764,3430,0.2554568946361542
6264,3764,2992,0.25526198744773865
6265,3764,3719,0.25521907210350037
6266,3764,3671,0.2551880180835724
6267,3764,3600,0.2545224726200104
6268,3764,2353,0.2544979453086853
6269,3764,3081,0.25449368357658386
6270,3764,2791,0.25433215498924255
6271,3764,4039,0.2540600299835205
6272,3764,5575,0.2538794279098511
6273,3764,5230,0.2538227140903473
6274,3764,5383,0.2537929117679596
6275,3764,1263,0.25287607312202454
6276,3764,5947,0.25281113386154175
6277,3764,4771,0.2526964247226715
6278,3764,586,0.2524554431438446
6279,3764,3658,0.25228583812713623
6280,3764,5785,0.2520844638347626
6281,3764,868,0.25198695063591003
6282,3764,843,0.25186920166015625
6283,3764,1658,0.2518139183521271
6284,3764,4239,0.2517828047275543
6285,3764,5953,0.2513030767440796
6286,3764,5358,0.251275897026062
6287,3764,6209,0.25091785192489624
6288,3764,2524,0.2506006956100464
6289,3764,5050,0.2503392994403839
6290,3764,4272,0.2502783238887787
6291,3764,3839,0.25027644634246826
6292,3764,917,0.25026288628578186
6293,3764,5695,0.25024789571762085
6294,3764,312,0.2500903904438019
6295,3764,1561,0.24990423023700714
6296,3764,6176,0.24984829127788544
6297,3764,5278,0.2498326152563095
6298,3764,3305,0.2495427429676056
6299,3764,6203,0.24949683248996735
6300,3764,2934,0.2493787556886673
6301,3764,5999,0.24930179119110107
6302,3764,6098,0.2492973804473877
6303,3764,5473,0.24922765791416168
6304,3764,3833,0.24914033710956573
6305,3764,3868,0.24893702566623688
6306,3764,1586,0.24893207848072052
6307,3764,5905,0.2488500326871872
6308,3764,5670,0.248729407787323
6309,3764,5801,0.24859493970870972
6310,3764,3008,0.24859051406383514
6311,3764,5375,0.24837984144687653
6312,3764,5315,0.247976154088974
6313,3764,2963,0.24793410301208496
6314,3764,2920,0.24786950647830963
6315,3764,3956,0.24773584306240082
6316,3764,1818,0.24760784208774567
6317,3764,2366,0.24750511348247528
6318,3764,5845,0.24698500335216522
6319,3764,568,0.24688401818275452
6320,3764,3781,0.24650231003761292
6321,3764,4356,0.2461966574192047
6322,3764,1701,0.24588149785995483
6323,3764,4222,0.24583978950977325
6324,3764,5297,0.24582913517951965
6325,3764,282,0.24582797288894653
6326,3764,2262,0.24580322206020355
6327,3764,4937,0.24576716125011444
6328,3764,1870,0.2457423061132431
6329,3764,3804,0.24568060040473938
6330,3764,4458,0.24564418196678162
6331,3764,3226,0.244371697306633
6332,3764,3211,0.24405911564826965
6333,3764,2882,0.24389781057834625
6334,3764,569,0.2438565343618393
6335,3764,6137,0.24381506443023682
6336,3764,3788,0.24362099170684814
6337,3764,1395,0.2433144599199295
6338,3764,5320,0.24295292794704437
6339,3764,3539,0.24290047585964203
6340,3764,5862,0.2427753210067749
6341,3764,629,0.24272078275680542
6342,3764,2982,0.24270400404930115
6343,3764,1681,0.24269384145736694
6344,3764,3293,0.24262458086013794
6345,3764,5312,0.24257607758045197
6346,3764,4416,0.24209894239902496
6347,3764,5948,0.24201232194900513
6348,3764,5463,0.2419987916946411
6349,3764,3811,0.241986483335495
6350,3764,590,0.24177831411361694
6351,3764,56,0.2415008842945099
6352,3764,2853,0.2408669888973236
6353,3764,5833,0.24086299538612366
6354,3764,5686,0.24079132080078125
6355,3764,1694,0.24060194194316864
6356,3764,3270,0.24056465923786163
6357,3764,4042,0.24052897095680237
6358,3764,3013,0.24022099375724792
6359,3764,1138,0.23990851640701294
6360,3764,4414,0.2395029067993164
6361,3764,5657,0.23915426433086395
6362,3764,5291,0.2389780431985855
6363,3764,3422,0.23876436054706573
6364,3764,2725,0.23847146332263947
6365,3764,1459,0.23664414882659912
6366,3764,5943,0.23603521287441254
6367,3764,4891,0.23573067784309387
6368,3764,5959,0.23528435826301575
6369,3764,3770,0.2348933219909668
6370,3764,5970,0.23464013636112213
6371,3764,1432,0.23457129299640656
6372,3764,899,0.23376837372779846
6373,3764,2665,0.23349624872207642
6374,3764,4221,0.23204968869686127
6375,3764,1351,0.231660395860672
6376,3764,6240,0.23163333535194397
6377,3764,2673,0.2310027927160263
6378,3764,5324,0.23035143315792084
6379,3764,4195,0.23015956580638885
6380,3764,4461,0.22995124757289886
6381,3764,3803,0.22976474463939667
6382,3764,2876,0.22950777411460876
6383,3764,3034,0.22928088903427124
6384,3764,2601,0.22916169464588165
6385,3764,6120,0.2290021777153015
6386,3764,6016,0.2281203716993332
6387,3764,5206,0.22757211327552795
6388,3764,550,0.2261752337217331
6389,3764,5984,0.22602388262748718
6390,3764,3258,0.22600799798965454
6391,3764,819,0.225718691945076
6392,3764,3398,0.22529657185077667
6393,3764,1582,0.22491174936294556
6394,3764,1593,0.22491174936294556
6395,3764,5102,0.22443647682666779
6396,3764,3666,0.22408419847488403
6397,3764,5184,0.22382843494415283
6398,3764,1030,0.22343499958515167
6399,3764,6129,0.22256386280059814
6400,3764,4223,0.22202391922473907
6401,3764,5824,0.22143717110157013
6402,3764,75,0.2214251607656479
6403,3764,3224,0.22111859917640686
6404,3764,5692,0.22053365409374237
6405,3764,4217,0.22037014365196228
6406,3764,5640,0.21901120245456696
6407,3764,52,0.21708859503269196
6408,3764,175,0.21670037508010864
6409,3764,1267,0.21651700139045715
6410,3764,1744,0.21619461476802826
6411,3764,3935,0.2157270312309265
6412,3764,3097,0.21478426456451416
6413,3764,1708,0.2137540578842163
6414,3764,499,0.2134380340576172
6415,3764,5250,0.212186798453331
6416,3764,751,0.21141758561134338
6417,3764,3556,0.21035033464431763
6418,3764,1100,0.20878010988235474
6419,3764,5428,0.20798072218894958
6420,3764,6050,0.20751100778579712
6421,3764,2767,0.20399923622608185
6422,3764,2962,0.20366017520427704
6423,3764,5464,0.19674253463745117
6424,3764,2946,0.19369341433048248
6425,3764,1185,0.18558688461780548
