,target_num,prod_num,similarity
0,3626,3626,0.9999996423721313
1,3626,814,0.7424085736274719
2,3626,1646,0.7014613151550293
3,3626,2451,0.6986493468284607
4,3626,1066,0.6881399154663086
5,3626,3559,0.6848209500312805
6,3626,898,0.6817638874053955
7,3626,2676,0.6794727444648743
8,3626,2708,0.6717219352722168
9,3626,1850,0.6717219352722168
10,3626,955,0.6693384647369385
11,3626,1283,0.6679132580757141
12,3626,3107,0.6667196750640869
13,3626,3734,0.6666258573532104
14,3626,1952,0.6499924659729004
15,3626,3087,0.6486650705337524
16,3626,951,0.6448361873626709
17,3626,3272,0.6422271728515625
18,3626,1449,0.641511857509613
19,3626,1426,0.6402959823608398
20,3626,3621,0.6402472257614136
21,3626,1716,0.6385045051574707
22,3626,1761,0.6384937167167664
23,3626,1308,0.6377544403076172
24,3626,960,0.633804440498352
25,3626,783,0.633558988571167
26,3626,3053,0.6324473023414612
27,3626,889,0.6324054598808289
28,3626,3625,0.6322991847991943
29,3626,1459,0.6319005489349365
30,3626,1175,0.6312354803085327
31,3626,3373,0.629643976688385
32,3626,886,0.6293103694915771
33,3626,1281,0.6290852427482605
34,3626,1503,0.6289827227592468
35,3626,2623,0.6272684931755066
36,3626,2222,0.6269187331199646
37,3626,1358,0.626807689666748
38,3626,1112,0.6263717412948608
39,3626,2891,0.6251065135002136
40,3626,849,0.6247977018356323
41,3626,528,0.6244571805000305
42,3626,900,0.6239564418792725
43,3626,2656,0.6229404807090759
44,3626,1311,0.6226793527603149
45,3626,1100,0.6207853555679321
46,3626,2705,0.6203216314315796
47,3626,755,0.6202313303947449
48,3626,3812,0.6198641657829285
49,3626,3932,0.619554340839386
50,3626,929,0.6191486716270447
51,3626,1691,0.6190494298934937
52,3626,2621,0.6188216805458069
53,3626,2094,0.6186144948005676
54,3626,3892,0.6185805201530457
55,3626,3135,0.617656409740448
56,3626,1445,0.6174660325050354
57,3626,3733,0.6164002418518066
58,3626,2164,0.6161095499992371
59,3626,800,0.6157969832420349
60,3626,2655,0.6146498918533325
61,3626,1396,0.614301323890686
62,3626,1282,0.6142169833183289
63,3626,2475,0.6137853860855103
64,3626,2163,0.6127392649650574
65,3626,1456,0.610845685005188
66,3626,1553,0.6108018755912781
67,3626,1355,0.6106796264648438
68,3626,3566,0.6102796196937561
69,3626,2609,0.6102479696273804
70,3626,1604,0.6102049946784973
71,3626,1472,0.6096358895301819
72,3626,1468,0.6092702150344849
73,3626,2105,0.6091121435165405
74,3626,3774,0.6089307069778442
75,3626,1703,0.6087184548377991
76,3626,930,0.6082647442817688
77,3626,833,0.6082561612129211
78,3626,3294,0.6082078814506531
79,3626,1300,0.6080502867698669
80,3626,1814,0.6079184412956238
81,3626,1450,0.6076265573501587
82,3626,3125,0.6074960231781006
83,3626,1399,0.607481837272644
84,3626,2945,0.6073887348175049
85,3626,964,0.6069652438163757
86,3626,1984,0.6068210005760193
87,3626,776,0.6068041920661926
88,3626,341,0.6054180264472961
89,3626,668,0.6052996516227722
90,3626,2685,0.6049301028251648
91,3626,1141,0.6048834919929504
92,3626,4373,0.6047060489654541
93,3626,284,0.6045314073562622
94,3626,1621,0.6041563749313354
95,3626,4136,0.6037151217460632
96,3626,956,0.6033932566642761
97,3626,1418,0.6027479767799377
98,3626,3101,0.6022772192955017
99,3626,4360,0.6020628809928894
100,3626,909,0.6015398502349854
101,3626,4372,0.6005731225013733
102,3626,1974,0.6002379059791565
103,3626,1350,0.6002151966094971
104,3626,1435,0.5997406840324402
105,3626,789,0.5993951559066772
106,3626,2774,0.599077582359314
107,3626,1877,0.5990147590637207
108,3626,4370,0.5985509753227234
109,3626,794,0.5983514189720154
110,3626,1287,0.5983496308326721
111,3626,3849,0.598137378692627
112,3626,1359,0.5978729724884033
113,3626,3136,0.5978587865829468
114,3626,4361,0.5978378653526306
115,3626,3225,0.5974379777908325
116,3626,3979,0.5973216891288757
117,3626,1369,0.5971294045448303
118,3626,1751,0.5970234870910645
119,3626,1936,0.5970045924186707
120,3626,1808,0.5969057083129883
121,3626,3878,0.5968360900878906
122,3626,1523,0.5968321561813354
123,3626,1361,0.596811830997467
124,3626,1663,0.5968080163002014
125,3626,4371,0.5966565608978271
126,3626,3255,0.5963599681854248
127,3626,1403,0.5954811573028564
128,3626,1155,0.5954251289367676
129,3626,1838,0.5948745608329773
130,3626,2213,0.5948720574378967
131,3626,90,0.5946004986763
132,3626,2248,0.5945290327072144
133,3626,2922,0.5945022106170654
134,3626,2797,0.5943894386291504
135,3626,832,0.5942072868347168
136,3626,1645,0.5941988825798035
137,3626,2221,0.5941514372825623
138,3626,998,0.5938225388526917
139,3626,1566,0.5937022566795349
140,3626,904,0.5934503674507141
141,3626,2250,0.5932955145835876
142,3626,648,0.5922234654426575
143,3626,4256,0.5920077562332153
144,3626,3386,0.5919756293296814
145,3626,2259,0.5919647216796875
146,3626,1968,0.5918208360671997
147,3626,985,0.5916470289230347
148,3626,3116,0.5915497541427612
149,3626,1167,0.5914284586906433
150,3626,4031,0.591427206993103
151,3626,3590,0.5909152626991272
152,3626,845,0.5905982851982117
153,3626,2641,0.5905268788337708
154,3626,2957,0.5905253887176514
155,3626,2166,0.5904285907745361
156,3626,3731,0.5903010368347168
157,3626,3056,0.5897741317749023
158,3626,1652,0.5893614888191223
159,3626,346,0.5892409086227417
160,3626,874,0.5890837907791138
161,3626,1285,0.5889191627502441
162,3626,2964,0.5886068344116211
163,3626,3846,0.5885692834854126
164,3626,1236,0.5885544419288635
165,3626,3748,0.5882110595703125
166,3626,2701,0.5878983736038208
167,3626,1047,0.587809681892395
168,3626,2190,0.5877944231033325
169,3626,3863,0.5877370238304138
170,3626,2159,0.5875793695449829
171,3626,2277,0.587335467338562
172,3626,1649,0.5871991515159607
173,3626,1412,0.5870784521102905
174,3626,1559,0.5870784521102905
175,3626,2363,0.5870775580406189
176,3626,3715,0.5869007706642151
177,3626,884,0.5867307782173157
178,3626,297,0.5865237712860107
179,3626,4395,0.5864829421043396
180,3626,3560,0.5864159464836121
181,3626,1346,0.5863701701164246
182,3626,4085,0.5863662958145142
183,3626,1704,0.5860579609870911
184,3626,83,0.586012065410614
185,3626,1389,0.5859247446060181
186,3626,685,0.5856650471687317
187,3626,3127,0.5855351090431213
188,3626,452,0.5855238437652588
189,3626,307,0.58535236120224
190,3626,4364,0.5852969288825989
191,3626,2218,0.5847198367118835
192,3626,1507,0.5846683979034424
193,3626,1609,0.5841642022132874
194,3626,1471,0.5841525793075562
195,3626,2341,0.5840372443199158
196,3626,781,0.5839757323265076
197,3626,3525,0.5837934613227844
198,3626,1848,0.583728015422821
199,3626,1812,0.5837096571922302
200,3626,1417,0.5836765170097351
201,3626,1432,0.5836309194564819
202,3626,2205,0.5834593772888184
203,3626,834,0.5833669304847717
204,3626,2112,0.5833132266998291
205,3626,2367,0.583250880241394
206,3626,3223,0.5831407904624939
207,3626,1888,0.583040177822113
208,3626,827,0.5825164914131165
209,3626,1302,0.5823214650154114
210,3626,4204,0.5822306275367737
211,3626,1065,0.5820392370223999
212,3626,1908,0.5818976759910583
213,3626,3094,0.5817896723747253
214,3626,344,0.5816873908042908
215,3626,3976,0.5816839933395386
216,3626,3682,0.5816074013710022
217,3626,2674,0.5815749168395996
218,3626,950,0.5814446210861206
219,3626,2568,0.581348180770874
220,3626,405,0.5810900926589966
221,3626,1297,0.5804595947265625
222,3626,1019,0.5804466009140015
223,3626,2762,0.5802326798439026
224,3626,3861,0.5799816846847534
225,3626,3851,0.5799371004104614
226,3626,3622,0.579732358455658
227,3626,4329,0.5795322060585022
228,3626,3646,0.579484224319458
229,3626,2015,0.579465389251709
230,3626,3637,0.579329788684845
231,3626,3049,0.5791982412338257
232,3626,3820,0.5791707038879395
233,3626,3145,0.5789880156517029
234,3626,3747,0.5789804458618164
235,3626,2186,0.5788660049438477
236,3626,169,0.5788536071777344
237,3626,3744,0.5786485075950623
238,3626,54,0.5783652067184448
239,3626,1370,0.5782212018966675
240,3626,1261,0.5781427025794983
241,3626,2379,0.5780487656593323
242,3626,1081,0.5780171751976013
243,3626,2680,0.5779751539230347
244,3626,410,0.5777857899665833
245,3626,1457,0.5775352120399475
246,3626,1035,0.5773109793663025
247,3626,1698,0.5769867897033691
248,3626,580,0.5769524574279785
249,3626,1940,0.5769340991973877
250,3626,24,0.5768654346466064
251,3626,418,0.5768530964851379
252,3626,4047,0.5763529539108276
253,3626,3766,0.5763213634490967
254,3626,1460,0.5762500166893005
255,3626,705,0.5759711861610413
256,3626,1869,0.5755850672721863
257,3626,4365,0.5753158926963806
258,3626,2595,0.5752514600753784
259,3626,906,0.5750917792320251
260,3626,2175,0.5750244855880737
261,3626,2184,0.5749855637550354
262,3626,754,0.5749107003211975
263,3626,4011,0.5748922824859619
264,3626,2340,0.5748324990272522
265,3626,2961,0.5743144750595093
266,3626,1639,0.574183464050293
267,3626,1554,0.5741788744926453
268,3626,1501,0.57403963804245
269,3626,3334,0.5736721754074097
270,3626,1862,0.573577880859375
271,3626,583,0.573540985584259
272,3626,1642,0.5733024477958679
273,3626,1306,0.5731268525123596
274,3626,1978,0.5729775428771973
275,3626,4130,0.5729472637176514
276,3626,3555,0.572807788848877
277,3626,880,0.572796642780304
278,3626,2646,0.5725908279418945
279,3626,670,0.5725628137588501
280,3626,3144,0.572431743144989
281,3626,1446,0.572253942489624
282,3626,2035,0.5716599822044373
283,3626,1106,0.5716179013252258
284,3626,2634,0.5713995099067688
285,3626,1714,0.5713414549827576
286,3626,910,0.5712800025939941
287,3626,787,0.571152925491333
288,3626,3306,0.571092963218689
289,3626,3832,0.5709664821624756
290,3626,1149,0.570871889591217
291,3626,3783,0.5707488059997559
292,3626,2696,0.5705066323280334
293,3626,1555,0.5703882575035095
294,3626,258,0.5701704025268555
295,3626,1360,0.569860577583313
296,3626,1491,0.5698421597480774
297,3626,2126,0.569767951965332
298,3626,3146,0.5694482922554016
299,3626,1793,0.5694409608840942
300,3626,3285,0.569388747215271
301,3626,3102,0.5693685412406921
302,3626,891,0.569351077079773
303,3626,2858,0.5693501234054565
304,3626,3290,0.569280207157135
305,3626,4330,0.5692694187164307
306,3626,2644,0.5692560076713562
307,3626,1733,0.569183886051178
308,3626,3924,0.569078266620636
309,3626,882,0.5689982771873474
310,3626,3898,0.5689863562583923
311,3626,1400,0.5689795017242432
312,3626,3974,0.568892776966095
313,3626,2245,0.5688015818595886
314,3626,2230,0.5687522888183594
315,3626,1415,0.5686870813369751
316,3626,867,0.568567156791687
317,3626,1126,0.5684507489204407
318,3626,738,0.5683504939079285
319,3626,1667,0.5683378577232361
320,3626,1154,0.5683369040489197
321,3626,632,0.568282961845398
322,3626,1532,0.5681216716766357
323,3626,923,0.5680696964263916
324,3626,2162,0.5680167078971863
325,3626,350,0.5679483413696289
326,3626,2063,0.5678856372833252
327,3626,2629,0.5678483247756958
328,3626,1702,0.5677525401115417
329,3626,2970,0.567703902721405
330,3626,436,0.567546010017395
331,3626,3658,0.5674893856048584
332,3626,3090,0.5674791932106018
333,3626,1635,0.5674663186073303
334,3626,2286,0.5673291087150574
335,3626,2588,0.5673262476921082
336,3626,1337,0.5670664310455322
337,3626,3582,0.5668383240699768
338,3626,3755,0.5665420889854431
339,3626,762,0.5663709044456482
340,3626,1077,0.5663159489631653
341,3626,1844,0.566263735294342
342,3626,3882,0.5661428570747375
343,3626,546,0.5657472610473633
344,3626,2107,0.5657346844673157
345,3626,141,0.5656420588493347
346,3626,4478,0.5655409097671509
347,3626,1147,0.5655251741409302
348,3626,2409,0.5655032992362976
349,3626,1384,0.5654409527778625
350,3626,1929,0.5652620196342468
351,3626,1641,0.5651460886001587
352,3626,1233,0.5650501251220703
353,3626,46,0.5649725794792175
354,3626,3742,0.5647988319396973
355,3626,2120,0.564601480960846
356,3626,912,0.5645154118537903
357,3626,1093,0.5643650889396667
358,3626,1517,0.5643381476402283
359,3626,349,0.5641186237335205
360,3626,2134,0.5639723539352417
361,3626,3052,0.5639696717262268
362,3626,816,0.563890278339386
363,3626,112,0.5638226270675659
364,3626,2661,0.5638010501861572
365,3626,1890,0.563674807548523
366,3626,1903,0.5634166598320007
367,3626,407,0.5633766055107117
368,3626,3865,0.5633713006973267
369,3626,57,0.5632421374320984
370,3626,1981,0.5631989240646362
371,3626,3951,0.5631656050682068
372,3626,3509,0.5630665421485901
373,3626,641,0.5630354881286621
374,3626,1947,0.5626310110092163
375,3626,1683,0.5626230835914612
376,3626,2203,0.5624129772186279
377,3626,2722,0.562343418598175
378,3626,84,0.5621786117553711
379,3626,2292,0.5621041655540466
380,3626,2066,0.5619824528694153
381,3626,1739,0.561951220035553
382,3626,1349,0.561913251876831
383,3626,3501,0.5618559718132019
384,3626,3143,0.5618224143981934
385,3626,1775,0.5617856979370117
386,3626,1152,0.5617156028747559
387,3626,1717,0.5615953207015991
388,3626,1656,0.5615414977073669
389,3626,3098,0.5615387558937073
390,3626,4367,0.5615309476852417
391,3626,4022,0.5614205002784729
392,3626,3888,0.561177670955658
393,3626,2643,0.5611422657966614
394,3626,3877,0.5609588623046875
395,3626,4369,0.560893714427948
396,3626,576,0.5607053637504578
397,3626,914,0.5606937408447266
398,3626,1405,0.5606589913368225
399,3626,2570,0.5606512427330017
400,3626,1979,0.5605849027633667
401,3626,2969,0.5604732036590576
402,3626,1464,0.5604661703109741
403,3626,1375,0.5603793859481812
404,3626,2649,0.5601304173469543
405,3626,1925,0.559761643409729
406,3626,677,0.5597167611122131
407,3626,1098,0.5595623254776001
408,3626,1904,0.5595581531524658
409,3626,1094,0.5594599843025208
410,3626,1461,0.5592082738876343
411,3626,558,0.5591703057289124
412,3626,1612,0.5591144561767578
413,3626,3935,0.5591093897819519
414,3626,1227,0.5590464472770691
415,3626,3273,0.5590178966522217
416,3626,2727,0.5589677691459656
417,3626,876,0.5588802695274353
418,3626,3787,0.5587606430053711
419,3626,4208,0.5586528778076172
420,3626,1356,0.5585982799530029
421,3626,1090,0.5585901737213135
422,3626,2188,0.5583095550537109
423,3626,2449,0.5582582354545593
424,3626,3481,0.5582134127616882
425,3626,1644,0.5581262111663818
426,3626,949,0.5580210089683533
427,3626,2235,0.5579793453216553
428,3626,2255,0.5578845143318176
429,3626,1074,0.5578737258911133
430,3626,1286,0.5578422546386719
431,3626,1310,0.5578395128250122
432,3626,2573,0.5577296018600464
433,3626,1201,0.5576625466346741
434,3626,2312,0.5576111674308777
435,3626,3494,0.5573543310165405
436,3626,3147,0.5573186278343201
437,3626,3610,0.5573025345802307
438,3626,3800,0.5572922229766846
439,3626,1804,0.5571079850196838
440,3626,4198,0.5571061968803406
441,3626,2373,0.5570764541625977
442,3626,3072,0.5568674802780151
443,3626,1440,0.5568318367004395
444,3626,50,0.5567927360534668
445,3626,3862,0.5565410852432251
446,3626,1404,0.5564963221549988
447,3626,2337,0.5564131736755371
448,3626,2624,0.5563780665397644
449,3626,1029,0.5561605095863342
450,3626,2533,0.5561181306838989
451,3626,411,0.556062638759613
452,3626,737,0.5560622215270996
453,3626,2002,0.5560436844825745
454,3626,1521,0.5559050440788269
455,3626,1592,0.5557409524917603
456,3626,1180,0.5555849671363831
457,3626,4205,0.5555335283279419
458,3626,957,0.5554519295692444
459,3626,1585,0.5553879141807556
460,3626,2263,0.5553373098373413
461,3626,4009,0.555320143699646
462,3626,1243,0.5553009510040283
463,3626,3403,0.5551982522010803
464,3626,2124,0.5551790595054626
465,3626,2333,0.5551279783248901
466,3626,894,0.5550462603569031
467,3626,2607,0.5549619793891907
468,3626,4348,0.554643988609314
469,3626,2599,0.5546409487724304
470,3626,1807,0.5545721650123596
471,3626,1128,0.5545508861541748
472,3626,2048,0.5544375777244568
473,3626,1226,0.5541645288467407
474,3626,3737,0.5539919137954712
475,3626,2707,0.5539820790290833
476,3626,2968,0.5537520051002502
477,3626,1340,0.5535926222801208
478,3626,1821,0.5533707141876221
479,3626,375,0.5532273054122925
480,3626,1477,0.5531287789344788
481,3626,954,0.5531094670295715
482,3626,1354,0.5530744194984436
483,3626,3195,0.5530651807785034
484,3626,1363,0.5530354976654053
485,3626,1590,0.5530222058296204
486,3626,1129,0.5529410243034363
487,3626,89,0.5529340505599976
488,3626,804,0.5529237985610962
489,3626,4346,0.5527236461639404
490,3626,1726,0.552611768245697
491,3626,1367,0.5525439977645874
492,3626,1659,0.5525332093238831
493,3626,409,0.5525303483009338
494,3626,1930,0.5525235533714294
495,3626,2509,0.5522944331169128
496,3626,3793,0.5522319674491882
497,3626,2601,0.5521900057792664
498,3626,479,0.552187442779541
499,3626,3355,0.5521628856658936
500,3626,3456,0.5520676374435425
501,3626,609,0.5520090460777283
502,3626,1298,0.5519880056381226
503,3626,2314,0.5517549514770508
504,3626,1480,0.551628828048706
505,3626,4427,0.5515803694725037
506,3626,1326,0.5515033006668091
507,3626,439,0.5514748692512512
508,3626,3296,0.5514243245124817
509,3626,2303,0.5514135360717773
510,3626,321,0.5514011979103088
511,3626,3558,0.551367998123169
512,3626,1289,0.5513635277748108
513,3626,4242,0.5512514710426331
514,3626,3707,0.5511225461959839
515,3626,3185,0.5511168837547302
516,3626,775,0.551061749458313
517,3626,1677,0.5506672859191895
518,3626,1269,0.5505638122558594
519,3626,2328,0.5505553483963013
520,3626,3632,0.5505493879318237
521,3626,2270,0.5504447221755981
522,3626,2657,0.5504098534584045
523,3626,3954,0.5502989292144775
524,3626,4349,0.5502901077270508
525,3626,2008,0.550264835357666
526,3626,2237,0.5502622723579407
527,3626,3551,0.5502265691757202
528,3626,2125,0.5502080321311951
529,3626,2146,0.5502020120620728
530,3626,686,0.5501502752304077
531,3626,646,0.5500589609146118
532,3626,2415,0.5500580072402954
533,3626,3131,0.5500195622444153
534,3626,4284,0.5499952435493469
535,3626,2153,0.5499675273895264
536,3626,2721,0.5499505996704102
537,3626,1972,0.5499498248100281
538,3626,1334,0.5499488711357117
539,3626,1874,0.5497952699661255
540,3626,902,0.5496328473091125
541,3626,489,0.5495229959487915
542,3626,1294,0.5495032668113708
543,3626,2662,0.5494576692581177
544,3626,3980,0.549410879611969
545,3626,3155,0.5493717193603516
546,3626,610,0.5493001341819763
547,3626,695,0.5492307543754578
548,3626,1401,0.5491989850997925
549,3626,2131,0.5491347312927246
550,3626,1164,0.5491009950637817
551,3626,945,0.5490697622299194
552,3626,3674,0.5490443706512451
553,3626,1870,0.5488457083702087
554,3626,353,0.5487866401672363
555,3626,2576,0.5486972332000732
556,3626,316,0.5486503839492798
557,3626,4255,0.5485560894012451
558,3626,2479,0.5485466122627258
559,3626,1463,0.548471212387085
560,3626,1339,0.5484408736228943
561,3626,1320,0.5484235882759094
562,3626,1661,0.5483139157295227
563,3626,782,0.5482012629508972
564,3626,699,0.5480436682701111
565,3626,3150,0.5480136871337891
566,3626,3960,0.5479696393013
567,3626,3594,0.5478500127792358
568,3626,2099,0.5478243827819824
569,3626,4053,0.547692060470581
570,3626,331,0.54740309715271
571,3626,972,0.5473907589912415
572,3626,1103,0.5473883152008057
573,3626,3106,0.5473297238349915
574,3626,2297,0.5473162531852722
575,3626,42,0.5472879409790039
576,3626,1746,0.547227144241333
577,3626,844,0.5472266674041748
578,3626,4106,0.5472165942192078
579,3626,1101,0.5471504926681519
580,3626,3276,0.5470729470252991
581,3626,3997,0.5470342040061951
582,3626,3201,0.5470318794250488
583,3626,2498,0.5469891428947449
584,3626,3656,0.5468749403953552
585,3626,1392,0.5468531847000122
586,3626,4250,0.5466958284378052
587,3626,2358,0.5466923713684082
588,3626,3557,0.5466291308403015
589,3626,1860,0.5465905070304871
590,3626,2240,0.5464420914649963
591,3626,3123,0.546413004398346
592,3626,3242,0.5463191866874695
593,3626,693,0.5462732911109924
594,3626,872,0.54617840051651
595,3626,1051,0.5460163950920105
596,3626,1421,0.5459756851196289
597,3626,2683,0.5459604263305664
598,3626,137,0.5459543466567993
599,3626,414,0.5458410978317261
600,3626,2319,0.5456265807151794
601,3626,850,0.5455960035324097
602,3626,1151,0.5455724000930786
603,3626,2149,0.5455582141876221
604,3626,1564,0.5454826951026917
605,3626,1467,0.5454483032226562
606,3626,2503,0.5454465746879578
607,3626,1876,0.5453035235404968
608,3626,4210,0.5452690720558167
609,3626,3883,0.5452467203140259
610,3626,2282,0.545223593711853
611,3626,233,0.5452110767364502
612,3626,4283,0.545206606388092
613,3626,3261,0.5450963973999023
614,3626,1076,0.54506915807724
615,3626,698,0.544992983341217
616,3626,1725,0.5447960495948792
617,3626,4286,0.5446032285690308
618,3626,2718,0.5444062352180481
619,3626,554,0.5443992614746094
620,3626,2318,0.5443525314331055
621,3626,1894,0.5443200469017029
622,3626,2988,0.544063925743103
623,3626,3130,0.544021725654602
624,3626,2047,0.5439156889915466
625,3626,2017,0.5438428521156311
626,3626,1075,0.5438419580459595
627,3626,3480,0.5437337756156921
628,3626,3240,0.5436718463897705
629,3626,3768,0.5436700582504272
630,3626,3023,0.5435813069343567
631,3626,3253,0.5434256792068481
632,3626,3686,0.5434200763702393
633,3626,1752,0.543408215045929
634,3626,1134,0.5432844161987305
635,3626,2949,0.5432050824165344
636,3626,2916,0.5431089997291565
637,3626,2974,0.5430088043212891
638,3626,1949,0.5429626703262329
639,3626,571,0.542959988117218
640,3626,1773,0.5429401397705078
641,3626,660,0.542870819568634
642,3626,1629,0.5428053736686707
643,3626,3581,0.5426803827285767
644,3626,3507,0.5426783561706543
645,3626,911,0.5426456332206726
646,3626,2036,0.5424767732620239
647,3626,1961,0.5424259305000305
648,3626,2569,0.5420578122138977
649,3626,4227,0.5419901609420776
650,3626,1024,0.5417672991752625
651,3626,2967,0.5417659878730774
652,3626,799,0.5417460203170776
653,3626,3005,0.5417336821556091
654,3626,2956,0.541730523109436
655,3626,194,0.5416189432144165
656,3626,3971,0.5415663719177246
657,3626,1398,0.5415525436401367
658,3626,3668,0.5415345430374146
659,3626,2653,0.541461706161499
660,3626,3000,0.5414087176322937
661,3626,3369,0.5414029955863953
662,3626,3967,0.5414029955863953
663,3626,1373,0.5413804054260254
664,3626,4366,0.5413609147071838
665,3626,231,0.54135662317276
666,3626,1357,0.5411905646324158
667,3626,1422,0.5411550402641296
668,3626,1341,0.5411547422409058
669,3626,2071,0.541154682636261
670,3626,1382,0.5411072373390198
671,3626,2429,0.5410249829292297
672,3626,3364,0.5409848690032959
673,3626,2343,0.5409654378890991
674,3626,928,0.5409103631973267
675,3626,2495,0.5408841967582703
676,3626,3188,0.5408562421798706
677,3626,1771,0.5407953262329102
678,3626,1332,0.5407922863960266
679,3626,3885,0.5407527089118958
680,3626,2445,0.5407417416572571
681,3626,285,0.5407153367996216
682,3626,2572,0.5407136082649231
683,3626,829,0.5407001972198486
684,3626,1258,0.5406998991966248
685,3626,1196,0.5406246781349182
686,3626,4230,0.5406087040901184
687,3626,1840,0.5405088663101196
688,3626,2747,0.5403909087181091
689,3626,2613,0.5402819514274597
690,3626,1377,0.5402240753173828
691,3626,2791,0.5402106642723083
692,3626,87,0.5401836037635803
693,3626,1679,0.540133535861969
694,3626,760,0.5400729179382324
695,3626,124,0.5400686264038086
696,3626,2302,0.5399301648139954
697,3626,2960,0.5398526191711426
698,3626,4436,0.5398042798042297
699,3626,541,0.53973788022995
700,3626,326,0.539725661277771
701,3626,1414,0.5396456122398376
702,3626,2594,0.5396154522895813
703,3626,4484,0.539559006690979
704,3626,1589,0.5395057201385498
705,3626,1545,0.5395002961158752
706,3626,1568,0.5393770933151245
707,3626,1002,0.5392088294029236
708,3626,933,0.5390859842300415
709,3626,2293,0.5390260815620422
710,3626,4118,0.5389722585678101
711,3626,3918,0.5389365553855896
712,3626,434,0.5388481020927429
713,3626,3152,0.5387908220291138
714,3626,2010,0.5386696457862854
715,3626,805,0.5386521816253662
716,3626,2152,0.5385499000549316
717,3626,3667,0.5385082960128784
718,3626,3110,0.5384836196899414
719,3626,1159,0.5384108424186707
720,3626,795,0.5383282899856567
721,3626,3469,0.5383117198944092
722,3626,1611,0.5382261276245117
723,3626,831,0.5381296873092651
724,3626,1153,0.5378792881965637
725,3626,2102,0.5377930402755737
726,3626,3508,0.537777841091156
727,3626,1522,0.537722110748291
728,3626,3821,0.5377206206321716
729,3626,3347,0.5377198457717896
730,3626,1458,0.5377022624015808
731,3626,2271,0.5376710891723633
732,3626,294,0.5376128554344177
733,3626,645,0.5375684499740601
734,3626,1050,0.5375676155090332
735,3626,3470,0.5375164747238159
736,3626,866,0.5374178290367126
737,3626,851,0.5373951196670532
738,3626,2703,0.5373818278312683
739,3626,142,0.5373106002807617
740,3626,2132,0.5372176170349121
741,3626,1099,0.5372113585472107
742,3626,3238,0.5371271371841431
743,3626,3629,0.5369962453842163
744,3626,2121,0.5369872450828552
745,3626,1513,0.5369747281074524
746,3626,3757,0.5369594097137451
747,3626,3992,0.5369458198547363
748,3626,1427,0.5369347929954529
749,3626,1172,0.5369224548339844
750,3626,2013,0.5368631482124329
751,3626,2176,0.5368129014968872
752,3626,2269,0.5368062853813171
753,3626,1939,0.5366941690444946
754,3626,1166,0.536665678024292
755,3626,3765,0.5365543365478516
756,3626,78,0.5364944338798523
757,3626,3588,0.5364668369293213
758,3626,1831,0.5364158749580383
759,3626,1686,0.5363773107528687
760,3626,1991,0.5363675951957703
761,3626,3872,0.5362440347671509
762,3626,3104,0.5362352728843689
763,3626,189,0.5361416935920715
764,3626,1109,0.5360535383224487
765,3626,1131,0.536045491695404
766,3626,3884,0.536004900932312
767,3626,3173,0.5359963774681091
768,3626,1938,0.5359367728233337
769,3626,1632,0.5359123945236206
770,3626,1536,0.5356637239456177
771,3626,1436,0.5355190634727478
772,3626,3140,0.535428524017334
773,3626,399,0.5352967977523804
774,3626,3580,0.5352839231491089
775,3626,3834,0.53523850440979
776,3626,1856,0.535103976726532
777,3626,3763,0.5348989963531494
778,3626,3275,0.5346901416778564
779,3626,2418,0.5346055030822754
780,3626,1380,0.5346018671989441
781,3626,2913,0.5345551371574402
782,3626,2005,0.5345112681388855
783,3626,3109,0.5344237685203552
784,3626,421,0.5344160795211792
785,3626,453,0.5343971848487854
786,3626,1897,0.5343334078788757
787,3626,2246,0.534225583076477
788,3626,2581,0.534201979637146
789,3626,3775,0.5341682434082031
790,3626,1864,0.5341114401817322
791,3626,2202,0.5341010689735413
792,3626,555,0.5340899229049683
793,3626,3465,0.5340114831924438
794,3626,342,0.5340002179145813
795,3626,2694,0.5339449644088745
796,3626,1758,0.5339127779006958
797,3626,3427,0.533907413482666
798,3626,1889,0.5339023470878601
799,3626,1328,0.5338175892829895
800,3626,817,0.533666729927063
801,3626,1307,0.5336328148841858
802,3626,4341,0.5335456132888794
803,3626,1170,0.5335336923599243
804,3626,2073,0.5335068702697754
805,3626,2103,0.5335038304328918
806,3626,2173,0.5334283113479614
807,3626,1262,0.5333796143531799
808,3626,3174,0.5332587957382202
809,3626,2227,0.5332562923431396
810,3626,3659,0.5330896973609924
811,3626,1815,0.5330545902252197
812,3626,2637,0.5329289436340332
813,3626,2465,0.5328577756881714
814,3626,3909,0.5328559279441833
815,3626,4019,0.5328379273414612
816,3626,2020,0.5328027606010437
817,3626,1484,0.5326647758483887
818,3626,3488,0.5325353145599365
819,3626,892,0.5324746370315552
820,3626,4149,0.5323672294616699
821,3626,1037,0.5322186350822449
822,3626,2370,0.5321537256240845
823,3626,3635,0.5319498181343079
824,3626,4016,0.5318847894668579
825,3626,1402,0.5318431258201599
826,3626,2860,0.5317633152008057
827,3626,3035,0.5317114591598511
828,3626,3062,0.5317056775093079
829,3626,4479,0.5316354632377625
830,3626,700,0.531590461730957
831,3626,877,0.5315566658973694
832,3626,3497,0.5315306186676025
833,3626,836,0.5315022468566895
834,3626,1576,0.5314986705780029
835,3626,883,0.5313472747802734
836,3626,2672,0.531310498714447
837,3626,347,0.5311233401298523
838,3626,1895,0.531090259552002
839,3626,1578,0.5308883190155029
840,3626,1709,0.5308133959770203
841,3626,790,0.530805766582489
842,3626,1272,0.5306763052940369
843,3626,2454,0.5306046009063721
844,3626,824,0.5305507779121399
845,3626,2501,0.5305379629135132
846,3626,1699,0.5305314064025879
847,3626,4088,0.5305112600326538
848,3626,1753,0.5304749608039856
849,3626,354,0.5304501056671143
850,3626,1989,0.5304134488105774
851,3626,1920,0.5304038524627686
852,3626,2549,0.5303857326507568
853,3626,3368,0.5302022695541382
854,3626,2404,0.5300756096839905
855,3626,3284,0.5300222635269165
856,3626,2351,0.529870331287384
857,3626,2566,0.5298681855201721
858,3626,2290,0.5297649502754211
859,3626,1124,0.5297539234161377
860,3626,3925,0.5296052694320679
861,3626,4282,0.5295998454093933
862,3626,3706,0.5295852422714233
863,3626,2049,0.5294005274772644
864,3626,1886,0.529390275478363
865,3626,2715,0.5293559432029724
866,3626,1288,0.5293549299240112
867,3626,3137,0.5293416976928711
868,3626,3426,0.5292843580245972
869,3626,1853,0.5292611122131348
870,3626,1551,0.5291041135787964
871,3626,1368,0.5290801525115967
872,3626,1651,0.5290547609329224
873,3626,2295,0.5290390253067017
874,3626,1670,0.5290157198905945
875,3626,1451,0.5288184285163879
876,3626,3250,0.5287477970123291
877,3626,138,0.5287255644798279
878,3626,2972,0.5286868214607239
879,3626,2051,0.5286085605621338
880,3626,2907,0.528605580329895
881,3626,2338,0.5285856127738953
882,3626,3385,0.5284112691879272
883,3626,2419,0.5283344984054565
884,3626,1394,0.5283141136169434
885,3626,863,0.5282504558563232
886,3626,2585,0.5281680226325989
887,3626,3047,0.5281201004981995
888,3626,2668,0.5280731916427612
889,3626,56,0.5280439257621765
890,3626,4004,0.5280176997184753
891,3626,2855,0.5279310941696167
892,3626,40,0.5278689861297607
893,3626,826,0.5277215242385864
894,3626,4453,0.5277034640312195
895,3626,3760,0.5275202393531799
896,3626,1745,0.5274081826210022
897,3626,1245,0.5273934006690979
898,3626,3680,0.52739018201828
899,3626,567,0.527381956577301
900,3626,1519,0.527234673500061
901,3626,758,0.5272073745727539
902,3626,3673,0.5271591544151306
903,3626,419,0.5271362066268921
904,3626,2211,0.5270704030990601
905,3626,2000,0.5269746780395508
906,3626,2028,0.5269730091094971
907,3626,947,0.526854395866394
908,3626,3717,0.5267460942268372
909,3626,1738,0.5267240405082703
910,3626,2052,0.5266790390014648
911,3626,468,0.5266336798667908
912,3626,461,0.5264915823936462
913,3626,636,0.5264533162117004
914,3626,2247,0.526338517665863
915,3626,733,0.5262219905853271
916,3626,530,0.5261934399604797
917,3626,3750,0.5261898040771484
918,3626,3241,0.5260818600654602
919,3626,4297,0.526064932346344
920,3626,3855,0.5259503126144409
921,3626,1132,0.5259355306625366
922,3626,978,0.5259338617324829
923,3626,1664,0.525848925113678
924,3626,3759,0.5258194208145142
925,3626,3093,0.5258148908615112
926,3626,1806,0.5256543159484863
927,3626,1871,0.5256438255310059
928,3626,2469,0.5255674123764038
929,3626,1547,0.5255308747291565
930,3626,1960,0.5255276560783386
931,3626,1122,0.5254831314086914
932,3626,1569,0.5254108309745789
933,3626,3961,0.5254014730453491
934,3626,1900,0.525331974029541
935,3626,2398,0.5252976417541504
936,3626,1567,0.5251842737197876
937,3626,1674,0.5250508189201355
938,3626,1121,0.5250433683395386
939,3626,3922,0.525037944316864
940,3626,1669,0.5248905420303345
941,3626,627,0.524881899356842
942,3626,261,0.5248676538467407
943,3626,3099,0.5247328877449036
944,3626,801,0.5247206091880798
945,3626,3694,0.5247092843055725
946,3626,3095,0.5246328115463257
947,3626,1244,0.5244855880737305
948,3626,133,0.5243805646896362
949,3626,3030,0.5243418216705322
950,3626,542,0.5243245959281921
951,3626,1113,0.524314820766449
952,3626,3126,0.5243055820465088
953,3626,1428,0.524233877658844
954,3626,4338,0.5242325663566589
955,3626,628,0.5241990685462952
956,3626,3931,0.5241344571113586
957,3626,2808,0.5240529775619507
958,3626,1453,0.5240427255630493
959,3626,1345,0.5240200161933899
960,3626,1251,0.5239838361740112
961,3626,784,0.5239352583885193
962,3626,3172,0.5238389372825623
963,3626,1648,0.5237995982170105
964,3626,1163,0.5237106680870056
965,3626,128,0.5236124992370605
966,3626,941,0.5235030055046082
967,3626,726,0.5233691930770874
968,3626,2091,0.5233145356178284
969,3626,1580,0.5232039093971252
970,3626,2548,0.5231654047966003
971,3626,1597,0.5231215953826904
972,3626,1873,0.5231140851974487
973,3626,3614,0.5228978395462036
974,3626,2561,0.5227524638175964
975,3626,1887,0.522720217704773
976,3626,2033,0.5227161645889282
977,3626,647,0.5227124691009521
978,3626,1205,0.5226916670799255
979,3626,1169,0.5226131081581116
980,3626,2522,0.5224884152412415
981,3626,3953,0.5224699974060059
982,3626,3933,0.5224471688270569
983,3626,739,0.5224201679229736
984,3626,1284,0.5223157405853271
985,3626,199,0.5223044157028198
986,3626,3199,0.5223038196563721
987,3626,1518,0.5223011374473572
988,3626,3782,0.5221449136734009
989,3626,3867,0.522114634513855
990,3626,1156,0.5220791101455688
991,3626,4368,0.5220613479614258
992,3626,2100,0.5219959616661072
993,3626,796,0.5219740271568298
994,3626,2682,0.5219593048095703
995,3626,255,0.5218906402587891
996,3626,4448,0.5218856334686279
997,3626,885,0.5218115448951721
998,3626,890,0.5217671394348145
999,3626,3175,0.5217256546020508
1000,3626,4057,0.5216652750968933
1001,3626,1993,0.5215878486633301
1002,3626,3955,0.5215422511100769
1003,3626,1321,0.5214866399765015
1004,3626,1832,0.5214781761169434
1005,3626,2472,0.5213388800621033
1006,3626,1765,0.5212827324867249
1007,3626,3796,0.5212737321853638
1008,3626,1829,0.5212047696113586
1009,3626,2704,0.5212047696113586
1010,3626,3545,0.5211350321769714
1011,3626,888,0.5209670662879944
1012,3626,2350,0.520939826965332
1013,3626,1565,0.5209180116653442
1014,3626,2216,0.5208795070648193
1015,3626,1866,0.5208489298820496
1016,3626,3227,0.5208186507225037
1017,3626,2635,0.5207938551902771
1018,3626,2349,0.5207476615905762
1019,3626,1690,0.5207187533378601
1020,3626,444,0.5206248760223389
1021,3626,3194,0.5205722451210022
1022,3626,1102,0.5205193758010864
1023,3626,268,0.5204976797103882
1024,3626,815,0.5204886794090271
1025,3626,550,0.5204426050186157
1026,3626,3562,0.5202669501304626
1027,3626,3519,0.5202077627182007
1028,3626,3695,0.5201425552368164
1029,3626,3246,0.5200927257537842
1030,3626,3516,0.5200819373130798
1031,3626,2321,0.5200462937355042
1032,3626,2324,0.5200365781784058
1033,3626,870,0.520033597946167
1034,3626,1485,0.5200163722038269
1035,3626,2992,0.5199986696243286
1036,3626,2986,0.5199856758117676
1037,3626,2679,0.519972562789917
1038,3626,412,0.5199645757675171
1039,3626,3650,0.519959568977356
1040,3626,2354,0.5199003219604492
1041,3626,1591,0.5198580622673035
1042,3626,438,0.5198227167129517
1043,3626,1391,0.5197904706001282
1044,3626,743,0.519587516784668
1045,3626,2944,0.519471287727356
1046,3626,887,0.5194666385650635
1047,3626,1767,0.5194419026374817
1048,3626,1980,0.5193345546722412
1049,3626,2355,0.5193023681640625
1050,3626,1499,0.5192921757698059
1051,3626,3607,0.519218385219574
1052,3626,3229,0.51921546459198
1053,3626,3033,0.5191823840141296
1054,3626,2148,0.5191663503646851
1055,3626,1034,0.5191574096679688
1056,3626,3190,0.5191473960876465
1057,3626,963,0.5191285610198975
1058,3626,1768,0.5189908146858215
1059,3626,3268,0.518968403339386
1060,3626,3805,0.5188096165657043
1061,3626,1497,0.51877760887146
1062,3626,2012,0.5186135768890381
1063,3626,2026,0.5184555649757385
1064,3626,2731,0.5184446573257446
1065,3626,3191,0.518441915512085
1066,3626,38,0.5184049010276794
1067,3626,2365,0.518334150314331
1068,3626,1837,0.5183266401290894
1069,3626,3280,0.5182591676712036
1070,3626,417,0.5182046294212341
1071,3626,2867,0.5181943774223328
1072,3626,3944,0.5181570053100586
1073,3626,1216,0.5180600881576538
1074,3626,2399,0.5180568099021912
1075,3626,1378,0.51799476146698
1076,3626,2730,0.5179272890090942
1077,3626,3132,0.5176990032196045
1078,3626,3343,0.5176934003829956
1079,3626,2029,0.5176623463630676
1080,3626,212,0.5176616311073303
1081,3626,3531,0.5176337957382202
1082,3626,2430,0.5176315307617188
1083,3626,96,0.517620325088501
1084,3626,2431,0.5175694227218628
1085,3626,200,0.5175538659095764
1086,3626,3069,0.5173020958900452
1087,3626,3011,0.5172451138496399
1088,3626,1581,0.5172004103660583
1089,3626,600,0.5171403288841248
1090,3626,704,0.5171148180961609
1091,3626,2331,0.5171056985855103
1092,3626,2080,0.517008900642395
1093,3626,2315,0.51690673828125
1094,3626,2284,0.5169062614440918
1095,3626,440,0.5168759822845459
1096,3626,3785,0.5168753266334534
1097,3626,1881,0.5168026685714722
1098,3626,786,0.5167637467384338
1099,3626,1841,0.5167490839958191
1100,3626,2364,0.5167390704154968
1101,3626,2714,0.516698956489563
1102,3626,4362,0.5166494250297546
1103,3626,3013,0.5166252851486206
1104,3626,1957,0.5166232585906982
1105,3626,495,0.5165690183639526
1106,3626,3666,0.5165308117866516
1107,3626,4054,0.5164973735809326
1108,3626,3973,0.5164158344268799
1109,3626,1044,0.5163858532905579
1110,3626,1362,0.5163682699203491
1111,3626,109,0.5163082480430603
1112,3626,330,0.5162609219551086
1113,3626,2688,0.5161784291267395
1114,3626,2037,0.5161712169647217
1115,3626,403,0.5161507725715637
1116,3626,3270,0.5161219239234924
1117,3626,3197,0.5161044001579285
1118,3626,3968,0.5160790681838989
1119,3626,1120,0.5160132646560669
1120,3626,828,0.5159704089164734
1121,3626,2391,0.5159583687782288
1122,3626,2366,0.5159013271331787
1123,3626,4000,0.5157873034477234
1124,3626,3781,0.5157729387283325
1125,3626,3088,0.5156288146972656
1126,3626,339,0.5155124664306641
1127,3626,878,0.5155105590820312
1128,3626,1776,0.5154319405555725
1129,3626,4271,0.5154170989990234
1130,3626,2667,0.5153816938400269
1131,3626,2200,0.5153056383132935
1132,3626,1579,0.515243649482727
1133,3626,2396,0.5152407884597778
1134,3626,441,0.515211820602417
1135,3626,259,0.5151934623718262
1136,3626,1779,0.515121579170227
1137,3626,1470,0.5150052905082703
1138,3626,459,0.5150011777877808
1139,3626,1157,0.5148822665214539
1140,3626,3894,0.5147425532341003
1141,3626,1209,0.5146311521530151
1142,3626,1364,0.514606773853302
1143,3626,644,0.5144929885864258
1144,3626,3726,0.5144844055175781
1145,3626,1335,0.514404296875
1146,3626,4199,0.5143774747848511
1147,3626,2706,0.5142870545387268
1148,3626,2985,0.5142725110054016
1149,3626,4363,0.5142472386360168
1150,3626,2243,0.5141626000404358
1151,3626,3192,0.5141580700874329
1152,3626,4243,0.5140232443809509
1153,3626,1538,0.5139529705047607
1154,3626,3459,0.5138992071151733
1155,3626,2738,0.5138752460479736
1156,3626,937,0.5138425827026367
1157,3626,1817,0.5138272643089294
1158,3626,2236,0.5138214826583862
1159,3626,2494,0.5138121247291565
1160,3626,2750,0.5137684941291809
1161,3626,1855,0.5137684941291809
1162,3626,1741,0.5137061476707458
1163,3626,1833,0.5136938095092773
1164,3626,153,0.5135520696640015
1165,3626,3792,0.5135263204574585
1166,3626,2167,0.513511598110199
1167,3626,2925,0.5134767889976501
1168,3626,3071,0.5134726762771606
1169,3626,377,0.513293981552124
1170,3626,2976,0.5132200121879578
1171,3626,779,0.5131290555000305
1172,3626,2408,0.5130999088287354
1173,3626,1500,0.5130701065063477
1174,3626,3128,0.5130072832107544
1175,3626,711,0.5129927396774292
1176,3626,4439,0.5129777193069458
1177,3626,2728,0.5129218101501465
1178,3626,3100,0.5129194855690002
1179,3626,4051,0.5128482580184937
1180,3626,797,0.5127788782119751
1181,3626,4469,0.5127472877502441
1182,3626,1625,0.5127096772193909
1183,3626,1762,0.5126247406005859
1184,3626,4449,0.5126003623008728
1185,3626,3233,0.5125659704208374
1186,3626,1028,0.5125077962875366
1187,3626,2061,0.5124965310096741
1188,3626,4471,0.512441098690033
1189,3626,2089,0.5123996138572693
1190,3626,3722,0.5123518109321594
1191,3626,999,0.512294590473175
1192,3626,3176,0.5122870206832886
1193,3626,1379,0.5122263431549072
1194,3626,2529,0.5121711492538452
1195,3626,1964,0.512164831161499
1196,3626,351,0.5120518803596497
1197,3626,4006,0.511884331703186
1198,3626,2306,0.5118080377578735
1199,3626,1945,0.5117765665054321
1200,3626,3634,0.5117515325546265
1201,3626,1313,0.5117120146751404
1202,3626,2074,0.5116308331489563
1203,3626,3003,0.5115955471992493
1204,3626,3322,0.5115349292755127
1205,3626,4024,0.5114971399307251
1206,3626,927,0.5114920735359192
1207,3626,3926,0.5114721059799194
1208,3626,4451,0.5113775134086609
1209,3626,2713,0.5113735795021057
1210,3626,1198,0.5113452076911926
1211,3626,1924,0.5112342238426208
1212,3626,2393,0.511109471321106
1213,3626,2987,0.5110924243927002
1214,3626,1442,0.5110405087471008
1215,3626,4172,0.5109168887138367
1216,3626,3592,0.5108984112739563
1217,3626,4452,0.5108430981636047
1218,3626,3874,0.5108234286308289
1219,3626,2304,0.5107161402702332
1220,3626,3485,0.5106894969940186
1221,3626,2174,0.5106880068778992
1222,3626,3841,0.5106691122055054
1223,3626,4435,0.5106343030929565
1224,3626,2958,0.5104343295097351
1225,3626,3803,0.5103639960289001
1226,3626,1982,0.5103403329849243
1227,3626,3063,0.5103184580802917
1228,3626,249,0.5102965235710144
1229,3626,144,0.5102288126945496
1230,3626,1264,0.510209321975708
1231,3626,3778,0.5101004838943481
1232,3626,2923,0.5099057555198669
1233,3626,4442,0.5098220109939575
1234,3626,780,0.5098019242286682
1235,3626,1145,0.5097991228103638
1236,3626,603,0.5097967386245728
1237,3626,1003,0.5097772479057312
1238,3626,1305,0.5096468925476074
1239,3626,3615,0.5096331238746643
1240,3626,2597,0.5095548629760742
1241,3626,4247,0.5095532536506653
1242,3626,1336,0.5095341801643372
1243,3626,39,0.5095136165618896
1244,3626,943,0.5094748735427856
1245,3626,1622,0.5094667077064514
1246,3626,1318,0.5094502568244934
1247,3626,120,0.5093941688537598
1248,3626,3963,0.5093890428543091
1249,3626,130,0.5093573927879333
1250,3626,3895,0.509345293045044
1251,3626,3836,0.5092876553535461
1252,3626,2678,0.5091952085494995
1253,3626,657,0.5091680884361267
1254,3626,959,0.5091533660888672
1255,3626,3105,0.5090469717979431
1256,3626,1510,0.5089996457099915
1257,3626,3036,0.5089949369430542
1258,3626,44,0.508975625038147
1259,3626,1088,0.5088857412338257
1260,3626,481,0.5087772607803345
1261,3626,3001,0.5087547898292542
1262,3626,946,0.5087093114852905
1263,3626,3161,0.508652925491333
1264,3626,2025,0.50860995054245
1265,3626,1293,0.5085919499397278
1266,3626,3697,0.5085867047309875
1267,3626,3578,0.5085455179214478
1268,3626,2702,0.5085369348526001
1269,3626,135,0.508512020111084
1270,3626,3274,0.508472740650177
1271,3626,3504,0.5084589123725891
1272,3626,724,0.5083838105201721
1273,3626,2425,0.5083643794059753
1274,3626,2323,0.5083246827125549
1275,3626,857,0.5082955360412598
1276,3626,2097,0.508294939994812
1277,3626,3839,0.508251965045929
1278,3626,1444,0.5082396268844604
1279,3626,1623,0.5082300901412964
1280,3626,3542,0.5082234144210815
1281,3626,1786,0.5081349611282349
1282,3626,1469,0.5080965161323547
1283,3626,588,0.5080726742744446
1284,3626,3411,0.5080685019493103
1285,3626,3950,0.508041501045227
1286,3626,2826,0.5080322623252869
1287,3626,1544,0.5079607367515564
1288,3626,2038,0.5079577565193176
1289,3626,1516,0.5079139471054077
1290,3626,3286,0.5078911781311035
1291,3626,2910,0.5078377723693848
1292,3626,4291,0.5078064799308777
1293,3626,3186,0.507727861404419
1294,3626,3428,0.5076755285263062
1295,3626,573,0.5076755285263062
1296,3626,4012,0.5076686143875122
1297,3626,1419,0.5076613426208496
1298,3626,234,0.5074476003646851
1299,3626,1530,0.5074440240859985
1300,3626,77,0.5074306726455688
1301,3626,714,0.507422149181366
1302,3626,283,0.5073086023330688
1303,3626,4021,0.5073012113571167
1304,3626,395,0.5072768926620483
1305,3626,4018,0.5071609616279602
1306,3626,1575,0.5071176290512085
1307,3626,445,0.5070843696594238
1308,3626,806,0.5070703625679016
1309,3626,1270,0.5070394277572632
1310,3626,3879,0.5070104002952576
1311,3626,456,0.5069884061813354
1312,3626,2130,0.5069806575775146
1313,3626,2598,0.5069451928138733
1314,3626,3323,0.5069041848182678
1315,3626,4207,0.5068912506103516
1316,3626,2117,0.5067676305770874
1317,3626,3014,0.5067304372787476
1318,3626,742,0.5067299008369446
1319,3626,3749,0.5066919326782227
1320,3626,4257,0.5066630840301514
1321,3626,4232,0.5065720677375793
1322,3626,807,0.5062806606292725
1323,3626,1618,0.5060256719589233
1324,3626,3857,0.5059482455253601
1325,3626,122,0.505869448184967
1326,3626,1439,0.5058685541152954
1327,3626,3670,0.5057283043861389
1328,3626,3876,0.5056966543197632
1329,3626,2502,0.5056860446929932
1330,3626,1824,0.5056207776069641
1331,3626,3568,0.5056198239326477
1332,3626,1489,0.5056105256080627
1333,3626,4337,0.5055937170982361
1334,3626,2307,0.505544126033783
1335,3626,3129,0.5054123401641846
1336,3626,2735,0.5053297281265259
1337,3626,1301,0.5053094625473022
1338,3626,1255,0.5052527189254761
1339,3626,792,0.5052285194396973
1340,3626,2527,0.5052095651626587
1341,3626,219,0.5051941871643066
1342,3626,3404,0.50516676902771
1343,3626,1800,0.5049855709075928
1344,3626,3630,0.5049734711647034
1345,3626,2388,0.5049484968185425
1346,3626,2118,0.5049321055412292
1347,3626,734,0.5049067139625549
1348,3626,4173,0.5048877596855164
1349,3626,2110,0.5048722624778748
1350,3626,584,0.504853367805481
1351,3626,1376,0.5048004388809204
1352,3626,2796,0.5048003792762756
1353,3626,3308,0.5047309994697571
1354,3626,3154,0.5046659111976624
1355,3626,4344,0.5046626925468445
1356,3626,3331,0.5046350359916687
1357,3626,1023,0.5046126246452332
1358,3626,4477,0.5046002268791199
1359,3626,1158,0.5045965313911438
1360,3626,3004,0.5045864582061768
1361,3626,2081,0.5045390725135803
1362,3626,3390,0.504535973072052
1363,3626,1918,0.5044833421707153
1364,3626,690,0.5043964385986328
1365,3626,1079,0.5043459534645081
1366,3626,3416,0.5043030977249146
1367,3626,4455,0.5042743682861328
1368,3626,2614,0.5042356252670288
1369,3626,3773,0.5039305686950684
1370,3626,3982,0.5039176344871521
1371,3626,2083,0.50387042760849
1372,3626,2639,0.5038591027259827
1373,3626,2387,0.5037964582443237
1374,3626,1811,0.5037869215011597
1375,3626,1509,0.5037707090377808
1376,3626,1835,0.5037336349487305
1377,3626,4111,0.5037149786949158
1378,3626,2034,0.5036771893501282
1379,3626,253,0.5036436319351196
1380,3626,1504,0.5035801529884338
1381,3626,3449,0.5035749077796936
1382,3626,3265,0.5035384297370911
1383,3626,2710,0.5035382509231567
1384,3626,2996,0.5034006834030151
1385,3626,2994,0.5033591389656067
1386,3626,3361,0.503353476524353
1387,3626,319,0.5033460259437561
1388,3626,635,0.5033305883407593
1389,3626,2998,0.5032904148101807
1390,3626,2560,0.5031617879867554
1391,3626,1942,0.5031401515007019
1392,3626,3735,0.5029539465904236
1393,3626,3698,0.5028846263885498
1394,3626,989,0.5028123259544373
1395,3626,3002,0.5027483701705933
1396,3626,1535,0.502735435962677
1397,3626,2579,0.5026198625564575
1398,3626,1668,0.5025936365127563
1399,3626,1119,0.5025743246078491
1400,3626,643,0.5025614500045776
1401,3626,482,0.5025597214698792
1402,3626,3108,0.5025352835655212
1403,3626,3134,0.5024971961975098
1404,3626,4354,0.5024702548980713
1405,3626,2642,0.5024555325508118
1406,3626,3089,0.5024271011352539
1407,3626,563,0.5024214386940002
1408,3626,3212,0.5023891925811768
1409,3626,2620,0.5023541450500488
1410,3626,2330,0.5023390054702759
1411,3626,1222,0.5021383762359619
1412,3626,4266,0.5021163821220398
1413,3626,1912,0.5021152496337891
1414,3626,2458,0.5020892024040222
1415,3626,2711,0.5020885467529297
1416,3626,2018,0.5020735263824463
1417,3626,1562,0.5020090341567993
1418,3626,178,0.501929759979248
1419,3626,986,0.5018771290779114
1420,3626,966,0.5017827749252319
1421,3626,3045,0.5017048716545105
1422,3626,1271,0.5016316175460815
1423,3626,1715,0.5015364289283752
1424,3626,293,0.5015307068824768
1425,3626,1078,0.5015063285827637
1426,3626,2119,0.5014909505844116
1427,3626,3583,0.5014552474021912
1428,3626,729,0.5014514923095703
1429,3626,2794,0.5013647079467773
1430,3626,404,0.5013495683670044
1431,3626,143,0.5012661814689636
1432,3626,3660,0.501250147819519
1433,3626,747,0.5012128949165344
1434,3626,2942,0.5012070536613464
1435,3626,308,0.5011407732963562
1436,3626,932,0.5010587573051453
1437,3626,3341,0.5010349154472351
1438,3626,1742,0.5008927583694458
1439,3626,2658,0.5008690357208252
1440,3626,1083,0.5008029937744141
1441,3626,1916,0.5007863640785217
1442,3626,1572,0.5007444620132446
1443,3626,1919,0.5007100701332092
1444,3626,1526,0.5006952285766602
1445,3626,1295,0.5005384683609009
1446,3626,1438,0.5005033016204834
1447,3626,1660,0.50047367811203
1448,3626,1816,0.5004352927207947
1449,3626,2143,0.5003769993782043
1450,3626,79,0.5002574920654297
1451,3626,2670,0.500239372253418
1452,3626,2206,0.500142514705658
1453,3626,1620,0.5001113414764404
1454,3626,3977,0.500095784664154
1455,3626,1858,0.5000892877578735
1456,3626,1937,0.5000709295272827
1457,3626,778,0.5000388622283936
1458,3626,337,0.4999205768108368
1459,3626,3917,0.4998626112937927
1460,3626,732,0.49977588653564453
1461,3626,4215,0.49976494908332825
1462,3626,938,0.49973854422569275
1463,3626,1514,0.49970707297325134
1464,3626,1110,0.49968934059143066
1465,3626,3205,0.4996243715286255
1466,3626,2128,0.49961745738983154
1467,3626,1537,0.499582439661026
1468,3626,290,0.4994658827781677
1469,3626,3806,0.49943798780441284
1470,3626,3115,0.4994174540042877
1471,3626,3149,0.4993821382522583
1472,3626,3040,0.49931955337524414
1473,3626,907,0.4992547929286957
1474,3626,3391,0.49921515583992004
1475,3626,1323,0.4991609454154968
1476,3626,69,0.49903932213783264
1477,3626,4288,0.49903786182403564
1478,3626,1662,0.49899229407310486
1479,3626,4252,0.498984694480896
1480,3626,2256,0.4988880455493927
1481,3626,1976,0.498862087726593
1482,3626,3899,0.49885818362236023
1483,3626,2660,0.4988436996936798
1484,3626,3438,0.49882641434669495
1485,3626,1092,0.4988236725330353
1486,3626,4470,0.49882152676582336
1487,3626,1327,0.49881595373153687
1488,3626,2582,0.498759388923645
1489,3626,3643,0.49869057536125183
1490,3626,3703,0.4985893964767456
1491,3626,3602,0.4985056221485138
1492,3626,3267,0.4984823763370514
1493,3626,3769,0.4984750747680664
1494,3626,1794,0.4984690248966217
1495,3626,1713,0.4984462857246399
1496,3626,2947,0.498369425535202
1497,3626,843,0.4983423948287964
1498,3626,1351,0.498309850692749
1499,3626,134,0.4982485771179199
1500,3626,3160,0.49820053577423096
1501,3626,2024,0.49815279245376587
1502,3626,510,0.4981110692024231
1503,3626,2273,0.4980640411376953
1504,3626,2226,0.49804067611694336
1505,3626,4182,0.4979713261127472
1506,3626,3051,0.4979642629623413
1507,3626,1933,0.4979610741138458
1508,3626,2627,0.4979257881641388
1509,3626,2459,0.4978589117527008
1510,3626,2287,0.4978564381599426
1511,3626,774,0.4978363513946533
1512,3626,3500,0.49776312708854675
1513,3626,3446,0.4977134168148041
1514,3626,2006,0.4977096915245056
1515,3626,4474,0.49769848585128784
1516,3626,539,0.4976939857006073
1517,3626,1030,0.4975898265838623
1518,3626,1372,0.4975806176662445
1519,3626,3311,0.4975767135620117
1520,3626,366,0.4975630044937134
1521,3626,460,0.4975550174713135
1522,3626,1985,0.49752146005630493
1523,3626,4209,0.4974825978279114
1524,3626,2320,0.497481107711792
1525,3626,1221,0.49746790528297424
1526,3626,3060,0.49743136763572693
1527,3626,1977,0.49740880727767944
1528,3626,2427,0.4974069893360138
1529,3626,3780,0.497387170791626
1530,3626,813,0.4972987174987793
1531,3626,2716,0.49726995825767517
1532,3626,2285,0.49725794792175293
1533,3626,3869,0.4972488284111023
1534,3626,3552,0.4972154200077057
1535,3626,3037,0.4972016513347626
1536,3626,3512,0.4971981644630432
1537,3626,2993,0.49715620279312134
1538,3626,1515,0.4971536695957184
1539,3626,2618,0.49709707498550415
1540,3626,2463,0.4969857931137085
1541,3626,3606,0.4969109892845154
1542,3626,1388,0.49690818786621094
1543,3626,3678,0.49688199162483215
1544,3626,3167,0.4967660903930664
1545,3626,975,0.49675488471984863
1546,3626,2948,0.49675223231315613
1547,3626,66,0.49675217270851135
1548,3626,1410,0.4967500567436218
1549,3626,1160,0.4967247545719147
1550,3626,3939,0.4966353476047516
1551,3626,1082,0.49662962555885315
1552,3626,2982,0.4965914785861969
1553,3626,2600,0.4965363144874573
1554,3626,3923,0.49652472138404846
1555,3626,589,0.4964678883552551
1556,3626,3139,0.49643459916114807
1557,3626,3177,0.49641069769859314
1558,3626,1407,0.4963204860687256
1559,3626,3514,0.4961780309677124
1560,3626,1292,0.4961209297180176
1561,3626,1406,0.49609944224357605
1562,3626,3604,0.4960704743862152
1563,3626,129,0.49604135751724243
1564,3626,3156,0.49600058794021606
1565,3626,2001,0.4959847927093506
1566,3626,934,0.495956689119339
1567,3626,1455,0.49586763978004456
1568,3626,2918,0.4958665668964386
1569,3626,671,0.4958190321922302
1570,3626,4447,0.49577969312667847
1571,3626,156,0.4957573115825653
1572,3626,3776,0.49570831656455994
1573,3626,2450,0.4956468641757965
1574,3626,2906,0.4956425428390503
1575,3626,1863,0.49562472105026245
1576,3626,3012,0.4955292344093323
1577,3626,1146,0.49551424384117126
1578,3626,2895,0.4954407513141632
1579,3626,2086,0.495399534702301
1580,3626,1018,0.4953814744949341
1581,3626,1111,0.49534088373184204
1582,3626,2547,0.49529391527175903
1583,3626,1108,0.49526330828666687
1584,3626,2361,0.4952108860015869
1585,3626,921,0.49513426423072815
1586,3626,2687,0.49501529335975647
1587,3626,3103,0.49500373005867004
1588,3626,3213,0.49498477578163147
1589,3626,1647,0.494973748922348
1590,3626,3848,0.49496951699256897
1591,3626,2654,0.49495571851730347
1592,3626,1021,0.4947933256626129
1593,3626,340,0.4947423040866852
1594,3626,2725,0.494711309671402
1595,3626,3639,0.49469107389450073
1596,3626,819,0.49464038014411926
1597,3626,521,0.4946059286594391
1598,3626,1607,0.49459636211395264
1599,3626,2423,0.4944174885749817
1600,3626,1527,0.4941830337047577
1601,3626,2369,0.49414220452308655
1602,3626,1312,0.4941292107105255
1603,3626,1095,0.49411261081695557
1604,3626,43,0.49409374594688416
1605,3626,2619,0.49408280849456787
1606,3626,3515,0.4940744638442993
1607,3626,71,0.4940635859966278
1608,3626,3389,0.4940367639064789
1609,3626,2564,0.49386870861053467
1610,3626,2335,0.493828684091568
1611,3626,630,0.49378055334091187
1612,3626,3476,0.49377819895744324
1613,3626,1872,0.49373748898506165
1614,3626,598,0.49373289942741394
1615,3626,3732,0.49366673827171326
1616,3626,2675,0.4935969114303589
1617,3626,1650,0.49357545375823975
1618,3626,3407,0.49357515573501587
1619,3626,2329,0.4935312867164612
1620,3626,1901,0.4935031533241272
1621,3626,1956,0.49347710609436035
1622,3626,4,0.49347028136253357
1623,3626,1577,0.49341389536857605
1624,3626,1416,0.4933764636516571
1625,3626,3221,0.4933609068393707
1626,3626,1902,0.4933127462863922
1627,3626,2442,0.49328678846359253
1628,3626,2242,0.493280827999115
1629,3626,2811,0.49297571182250977
1630,3626,4058,0.49296024441719055
1631,3626,725,0.4929047226905823
1632,3626,2219,0.4928959012031555
1633,3626,2591,0.49283137917518616
1634,3626,3886,0.49281221628189087
1635,3626,3802,0.49278080463409424
1636,3626,136,0.49271807074546814
1637,3626,3984,0.4926855266094208
1638,3626,1498,0.49267590045928955
1639,3626,4105,0.4925966262817383
1640,3626,3529,0.49256736040115356
1641,3626,3112,0.49250975251197815
1642,3626,2892,0.49245086312294006
1643,3626,2311,0.492413192987442
1644,3626,4253,0.4924120604991913
1645,3626,2347,0.49239203333854675
1646,3626,1790,0.49238499999046326
1647,3626,1117,0.49237552285194397
1648,3626,1759,0.4922960698604584
1649,3626,1324,0.49226120114326477
1650,3626,1352,0.4921879470348358
1651,3626,1462,0.49217334389686584
1652,3626,3124,0.4921689033508301
1653,3626,2666,0.4921587109565735
1654,3626,3351,0.49213939905166626
1655,3626,1962,0.49211549758911133
1656,3626,1183,0.4921051561832428
1657,3626,3340,0.4920606017112732
1658,3626,3009,0.4919947385787964
1659,3626,4140,0.4919905364513397
1660,3626,1560,0.49198997020721436
1661,3626,3736,0.4919789731502533
1662,3626,3538,0.49193865060806274
1663,3626,1898,0.4917905032634735
1664,3626,1781,0.4917905032634735
1665,3626,435,0.4917898178100586
1666,3626,2983,0.4917072653770447
1667,3626,952,0.49162164330482483
1668,3626,1885,0.4915858805179596
1669,3626,3338,0.4915601313114166
1670,3626,4334,0.49153944849967957
1671,3626,1181,0.4915322959423065
1672,3626,431,0.4914999306201935
1673,3626,962,0.49149376153945923
1674,3626,1290,0.49146953225135803
1675,3626,312,0.4913783669471741
1676,3626,1413,0.4913367033004761
1677,3626,2650,0.4913167357444763
1678,3626,2144,0.4913034737110138
1679,3626,4475,0.4911319613456726
1680,3626,715,0.49099525809288025
1681,3626,3491,0.49089717864990234
1682,3626,2209,0.4908943772315979
1683,3626,2528,0.49088534712791443
1684,3626,324,0.49086451530456543
1685,3626,2537,0.49086031317710876
1686,3626,2645,0.4908336400985718
1687,3626,3685,0.4908181130886078
1688,3626,3214,0.49080827832221985
1689,3626,4104,0.49079322814941406
1690,3626,2140,0.49076932668685913
1691,3626,3433,0.49074646830558777
1692,3626,3043,0.49067509174346924
1693,3626,2019,0.4906279444694519
1694,3626,1774,0.49061352014541626
1695,3626,1784,0.4905848801136017
1696,3626,2376,0.49043717980384827
1697,3626,4347,0.49043169617652893
1698,3626,710,0.49042436480522156
1699,3626,1795,0.4903613328933716
1700,3626,713,0.4903278350830078
1701,3626,3920,0.4903186857700348
1702,3626,2538,0.4903082847595215
1703,3626,581,0.49030548334121704
1704,3626,3799,0.49029719829559326
1705,3626,3396,0.4902886152267456
1706,3626,3406,0.490285724401474
1707,3626,1433,0.4902590811252594
1708,3626,286,0.4902433454990387
1709,3626,2552,0.490022748708725
1710,3626,1792,0.49001479148864746
1711,3626,3324,0.48999616503715515
1712,3626,114,0.489931583404541
1713,3626,825,0.48990222811698914
1714,3626,1570,0.4898184537887573
1715,3626,3724,0.48981261253356934
1716,3626,2776,0.48978191614151
1717,3626,4015,0.4896600544452667
1718,3626,4156,0.48963484168052673
1719,3626,4462,0.48961251974105835
1720,3626,2795,0.4895918071269989
1721,3626,620,0.48958978056907654
1722,3626,3687,0.4895852208137512
1723,3626,1474,0.4895642101764679
1724,3626,548,0.4894658327102661
1725,3626,3224,0.48945650458335876
1726,3626,4441,0.48943963646888733
1727,3626,1423,0.48943713307380676
1728,3626,3333,0.48934751749038696
1729,3626,4454,0.48931679129600525
1730,3626,2234,0.4892460107803345
1731,3626,244,0.4892456829547882
1732,3626,4382,0.4892239570617676
1733,3626,765,0.4891839027404785
1734,3626,1708,0.4891710877418518
1735,3626,3906,0.48915597796440125
1736,3626,3448,0.4890844523906708
1737,3626,88,0.48900359869003296
1738,3626,59,0.48891502618789673
1739,3626,2023,0.48887428641319275
1740,3626,3727,0.4887988269329071
1741,3626,4481,0.48871904611587524
1742,3626,2990,0.4887164235115051
1743,3626,237,0.48871564865112305
1744,3626,2104,0.48867151141166687
1745,3626,537,0.4885416328907013
1746,3626,82,0.4885173439979553
1747,3626,20,0.4884919226169586
1748,3626,235,0.4884825646877289
1749,3626,1905,0.4884357750415802
1750,3626,455,0.4883892834186554
1751,3626,2545,0.488332599401474
1752,3626,3287,0.48828837275505066
1753,3626,3563,0.4881736636161804
1754,3626,926,0.4881645739078522
1755,3626,1995,0.4881291687488556
1756,3626,1971,0.488097608089447
1757,3626,3942,0.488094300031662
1758,3626,3008,0.4880458116531372
1759,3626,370,0.4880443811416626
1760,3626,3617,0.48802632093429565
1761,3626,2606,0.48802444338798523
1762,3626,2274,0.48799392580986023
1763,3626,2217,0.4879535734653473
1764,3626,1017,0.48794713616371155
1765,3626,4440,0.48794645071029663
1766,3626,2165,0.4878441393375397
1767,3626,3097,0.4877811372280121
1768,3626,1586,0.4877755045890808
1769,3626,1253,0.48777368664741516
1770,3626,1374,0.48775577545166016
1771,3626,1766,0.48766669631004333
1772,3626,665,0.4876629710197449
1773,3626,4294,0.487619012594223
1774,3626,3015,0.4876071512699127
1775,3626,1583,0.48756954073905945
1776,3626,3415,0.48755475878715515
1777,3626,209,0.48744142055511475
1778,3626,1637,0.4874209463596344
1779,3626,289,0.48740509152412415
1780,3626,4280,0.48738187551498413
1781,3626,172,0.48737257719039917
1782,3626,4285,0.4872604012489319
1783,3626,174,0.48716601729393005
1784,3626,355,0.48711538314819336
1785,3626,1963,0.4870578944683075
1786,3626,1950,0.4870518147945404
1787,3626,3547,0.48699280619621277
1788,3626,2490,0.48697587847709656
1789,3626,3457,0.48692721128463745
1790,3626,903,0.4869054853916168
1791,3626,4460,0.48689764738082886
1792,3626,2326,0.4867294728755951
1793,3626,1755,0.4866914749145508
1794,3626,2879,0.4866843819618225
1795,3626,1906,0.4866814911365509
1796,3626,2183,0.48661747574806213
1797,3626,2452,0.4865725040435791
1798,3626,3994,0.4865717887878418
1799,3626,2317,0.4865398406982422
1800,3626,3484,0.4864997863769531
1801,3626,1798,0.4864741861820221
1802,3626,3541,0.4864690601825714
1803,3626,1675,0.4864422380924225
1804,3626,2406,0.4864167273044586
1805,3626,4157,0.48635414242744446
1806,3626,3843,0.4863441586494446
1807,3626,2194,0.48633521795272827
1808,3626,3475,0.48633018136024475
1809,3626,2266,0.4862504303455353
1810,3626,454,0.4862184226512909
1811,3626,2150,0.4861946105957031
1812,3626,2504,0.4861591160297394
1813,3626,4437,0.4861530661582947
1814,3626,269,0.486151784658432
1815,3626,4131,0.48612940311431885
1816,3626,343,0.48610255122184753
1817,3626,976,0.48609912395477295
1818,3626,798,0.4860581159591675
1819,3626,3,0.4860573709011078
1820,3626,3352,0.4859979748725891
1821,3626,1655,0.48594194650650024
1822,3626,2926,0.48590338230133057
1823,3626,3151,0.4858766198158264
1824,3626,2919,0.48586490750312805
1825,3626,3719,0.48582684993743896
1826,3626,3603,0.48576441407203674
1827,3626,1778,0.4857010543346405
1828,3626,1089,0.485684335231781
1829,3626,3121,0.4856753349304199
1830,3626,4137,0.48566123843193054
1831,3626,295,0.4856428802013397
1832,3626,2327,0.48557567596435547
1833,3626,2044,0.48554059863090515
1834,3626,3111,0.4855331480503082
1835,3626,1296,0.48549702763557434
1836,3626,2551,0.48548224568367004
1837,3626,2228,0.48547399044036865
1838,3626,1178,0.48532649874687195
1839,3626,1533,0.4853154718875885
1840,3626,2030,0.48531490564346313
1841,3626,1071,0.48529118299484253
1842,3626,2563,0.4852777123451233
1843,3626,1299,0.48520684242248535
1844,3626,993,0.485138475894928
1845,3626,2602,0.4851325452327728
1846,3626,3010,0.4850686490535736
1847,3626,3822,0.4850172996520996
1848,3626,3866,0.4849916696548462
1849,3626,3215,0.4849688708782196
1850,3626,2995,0.4849606156349182
1851,3626,948,0.4849376976490021
1852,3626,3218,0.48491841554641724
1853,3626,3809,0.48488304018974304
1854,3626,2973,0.4848790466785431
1855,3626,570,0.4848707914352417
1856,3626,2129,0.48486214876174927
1857,3626,672,0.48485267162323
1858,3626,532,0.4847932755947113
1859,3626,4248,0.48475760221481323
1860,3626,2699,0.48474225401878357
1861,3626,696,0.4847041666507721
1862,3626,3320,0.48469841480255127
1863,3626,3570,0.484580397605896
1864,3626,3996,0.48457446694374084
1865,3626,1130,0.4845161736011505
1866,3626,2734,0.48442453145980835
1867,3626,1921,0.48436418175697327
1868,3626,3946,0.48431169986724854
1869,3626,3523,0.4841634929180145
1870,3626,3133,0.4840560853481293
1871,3626,1825,0.484005868434906
1872,3626,2984,0.4839659631252289
1873,3626,2978,0.48375701904296875
1874,3626,352,0.4835889935493469
1875,3626,1199,0.48357445001602173
1876,3626,3222,0.48345422744750977
1877,3626,1913,0.48342734575271606
1878,3626,2291,0.4833877384662628
1879,3626,262,0.4832993149757385
1880,3626,3251,0.48326820135116577
1881,3626,3665,0.48323601484298706
1882,3626,3556,0.48319190740585327
1883,3626,3638,0.4831641614437103
1884,3626,3055,0.48312458395957947
1885,3626,1049,0.48311227560043335
1886,3626,2466,0.4828731417655945
1887,3626,2138,0.4828634262084961
1888,3626,1997,0.4828437566757202
1889,3626,2491,0.4828401505947113
1890,3626,918,0.48282966017723083
1891,3626,3850,0.4827609360218048
1892,3626,2647,0.482730895280838
1893,3626,3461,0.48270606994628906
1894,3626,3576,0.48269835114479065
1895,3626,3596,0.48267269134521484
1896,3626,3998,0.4826442301273346
1897,3626,2677,0.48261237144470215
1898,3626,936,0.4826030731201172
1899,3626,1056,0.48256197571754456
1900,3626,2275,0.48255711793899536
1901,3626,4175,0.4825441241264343
1902,3626,3298,0.4824453294277191
1903,3626,206,0.48238277435302734
1904,3626,2470,0.4823354482650757
1905,3626,34,0.4823067784309387
1906,3626,515,0.4822879731655121
1907,3626,1365,0.48224401473999023
1908,3626,3443,0.48223793506622314
1909,3626,3612,0.4821331202983856
1910,3626,2745,0.4820965826511383
1911,3626,1325,0.48207032680511475
1912,3626,1633,0.4820646345615387
1913,3626,1185,0.48205113410949707
1914,3626,1420,0.48199114203453064
1915,3626,3236,0.4819907546043396
1916,3626,2420,0.4819695055484772
1917,3626,1184,0.4818461239337921
1918,3626,508,0.4818388819694519
1919,3626,522,0.481783002614975
1920,3626,1478,0.4817284345626831
1921,3626,2068,0.48172280192375183
1922,3626,793,0.4817013442516327
1923,3626,3891,0.4816221594810486
1924,3626,3572,0.4815588593482971
1925,3626,3117,0.4814911186695099
1926,3626,2743,0.48143240809440613
1927,3626,3083,0.4813540577888489
1928,3626,4438,0.48131346702575684
1929,3626,3319,0.48131030797958374
1930,3626,2615,0.48128464818000793
1931,3626,3593,0.4812660217285156
1932,3626,3535,0.48124927282333374
1933,3626,2204,0.4811815619468689
1934,3626,3677,0.4811682105064392
1935,3626,2493,0.48110026121139526
1936,3626,3990,0.480892151594162
1937,3626,1254,0.4808794856071472
1938,3626,2064,0.48087260127067566
1939,3626,245,0.48082244396209717
1940,3626,4473,0.48076581954956055
1941,3626,2279,0.48076188564300537
1942,3626,879,0.48073533177375793
1943,3626,192,0.48065343499183655
1944,3626,3499,0.4806024730205536
1945,3626,3770,0.4805923104286194
1946,3626,2157,0.4805510640144348
1947,3626,2004,0.4804564118385315
1948,3626,2523,0.4804425537586212
1949,3626,1161,0.4803082346916199
1950,3626,3948,0.48029839992523193
1951,3626,2098,0.48028838634490967
1952,3626,761,0.48013320565223694
1953,3626,652,0.4800190031528473
1954,3626,408,0.4800000786781311
1955,3626,3354,0.4799939692020416
1956,3626,2557,0.4799555838108063
1957,3626,1304,0.47992581129074097
1958,3626,3553,0.4798353314399719
1959,3626,1063,0.4797961115837097
1960,3626,1466,0.4797569513320923
1961,3626,4014,0.47973328828811646
1962,3626,1069,0.47971057891845703
1963,3626,396,0.4796878695487976
1964,3626,2362,0.4796780049800873
1965,3626,1223,0.47967469692230225
1966,3626,104,0.47967109084129333
1967,3626,2056,0.47966501116752625
1968,3626,369,0.4796407222747803
1969,3626,3852,0.47961536049842834
1970,3626,458,0.47945937514305115
1971,3626,2289,0.47943589091300964
1972,3626,3226,0.47929584980010986
1973,3626,1721,0.47924575209617615
1974,3626,1720,0.4792371988296509
1975,3626,1845,0.47917649149894714
1976,3626,3692,0.47907754778862
1977,3626,3945,0.4790744483470917
1978,3626,2888,0.4790237843990326
1979,3626,3543,0.4789755642414093
1980,3626,3858,0.47890999913215637
1981,3626,1123,0.47890201210975647
1982,3626,663,0.4788241386413574
1983,3626,4254,0.4788016974925995
1984,3626,2729,0.47873803973197937
1985,3626,3482,0.47871580719947815
1986,3626,1038,0.47870761156082153
1987,3626,3178,0.47870561480522156
1988,3626,4331,0.4786972105503082
1989,3626,2191,0.4786764979362488
1990,3626,1711,0.4785996079444885
1991,3626,559,0.4785621762275696
1992,3626,1411,0.4785599708557129
1993,3626,4336,0.47855958342552185
1994,3626,2881,0.47855445742607117
1995,3626,406,0.4785415530204773
1996,3626,1684,0.47853463888168335
1997,3626,3425,0.47853291034698486
1998,3626,348,0.4784719944000244
1999,3626,1828,0.4784366488456726
2000,3626,1114,0.4784281849861145
2001,3626,1736,0.47834664583206177
2002,3626,1022,0.47834572196006775
2003,3626,2298,0.47831791639328003
2004,3626,1780,0.4782370328903198
2005,3626,3206,0.4782262146472931
2006,3626,3840,0.47807514667510986
2007,3626,862,0.47806984186172485
2008,3626,4249,0.47805875539779663
2009,3626,1954,0.4780222773551941
2010,3626,4322,0.4780113995075226
2011,3626,4246,0.477958083152771
2012,3626,3360,0.4779150187969208
2013,3626,855,0.47788485884666443
2014,3626,2154,0.4778471291065216
2015,3626,415,0.47772639989852905
2016,3626,1331,0.4776422679424286
2017,3626,3114,0.4776056408882141
2018,3626,694,0.47760438919067383
2019,3626,2940,0.47756054997444153
2020,3626,3271,0.47747185826301575
2021,3626,85,0.47743114829063416
2022,3626,450,0.4774293303489685
2023,3626,207,0.4773111343383789
2024,3626,3376,0.4773097634315491
2025,3626,2898,0.4772579073905945
2026,3626,1162,0.4772200584411621
2027,3626,4304,0.47721195220947266
2028,3626,3181,0.47719699144363403
2029,3626,2353,0.4771217107772827
2030,3626,1179,0.4771011471748352
2031,3626,3788,0.47706466913223267
2032,3626,1594,0.4770515263080597
2033,3626,1176,0.47694650292396545
2034,3626,4296,0.47690990567207336
2035,3626,1041,0.47682058811187744
2036,3626,2067,0.476730614900589
2037,3626,1692,0.476706326007843
2038,3626,3624,0.4766583740711212
2039,3626,2921,0.47664114832878113
2040,3626,4383,0.4765958786010742
2041,3626,4444,0.4764915108680725
2042,3626,2562,0.4764077961444855
2043,3626,3533,0.47640517354011536
2044,3626,4061,0.4763922095298767
2045,3626,741,0.47628387808799744
2046,3626,3478,0.4762507677078247
2047,3626,1317,0.4762222170829773
2048,3626,2394,0.4761562943458557
2049,3626,256,0.4761449992656708
2050,3626,3549,0.4760624170303345
2051,3626,3138,0.4760426878929138
2052,3626,3283,0.47601014375686646
2053,3626,158,0.475945383310318
2054,3626,4127,0.475935161113739
2055,3626,3307,0.475913405418396
2056,3626,263,0.47572657465934753
2057,3626,2196,0.4757198393344879
2058,3626,3949,0.4757189154624939
2059,3626,1847,0.47568899393081665
2060,3626,745,0.4756617546081543
2061,3626,1917,0.4756564497947693
2062,3626,1344,0.47563764452934265
2063,3626,3921,0.47560518980026245
2064,3626,1027,0.47559434175491333
2065,3626,1014,0.475583016872406
2066,3626,1772,0.4755780100822449
2067,3626,3463,0.4754908084869385
2068,3626,2268,0.4754878282546997
2069,3626,3936,0.47547611594200134
2070,3626,1408,0.475475937128067
2071,3626,3526,0.475386381149292
2072,3626,3440,0.475363165140152
2073,3626,1309,0.47535714507102966
2074,3626,4010,0.4753222167491913
2075,3626,4129,0.4753032326698303
2076,3626,246,0.4752748906612396
2077,3626,393,0.4752644896507263
2078,3626,3048,0.47525525093078613
2079,3626,3534,0.47520703077316284
2080,3626,2681,0.47506916522979736
2081,3626,2062,0.475054532289505
2082,3626,182,0.4750012159347534
2083,3626,1624,0.4749375283718109
2084,3626,1070,0.4749324321746826
2085,3626,3249,0.4748810827732086
2086,3626,1582,0.4747750759124756
2087,3626,2258,0.4747577905654907
2088,3626,1944,0.47468018531799316
2089,3626,1882,0.4746192693710327
2090,3626,731,0.4745885729789734
2091,3626,3815,0.47455817461013794
2092,3626,2812,0.4745051860809326
2093,3626,1740,0.4745013117790222
2094,3626,820,0.4744502604007721
2095,3626,3182,0.4743881821632385
2096,3626,1020,0.4743839204311371
2097,3626,2820,0.47431036829948425
2098,3626,3887,0.47419747710227966
2099,3626,613,0.4741467535495758
2100,3626,3740,0.4740622639656067
2101,3626,3487,0.4740370512008667
2102,3626,4353,0.47388511896133423
2103,3626,2413,0.4738209545612335
2104,3626,2045,0.4736863970756531
2105,3626,2520,0.4736083149909973
2106,3626,86,0.47356271743774414
2107,3626,2516,0.47353851795196533
2108,3626,770,0.47346630692481995
2109,3626,596,0.4734615981578827
2110,3626,4274,0.47345930337905884
2111,3626,4380,0.4734577536582947
2112,3626,3292,0.4733119308948517
2113,3626,2726,0.4732894003391266
2114,3626,637,0.47328007221221924
2115,3626,2652,0.4732711911201477
2116,3626,1068,0.47326236963272095
2117,3626,2899,0.47323301434516907
2118,3626,2700,0.47322899103164673
2119,3626,1843,0.4732133746147156
2120,3626,623,0.47320762276649475
2121,3626,3571,0.47315680980682373
2122,3626,4050,0.4731522798538208
2123,3626,2953,0.4731414020061493
2124,3626,3868,0.4731366038322449
2125,3626,1747,0.4730345904827118
2126,3626,1001,0.47291553020477295
2127,3626,4450,0.4728863537311554
2128,3626,3453,0.47281724214553833
2129,3626,1502,0.4727700352668762
2130,3626,175,0.47276127338409424
2131,3626,518,0.4726834297180176
2132,3626,1893,0.472636878490448
2133,3626,3462,0.4726172685623169
2134,3626,2348,0.47253894805908203
2135,3626,1165,0.4724475145339966
2136,3626,2261,0.47242167592048645
2137,3626,4345,0.47233471274375916
2138,3626,483,0.47231823205947876
2139,3626,3068,0.47220370173454285
2140,3626,631,0.47220316529273987
2141,3626,549,0.47215110063552856
2142,3626,1992,0.47193583846092224
2143,3626,853,0.4718969166278839
2144,3626,1512,0.471804678440094
2145,3626,2436,0.4717833697795868
2146,3626,893,0.471723735332489
2147,3626,605,0.4716944098472595
2148,3626,3826,0.471684992313385
2149,3626,1490,0.47156399488449097
2150,3626,4155,0.4715147912502289
2151,3626,740,0.47136062383651733
2152,3626,1672,0.4713248610496521
2153,3626,1799,0.4713037610054016
2154,3626,974,0.4712486267089844
2155,3626,3503,0.4712337255477905
2156,3626,771,0.4712325632572174
2157,3626,1314,0.470980703830719
2158,3626,2690,0.4709537625312805
2159,3626,1084,0.47083306312561035
2160,3626,2223,0.4707430303096771
2161,3626,2108,0.4706765413284302
2162,3626,3196,0.4706362783908844
2163,3626,3530,0.47057098150253296
2164,3626,1822,0.4705619215965271
2165,3626,4410,0.4705614745616913
2166,3626,1473,0.4705427587032318
2167,3626,1789,0.4705093502998352
2168,3626,2508,0.4704457223415375
2169,3626,730,0.47034308314323425
2170,3626,302,0.4703226685523987
2171,3626,2759,0.470289945602417
2172,3626,2346,0.4702289402484894
2173,3626,1696,0.47020861506462097
2174,3626,899,0.4701758325099945
2175,3626,2412,0.47010207176208496
2176,3626,1764,0.47009459137916565
2177,3626,118,0.4700216054916382
2178,3626,3699,0.4700091481208801
2179,3626,3595,0.4699878990650177
2180,3626,1057,0.46998393535614014
2181,3626,4177,0.46992212533950806
2182,3626,830,0.4699060618877411
2183,3626,1788,0.4698389768600464
2184,3626,1143,0.46982359886169434
2185,3626,3046,0.4697611331939697
2186,3626,854,0.4696076810359955
2187,3626,3398,0.4695644676685333
2188,3626,80,0.469558984041214
2189,3626,3978,0.4694477319717407
2190,3626,2345,0.4694347679615021
2191,3626,2476,0.4693778157234192
2192,3626,3017,0.4693065285682678
2193,3626,36,0.46929869055747986
2194,3626,1990,0.46925780177116394
2195,3626,2181,0.469247967004776
2196,3626,3019,0.46919316053390503
2197,3626,3180,0.46918824315071106
2198,3626,688,0.46911412477493286
2199,3626,3684,0.46911054849624634
2200,3626,3972,0.4691087603569031
2201,3626,3915,0.4690816104412079
2202,3626,2748,0.46906059980392456
2203,3626,1273,0.46898290514945984
2204,3626,1731,0.46885350346565247
2205,3626,4251,0.46880653500556946
2206,3626,1058,0.4687393009662628
2207,3626,2172,0.46873775124549866
2208,3626,1187,0.46864697337150574
2209,3626,569,0.46862712502479553
2210,3626,3911,0.46858125925064087
2211,3626,3600,0.4685484766960144
2212,3626,2214,0.4685264825820923
2213,3626,3264,0.46843844652175903
2214,3626,3784,0.4684165418148041
2215,3626,2830,0.4683966040611267
2216,3626,3489,0.46836674213409424
2217,3626,4466,0.4683642089366913
2218,3626,4229,0.46836045384407043
2219,3626,3084,0.46836015582084656
2220,3626,3573,0.46833401918411255
2221,3626,126,0.4683113694190979
2222,3626,842,0.46830660104751587
2223,3626,2215,0.46827471256256104
2224,3626,3252,0.46825698018074036
2225,3626,4401,0.4682546854019165
2226,3626,3672,0.46823784708976746
2227,3626,1008,0.46805739402770996
2228,3626,3022,0.46803662180900574
2229,3626,2636,0.4679964780807495
2230,3626,1988,0.46798175573349
2231,3626,2467,0.46796077489852905
2232,3626,3237,0.4679015576839447
2233,3626,125,0.46787503361701965
2234,3626,4240,0.4678288400173187
2235,3626,1782,0.4678286612033844
2236,3626,1482,0.46782830357551575
2237,3626,2114,0.46782469749450684
2238,3626,1735,0.4678099453449249
2239,3626,1386,0.4676016867160797
2240,3626,4028,0.4675915539264679
2241,3626,1959,0.4675706923007965
2242,3626,1763,0.467547208070755
2243,3626,2264,0.467536598443985
2244,3626,3262,0.4673251509666443
2245,3626,299,0.46727585792541504
2246,3626,4379,0.4671670198440552
2247,3626,2339,0.46709561347961426
2248,3626,2212,0.46701526641845703
2249,3626,1588,0.4669569432735443
2250,3626,3382,0.46688327193260193
2251,3626,533,0.4668664336204529
2252,3626,3811,0.46685507893562317
2253,3626,1330,0.4668404757976532
2254,3626,2531,0.46683192253112793
2255,3626,232,0.466799795627594
2256,3626,2760,0.46679365634918213
2257,3626,3219,0.46663159132003784
2258,3626,3561,0.4665883183479309
2259,3626,2443,0.46656155586242676
2260,3626,1009,0.466548353433609
2261,3626,1783,0.4665413796901703
2262,3626,2096,0.46650442481040955
2263,3626,73,0.46642133593559265
2264,3626,298,0.466401606798172
2265,3626,3890,0.46639561653137207
2266,3626,723,0.4663747251033783
2267,3626,2625,0.466370552778244
2268,3626,1529,0.4662433862686157
2269,3626,1235,0.46621400117874146
2270,3626,360,0.46618789434432983
2271,3626,2133,0.466126412153244
2272,3626,3693,0.46610918641090393
2273,3626,3374,0.46602240204811096
2274,3626,1926,0.4659850001335144
2275,3626,651,0.4659467935562134
2276,3626,1319,0.4659423530101776
2277,3626,1743,0.4659067988395691
2278,3626,2799,0.46590155363082886
2279,3626,4306,0.4658825099468231
2280,3626,553,0.46582189202308655
2281,3626,3057,0.4657664895057678
2282,3626,2241,0.4657438397407532
2283,3626,1142,0.46570542454719543
2284,3626,2484,0.4656815528869629
2285,3626,2693,0.46562209725379944
2286,3626,3567,0.4655715823173523
2287,3626,3983,0.46554577350616455
2288,3626,1495,0.4655117392539978
2289,3626,301,0.4655073583126068
2290,3626,897,0.465484619140625
2291,3626,4180,0.46547678112983704
2292,3626,2856,0.4653845727443695
2293,3626,424,0.46531835198402405
2294,3626,1934,0.4652808904647827
2295,3626,1303,0.46526333689689636
2296,3626,3086,0.4652548134326935
2297,3626,1476,0.46519601345062256
2298,3626,1653,0.4651540517807007
2299,3626,2555,0.46512076258659363
2300,3626,697,0.46504509449005127
2301,3626,2095,0.46504414081573486
2302,3626,709,0.4650362432003021
2303,3626,3026,0.4650339186191559
2304,3626,1928,0.46500322222709656
2305,3626,3044,0.46500030159950256
2306,3626,4231,0.4649965465068817
2307,3626,3956,0.46496230363845825
2308,3626,4279,0.46493351459503174
2309,3626,58,0.4649217426776886
2310,3626,2912,0.46486106514930725
2311,3626,2478,0.46481752395629883
2312,3626,2901,0.46479490399360657
2313,3626,2468,0.4647905230522156
2314,3626,4200,0.46478575468063354
2315,3626,3437,0.46466687321662903
2316,3626,4020,0.464494913816452
2317,3626,4023,0.46446362137794495
2318,3626,2455,0.4644594192504883
2319,3626,1787,0.4644450545310974
2320,3626,925,0.46443840861320496
2321,3626,2139,0.4644152820110321
2322,3626,1127,0.4644034206867218
2323,3626,3041,0.46439558267593384
2324,3626,3628,0.4643898010253906
2325,3626,1666,0.46437159180641174
2326,3626,1343,0.46435239911079407
2327,3626,2278,0.46434110403060913
2328,3626,0,0.46433937549591064
2329,3626,2691,0.4642784893512726
2330,3626,3937,0.4642166495323181
2331,3626,1750,0.46420788764953613
2332,3626,4413,0.46414539217948914
2333,3626,1085,0.4641377627849579
2334,3626,2651,0.4641363322734833
2335,3626,4228,0.4640249013900757
2336,3626,3091,0.46394258737564087
2337,3626,565,0.4638489782810211
2338,3626,3474,0.4638337790966034
2339,3626,2802,0.46382251381874084
2340,3626,1546,0.4638151228427887
2341,3626,3907,0.4637499153614044
2342,3626,63,0.4637262523174286
2343,3626,881,0.46363601088523865
2344,3626,2617,0.4636295437812805
2345,3626,4467,0.46348056197166443
2346,3626,3565,0.46346646547317505
2347,3626,3119,0.4634305238723755
2348,3626,2741,0.46338340640068054
2349,3626,3350,0.46330901980400085
2350,3626,3366,0.4632873833179474
2351,3626,2580,0.46325722336769104
2352,3626,3029,0.4632513225078583
2353,3626,4339,0.4632262885570526
2354,3626,1192,0.46320098638534546
2355,3626,1695,0.4630981981754303
2356,3626,2360,0.4630047082901001
2357,3626,389,0.46297121047973633
2358,3626,1248,0.4628808796405792
2359,3626,4060,0.46286436915397644
2360,3626,2904,0.4628615081310272
2361,3626,4211,0.4626151919364929
2362,3626,314,0.46251097321510315
2363,3626,1550,0.46249833703041077
2364,3626,1148,0.46245312690734863
2365,3626,1687,0.46244773268699646
2366,3626,687,0.4624311029911041
2367,3626,3007,0.46240484714508057
2368,3626,865,0.4623463749885559
2369,3626,475,0.4622877836227417
2370,3626,2909,0.46224015951156616
2371,3626,735,0.462174654006958
2372,3626,2251,0.462133526802063
2373,3626,839,0.46206578612327576
2374,3626,4402,0.46205899119377136
2375,3626,2832,0.46200650930404663
2376,3626,4316,0.4619290232658386
2377,3626,3965,0.4618739187717438
2378,3626,211,0.4618696868419647
2379,3626,188,0.46186771988868713
2380,3626,1967,0.46183937788009644
2381,3626,2076,0.461813360452652
2382,3626,291,0.4618086516857147
2383,3626,3204,0.46175000071525574
2384,3626,4046,0.46171069145202637
2385,3626,2169,0.46165570616722107
2386,3626,2965,0.4616463780403137
2387,3626,3038,0.46161144971847534
2388,3626,3289,0.46153756976127625
2389,3626,3691,0.46148309111595154
2390,3626,2239,0.46143418550491333
2391,3626,1571,0.46134451031684875
2392,3626,2989,0.46129992604255676
2393,3626,1033,0.461276650428772
2394,3626,4183,0.46125125885009766
2395,3626,3856,0.46117737889289856
2396,3626,164,0.4611661732196808
2397,3626,585,0.4610842168331146
2398,3626,1744,0.4610641598701477
2399,3626,3034,0.46105697751045227
2400,3626,3293,0.46105095744132996
2401,3626,1878,0.46103084087371826
2402,3626,2446,0.46103066205978394
2403,3626,224,0.46099963784217834
2404,3626,2136,0.46093910932540894
2405,3626,3554,0.46090617775917053
2406,3626,656,0.46086055040359497
2407,3626,2616,0.4608587622642517
2408,3626,3818,0.46077466011047363
2409,3626,1770,0.4607708156108856
2410,3626,562,0.46061408519744873
2411,3626,3627,0.46056368947029114
2412,3626,315,0.460541695356369
2413,3626,221,0.4605313837528229
2414,3626,2428,0.4605286121368408
2415,3626,3642,0.4604977071285248
2416,3626,3344,0.46044787764549255
2417,3626,1599,0.46038585901260376
2418,3626,2168,0.4603157937526703
2419,3626,3431,0.4602298438549042
2420,3626,1605,0.46011871099472046
2421,3626,1619,0.46008217334747314
2422,3626,3189,0.4600575864315033
2423,3626,2766,0.459929496049881
2424,3626,3743,0.4599173367023468
2425,3626,4030,0.4599173367023468
2426,3626,119,0.4598821699619293
2427,3626,3303,0.45984289050102234
2428,3626,3231,0.4596930146217346
2429,3626,2632,0.4596836566925049
2430,3626,2584,0.4596575200557709
2431,3626,1144,0.45959997177124023
2432,3626,484,0.45958882570266724
2433,3626,3511,0.4595877528190613
2434,3626,2971,0.45957350730895996
2435,3626,2432,0.4595707058906555
2436,3626,1552,0.45955801010131836
2437,3626,2648,0.4595378637313843
2438,3626,2135,0.45941755175590515
2439,3626,1875,0.4594048261642456
2440,3626,1999,0.4594023823738098
2441,3626,1280,0.45924484729766846
2442,3626,4146,0.45923784375190735
2443,3626,979,0.4591788053512573
2444,3626,1891,0.4591570794582367
2445,3626,2692,0.4591570794582367
2446,3626,1322,0.45915502309799194
2447,3626,2868,0.4591081738471985
2448,3626,4412,0.4591011106967926
2449,3626,3618,0.4590902328491211
2450,3626,3964,0.45909011363983154
2451,3626,2440,0.4590562880039215
2452,3626,1943,0.4589669704437256
2453,3626,2087,0.45889562368392944
2454,3626,4178,0.45883652567863464
2455,3626,2848,0.4587673246860504
2456,3626,4381,0.45876672863960266
2457,3626,1970,0.4587506651878357
2458,3626,2977,0.4587498903274536
2459,3626,2698,0.4587431252002716
2460,3626,2719,0.45874151587486267
2461,3626,2397,0.4587341248989105
2462,3626,4132,0.45868098735809326
2463,3626,3721,0.4586760103702545
2464,3626,1125,0.45867374539375305
2465,3626,3700,0.45867031812667847
2466,3626,2717,0.4585348963737488
2467,3626,2170,0.4585084617137909
2468,3626,1600,0.45849528908729553
2469,3626,2875,0.4583539664745331
2470,3626,4145,0.45832499861717224
2471,3626,1107,0.45830607414245605
2472,3626,176,0.4582984745502472
2473,3626,2742,0.4582221508026123
2474,3626,1830,0.4582221508026123
2475,3626,2933,0.4582192599773407
2476,3626,2435,0.4582151770591736
2477,3626,2424,0.4582147002220154
2478,3626,3579,0.45819956064224243
2479,3626,2550,0.4581984579563141
2480,3626,161,0.45818614959716797
2481,3626,3179,0.45811086893081665
2482,3626,3943,0.4580547511577606
2483,3626,2664,0.45802098512649536
2484,3626,3254,0.4578896760940552
2485,3626,3860,0.45784467458724976
2486,3626,3183,0.4577944576740265
2487,3626,1681,0.45767417550086975
2488,3626,3702,0.45760077238082886
2489,3626,264,0.4575718343257904
2490,3626,1115,0.4573720693588257
2491,3626,2603,0.45737043023109436
2492,3626,4457,0.4573477804660797
2493,3626,3228,0.45730096101760864
2494,3626,504,0.45708245038986206
2495,3626,654,0.4570574462413788
2496,3626,2477,0.457044780254364
2497,3626,766,0.4570362865924835
2498,3626,2147,0.4569975435733795
2499,3626,769,0.4568130075931549
2500,3626,1587,0.4568081498146057
2501,3626,3902,0.45676204562187195
2502,3626,356,0.4566756784915924
2503,3626,2924,0.4566625654697418
2504,3626,1004,0.4565761089324951
2505,3626,1234,0.45657438039779663
2506,3626,2022,0.45656704902648926
2507,3626,4034,0.4565345346927643
2508,3626,1171,0.4565238654613495
2509,3626,3623,0.456438809633255
2510,3626,785,0.45638760924339294
2511,3626,970,0.45634835958480835
2512,3626,2506,0.4563042223453522
2513,3626,702,0.4562093913555145
2514,3626,187,0.4561575949192047
2515,3626,2384,0.45614615082740784
2516,3626,4045,0.4561081826686859
2517,3626,3400,0.45609575510025024
2518,3626,3517,0.4560767114162445
2519,3626,4415,0.45589953660964966
2520,3626,1777,0.45588716864585876
2521,3626,1914,0.4558534622192383
2522,3626,4239,0.45582717657089233
2523,3626,529,0.45581838488578796
2524,3626,227,0.4557357430458069
2525,3626,3243,0.45572322607040405
2526,3626,1922,0.4556266963481903
2527,3626,3574,0.4556143581867218
2528,3626,367,0.455607533454895
2529,3626,3985,0.4555932879447937
2530,3626,4115,0.4555717408657074
2531,3626,543,0.45553097128868103
2532,3626,338,0.4555205702781677
2533,3626,151,0.45550230145454407
2534,3626,2464,0.45550113916397095
2535,3626,759,0.4554627239704132
2536,3626,4399,0.45544812083244324
2537,3626,4456,0.45543548464775085
2538,3626,629,0.45539939403533936
2539,3626,3801,0.4553900361061096
2540,3626,3631,0.4553763270378113
2541,3626,2628,0.4553752839565277
2542,3626,4465,0.45536038279533386
2543,3626,2161,0.4552960693836212
2544,3626,3591,0.45527347922325134
2545,3626,2869,0.45520415902137756
2546,3626,204,0.4551013708114624
2547,3626,3245,0.45502805709838867
2548,3626,2519,0.45501866936683655
2549,3626,218,0.4549991488456726
2550,3626,1240,0.45498335361480713
2551,3626,3675,0.454949289560318
2552,3626,2007,0.45488935708999634
2553,3626,3829,0.45488330721855164
2554,3626,838,0.454684317111969
2555,3626,4390,0.4546299874782562
2556,3626,155,0.45462027192115784
2557,3626,1965,0.45459145307540894
2558,3626,4003,0.45454975962638855
2559,3626,2518,0.45448142290115356
2560,3626,4398,0.45445242524147034
2561,3626,1879,0.4544305205345154
2562,3626,2257,0.4543839991092682
2563,3626,1137,0.4540226459503174
2564,3626,764,0.4539952278137207
2565,3626,3315,0.45399099588394165
2566,3626,1813,0.4539424180984497
2567,3626,4144,0.45393115282058716
2568,3626,3346,0.45379531383514404
2569,3626,2596,0.453728586435318
2570,3626,1059,0.45370081067085266
2571,3626,4278,0.45364826917648315
2572,3626,2544,0.45363014936447144
2573,3626,358,0.4536232650279999
2574,3626,2254,0.45361027121543884
2575,3626,2193,0.45359835028648376
2576,3626,1958,0.4535024166107178
2577,3626,1694,0.4534636437892914
2578,3626,3577,0.45327994227409363
2579,3626,701,0.453261137008667
2580,3626,296,0.453220397233963
2581,3626,1431,0.45313596725463867
2582,3626,425,0.45308971405029297
2583,3626,3790,0.4530610740184784
2584,3626,2500,0.45294901728630066
2585,3626,1277,0.45260000228881836
2586,3626,2959,0.45259466767311096
2587,3626,2421,0.45252183079719543
2588,3626,4303,0.45251795649528503
2589,3626,2592,0.4525167942047119
2590,3626,1454,0.452341765165329
2591,3626,502,0.45231401920318604
2592,3626,3537,0.45225828886032104
2593,3626,3513,0.45224469900131226
2594,3626,2723,0.45221471786499023
2595,3626,336,0.45211371779441833
2596,3626,1849,0.45209619402885437
2597,3626,4310,0.4520590901374817
2598,3626,3664,0.4520348310470581
2599,3626,2283,0.4519282579421997
2600,3626,2401,0.4519053101539612
2601,3626,808,0.45179638266563416
2602,3626,3739,0.4517049193382263
2603,3626,653,0.4516887962818146
2604,3626,3458,0.4516599774360657
2605,3626,673,0.45163455605506897
2606,3626,1511,0.45160385966300964
2607,3626,2434,0.451542466878891
2608,3626,496,0.4515320956707001
2609,3626,3395,0.4514850378036499
2610,3626,2332,0.4514678716659546
2611,3626,3683,0.4514654278755188
2612,3626,1140,0.45145416259765625
2613,3626,2192,0.4514350891113281
2614,3626,486,0.4513286352157593
2615,3626,1080,0.4512481391429901
2616,3626,995,0.4511093199253082
2617,3626,1640,0.45106813311576843
2618,3626,1610,0.45101386308670044
2619,3626,4400,0.4509475529193878
2620,3626,3837,0.4508145749568939
2621,3626,788,0.4507402181625366
2622,3626,3663,0.4505614638328552
2623,3626,2733,0.4505513906478882
2624,3626,3897,0.45043912529945374
2625,3626,1818,0.4504281282424927
2626,3626,1801,0.45038819313049316
2627,3626,2210,0.45036134123802185
2628,3626,772,0.4503321051597595
2629,3626,1150,0.4503173530101776
2630,3626,4238,0.4503107964992523
2631,3626,3471,0.450303316116333
2632,3626,4434,0.4502675533294678
2633,3626,1118,0.4502621591091156
2634,3626,1996,0.45023113489151
2635,3626,2380,0.450151264667511
2636,3626,1701,0.4501059055328369
2637,3626,1911,0.44998645782470703
2638,3626,2447,0.4499693810939789
2639,3626,707,0.44986340403556824
2640,3626,1452,0.4497411549091339
2641,3626,3689,0.4497150182723999
2642,3626,722,0.4496042728424072
2643,3626,1584,0.4495932459831238
2644,3626,4165,0.4495915472507477
2645,3626,3279,0.4495576322078705
2646,3626,3758,0.44946232438087463
2647,3626,2571,0.44944700598716736
2648,3626,2631,0.44938939809799194
2649,3626,473,0.4493759870529175
2650,3626,3208,0.44928717613220215
2651,3626,4307,0.44921690225601196
2652,3626,11,0.4491668939590454
2653,3626,3483,0.4490635395050049
2654,3626,1506,0.4490302503108978
2655,3626,2382,0.449008047580719
2656,3626,2390,0.44893452525138855
2657,3626,1173,0.4488980174064636
2658,3626,3569,0.44880640506744385
2659,3626,2792,0.44878214597702026
2660,3626,4430,0.4487520754337311
2661,3626,852,0.4487428367137909
2662,3626,2352,0.44872409105300903
2663,3626,3548,0.44867974519729614
2664,3626,168,0.44866329431533813
2665,3626,185,0.4485621452331543
2666,3626,803,0.44833749532699585
2667,3626,2313,0.44833260774612427
2668,3626,1268,0.4483003616333008
2669,3626,3844,0.44821232557296753
2670,3626,4143,0.448153018951416
2671,3626,4222,0.4481283724308014
2672,3626,4203,0.448037326335907
2673,3626,3362,0.44797471165657043
2674,3626,53,0.44789204001426697
2675,3626,159,0.4478915333747864
2676,3626,4265,0.4477002024650574
2677,3626,3838,0.4476810693740845
2678,3626,3081,0.44766324758529663
2679,3626,3239,0.44762590527534485
2680,3626,973,0.4476240873336792
2681,3626,2481,0.4475058615207672
2682,3626,2294,0.4474421739578247
2683,3626,2069,0.44742751121520996
2684,3626,3367,0.4473942220211029
2685,3626,575,0.44719427824020386
2686,3626,2665,0.4471234977245331
2687,3626,2137,0.4470826983451843
2688,3626,718,0.4470541775226593
2689,3626,2232,0.44704365730285645
2690,3626,3966,0.4470265209674835
2691,3626,574,0.447012722492218
2692,3626,3379,0.4470040798187256
2693,3626,3384,0.44694703817367554
2694,3626,1826,0.44693291187286377
2695,3626,626,0.44688594341278076
2696,3626,3441,0.4468713104724884
2697,3626,1857,0.44685450196266174
2698,3626,1371,0.4468223452568054
2699,3626,560,0.44670605659484863
2700,3626,664,0.4466802179813385
2701,3626,2525,0.44667619466781616
2702,3626,3651,0.4466759264469147
2703,3626,2299,0.4466618001461029
2704,3626,4414,0.4466053247451782
2705,3626,500,0.44659897685050964
2706,3626,669,0.44659069180488586
2707,3626,1494,0.4465666711330414
2708,3626,1190,0.44654685258865356
2709,3626,4391,0.4465273916721344
2710,3626,1657,0.4465155601501465
2711,3626,895,0.44651538133621216
2712,3626,676,0.44648656249046326
2713,3626,604,0.4464849829673767
2714,3626,3959,0.4463930130004883
2715,3626,3299,0.4463878571987152
2716,3626,2991,0.44638386368751526
2717,3626,1072,0.4463745951652527
2718,3626,2077,0.4463610351085663
2719,3626,2385,0.44635188579559326
2720,3626,3975,0.446269154548645
2721,3626,1797,0.4462417960166931
2722,3626,3076,0.44616904854774475
2723,3626,2280,0.446147084236145
2724,3626,4133,0.446071982383728
2725,3626,4432,0.44597306847572327
2726,3626,3952,0.445931077003479
2727,3626,1174,0.44585785269737244
2728,3626,2039,0.44584816694259644
2729,3626,3295,0.4457007944583893
2730,3626,564,0.44569364190101624
2731,3626,4212,0.4456934332847595
2732,3626,4409,0.44567927718162537
2733,3626,2082,0.4456712007522583
2734,3626,2344,0.44564980268478394
2735,3626,4385,0.44562828540802
2736,3626,3297,0.4456099271774292
2737,3626,1542,0.4456022083759308
2738,3626,1854,0.44559675455093384
2739,3626,3688,0.4455891251564026
2740,3626,2441,0.44550102949142456
2741,3626,913,0.4454987943172455
2742,3626,2471,0.44548529386520386
2743,3626,402,0.44547605514526367
2744,3626,252,0.44546061754226685
2745,3626,2943,0.4453834891319275
2746,3626,379,0.4453096091747284
2747,3626,2626,0.4452696740627289
2748,3626,1040,0.4451597034931183
2749,3626,3235,0.4451309144496918
2750,3626,3989,0.44510725140571594
2751,3626,1749,0.4450346529483795
2752,3626,4386,0.44491812586784363
2753,3626,3999,0.44489309191703796
2754,3626,19,0.4448850154876709
2755,3626,1865,0.44478920102119446
2756,3626,1969,0.44471776485443115
2757,3626,3957,0.4447108507156372
2758,3626,1539,0.44462502002716064
2759,3626,2610,0.44460752606391907
2760,3626,3728,0.4445938169956207
2761,3626,4052,0.4445231556892395
2762,3626,2558,0.444429486989975
2763,3626,260,0.4443930387496948
2764,3626,980,0.44423478841781616
2765,3626,1015,0.4441002607345581
2766,3626,931,0.4440886974334717
2767,3626,3575,0.44406628608703613
2768,3626,1214,0.44405925273895264
2769,3626,689,0.4440215826034546
2770,3626,2524,0.44371870160102844
2771,3626,152,0.4437084496021271
2772,3626,203,0.44368305802345276
2773,3626,750,0.4436466693878174
2774,3626,75,0.4436430037021637
2775,3626,868,0.4436364471912384
2776,3626,413,0.4436339735984802
2777,3626,2417,0.4434846043586731
2778,3626,3321,0.44343554973602295
2779,3626,655,0.443376362323761
2780,3626,1732,0.4433450996875763
2781,3626,4261,0.4432905614376068
2782,3626,639,0.44324448704719543
2783,3626,4388,0.44324159622192383
2784,3626,4042,0.4432350993156433
2785,3626,3357,0.4431752860546112
2786,3626,3761,0.44315460324287415
2787,3626,847,0.4430845379829407
2788,3626,1241,0.44304710626602173
2789,3626,2530,0.44302135705947876
2790,3626,2021,0.4430164396762848
2791,3626,1256,0.4430157244205475
2792,3626,320,0.44298985600471497
2793,3626,55,0.44285547733306885
2794,3626,2276,0.4428180456161499
2795,3626,1087,0.44278547167778015
2796,3626,1614,0.4427039623260498
2797,3626,4192,0.442570298910141
2798,3626,2265,0.44247761368751526
2799,3626,4295,0.44244185090065
2800,3626,2199,0.4423620104789734
2801,3626,634,0.44234699010849
2802,3626,2542,0.44225457310676575
2803,3626,2541,0.44215330481529236
2804,3626,3613,0.4421226382255554
2805,3626,2767,0.44211384654045105
2806,3626,497,0.442105233669281
2807,3626,1224,0.44209781289100647
2808,3626,3153,0.44204476475715637
2809,3626,3464,0.44203177094459534
2810,3626,1682,0.44198963046073914
2811,3626,1091,0.44193795323371887
2812,3626,65,0.4419178068637848
2813,3626,2586,0.44190436601638794
2814,3626,3039,0.44174322485923767
2815,3626,1805,0.44171610474586487
2816,3626,1680,0.4417114853858948
2817,3626,2640,0.4416309595108032
2818,3626,196,0.44162100553512573
2819,3626,512,0.44159582257270813
2820,3626,3704,0.44158536195755005
2821,3626,1525,0.4415745139122009
2822,3626,1724,0.4414837658405304
2823,3626,2633,0.4412292242050171
2824,3626,1193,0.44118455052375793
2825,3626,4109,0.4410756230354309
2826,3626,4407,0.4410386085510254
2827,3626,1907,0.44103655219078064
2828,3626,3754,0.44103479385375977
2829,3626,23,0.4410315155982971
2830,3626,3429,0.440975159406662
2831,3626,3203,0.4408815801143646
2832,3626,4298,0.44081932306289673
2833,3626,1425,0.4407161474227905
2834,3626,3380,0.4406374990940094
2835,3626,2386,0.4405410885810852
2836,3626,1785,0.44033971428871155
2837,3626,3981,0.4403302073478699
2838,3626,3375,0.4403302073478699
2839,3626,4396,0.4402610957622528
2840,3626,4151,0.4402061104774475
2841,3626,2300,0.4401993453502655
2842,3626,3168,0.440182089805603
2843,3626,1013,0.44014227390289307
2844,3626,2517,0.4400334358215332
2845,3626,2981,0.4399830102920532
2846,3626,3232,0.43997079133987427
2847,3626,4141,0.43989261984825134
2848,3626,2187,0.43985360860824585
2849,3626,327,0.43980613350868225
2850,3626,1563,0.43979454040527344
2851,3626,2963,0.439789742231369
2852,3626,359,0.439775288105011
2853,3626,4406,0.43976640701293945
2854,3626,3510,0.4396505057811737
2855,3626,3166,0.4396463632583618
2856,3626,3657,0.43960246443748474
2857,3626,2612,0.4395686089992523
2858,3626,2712,0.43951645493507385
2859,3626,309,0.4394959807395935
2860,3626,2483,0.43946605920791626
2861,3626,3524,0.439435750246048
2862,3626,3853,0.4394344091415405
2863,3626,996,0.4394112825393677
2864,3626,1602,0.4393603205680847
2865,3626,3339,0.43935060501098633
2866,3626,2857,0.43932294845581055
2867,3626,2567,0.43925565481185913
2868,3626,1046,0.43920838832855225
2869,3626,3422,0.4390009939670563
2870,3626,2608,0.43890124559402466
2871,3626,1496,0.43886953592300415
2872,3626,1194,0.43880823254585266
2873,3626,3432,0.4387810230255127
2874,3626,2744,0.43858081102371216
2875,3626,1481,0.4385569989681244
2876,3626,981,0.4385295808315277
2877,3626,3118,0.43852028250694275
2878,3626,511,0.4384797215461731
2879,3626,4128,0.438475102186203
2880,3626,4332,0.4383813738822937
2881,3626,2605,0.43836286664009094
2882,3626,3714,0.4383281469345093
2883,3626,368,0.4383230209350586
2884,3626,1479,0.4382210075855255
2885,3626,3454,0.43819260597229004
2886,3626,3696,0.43818625807762146
2887,3626,2411,0.4380472004413605
2888,3626,100,0.43801912665367126
2889,3626,749,0.43791165947914124
2890,3626,3779,0.4379061162471771
2891,3626,1208,0.4377761483192444
2892,3626,3328,0.4377107322216034
2893,3626,751,0.43768250942230225
2894,3626,4191,0.4376145899295807
2895,3626,3723,0.4375196099281311
2896,3626,1333,0.4375080168247223
2897,3626,1719,0.43750157952308655
2898,3626,1200,0.43739140033721924
2899,3626,1760,0.4373807907104492
2900,3626,4158,0.43737107515335083
2901,3626,846,0.4373655319213867
2902,3626,2197,0.437337189912796
2903,3626,1055,0.4372961223125458
2904,3626,2249,0.43723252415657043
2905,3626,3473,0.43721941113471985
2906,3626,1492,0.43715375661849976
2907,3626,1257,0.4371351897716522
2908,3626,2160,0.43702688813209534
2909,3626,384,0.4370070695877075
2910,3626,4184,0.4368544816970825
2911,3626,254,0.4368378221988678
2912,3626,3388,0.4368162155151367
2913,3626,420,0.4368078410625458
2914,3626,2057,0.4367968440055847
2915,3626,4194,0.43679454922676086
2916,3626,811,0.436773419380188
2917,3626,4403,0.43669649958610535
2918,3626,1561,0.43658706545829773
2919,3626,1998,0.43657252192497253
2920,3626,1556,0.43649619817733765
2921,3626,666,0.4364888072013855
2922,3626,1892,0.43642759323120117
2923,3626,4017,0.4364089369773865
2924,3626,276,0.43631595373153687
2925,3626,3713,0.43629932403564453
2926,3626,3587,0.43628114461898804
2927,3626,2040,0.4361765682697296
2928,3626,1839,0.43612200021743774
2929,3626,4335,0.43609344959259033
2930,3626,4389,0.43599697947502136
2931,3626,303,0.43592506647109985
2932,3626,1279,0.4359211027622223
2933,3626,3414,0.4358830749988556
2934,3626,3113,0.43582677841186523
2935,3626,332,0.4358244836330414
2936,3626,3444,0.4358121156692505
2937,3626,2775,0.43566709756851196
2938,3626,300,0.4356350898742676
2939,3626,1096,0.4355686902999878
2940,3626,4289,0.4355577528476715
2941,3626,615,0.4355229139328003
2942,3626,2058,0.435514360666275
2943,3626,154,0.4355010986328125
2944,3626,3864,0.4353088438510895
2945,3626,4171,0.4352964758872986
2946,3626,1135,0.4352620840072632
2947,3626,597,0.43518614768981934
2948,3626,4179,0.4351769983768463
2949,3626,4134,0.43514662981033325
2950,3626,4461,0.4350922405719757
2951,3626,4459,0.4350748360157013
2952,3626,2536,0.435049831867218
2953,3626,4421,0.4349527060985565
2954,3626,3636,0.43490517139434814
2955,3626,3705,0.43489256501197815
2956,3626,3263,0.4348902702331543
2957,3626,1574,0.43483516573905945
2958,3626,3940,0.4348028898239136
2959,3626,2296,0.4347512722015381
2960,3626,3024,0.43474918603897095
2961,3626,3762,0.4346664249897003
2962,3626,4032,0.4346664249897003
2963,3626,3314,0.4346637725830078
2964,3626,4234,0.43464741110801697
2965,3626,1448,0.4346364140510559
2966,3626,4352,0.43461209535598755
2967,3626,1465,0.43457120656967163
2968,3626,2880,0.4345446825027466
2969,3626,3372,0.4345023036003113
2970,3626,400,0.4344966411590576
2971,3626,1032,0.43428996205329895
2972,3626,944,0.4342356026172638
2973,3626,1207,0.4342249035835266
2974,3626,2793,0.4342208802700043
2975,3626,1053,0.4341917932033539
2976,3626,1734,0.43417078256607056
2977,3626,835,0.434144526720047
2978,3626,2189,0.434028297662735
2979,3626,3141,0.43396657705307007
2980,3626,3767,0.43390095233917236
2981,3626,139,0.4337712526321411
2982,3626,3929,0.4337601959705353
2983,3626,2870,0.43367302417755127
2984,3626,3640,0.4336259961128235
2985,3626,2862,0.4336240589618683
2986,3626,3601,0.4334562122821808
2987,3626,2877,0.4334135949611664
2988,3626,437,0.43335309624671936
2989,3626,2075,0.43332141637802124
2990,3626,1573,0.4332961440086365
2991,3626,1723,0.433254212141037
2992,3626,2308,0.43310508131980896
2993,3626,304,0.4331022799015045
2994,3626,4358,0.43301865458488464
2995,3626,2803,0.4329926073551178
2996,3626,2253,0.4328189194202423
2997,3626,1846,0.43277785181999207
2998,3626,2740,0.43277785181999207
2999,3626,4043,0.43271827697753906
3000,3626,566,0.4327172338962555
3001,3626,2751,0.4326319694519043
3002,3626,942,0.4326035678386688
3003,3626,4302,0.43257081508636475
3004,3626,4260,0.4324944019317627
3005,3626,3410,0.43236398696899414
3006,3626,3248,0.4323332905769348
3007,3626,2611,0.432324081659317
3008,3626,1994,0.4322945773601532
3009,3626,3941,0.43228286504745483
3010,3626,3901,0.43223899602890015
3011,3626,2078,0.43215152621269226
3012,3626,748,0.4320690333843231
3013,3626,2864,0.4319818317890167
3014,3626,659,0.43192771077156067
3015,3626,4423,0.43189647793769836
3016,3626,2999,0.43168190121650696
3017,3626,3148,0.43165555596351624
3018,3626,2540,0.4316229820251465
3019,3626,2031,0.4316153824329376
3020,3626,4293,0.43157947063446045
3021,3626,2402,0.4314897060394287
3022,3626,3772,0.4313507676124573
3023,3626,2084,0.4312794506549835
3024,3626,823,0.43122899532318115
3025,3626,1700,0.4311988949775696
3026,3626,531,0.43113818764686584
3027,3626,3365,0.4310360550880432
3028,3626,1935,0.4309300482273102
3029,3626,3405,0.4309227764606476
3030,3626,1016,0.4309093952178955
3031,3626,3916,0.4308977723121643
3032,3626,3216,0.43084076046943665
3033,3626,2565,0.43081799149513245
3034,3626,1861,0.4307088851928711
3035,3626,869,0.4306870400905609
3036,3626,3329,0.43048936128616333
3037,3626,1486,0.43031346797943115
3038,3626,2462,0.43030422925949097
3039,3626,3468,0.4301702380180359
3040,3626,3387,0.4301537871360779
3041,3626,28,0.4301365613937378
3042,3626,2473,0.430107444524765
3043,3626,3605,0.4300229251384735
3044,3626,1549,0.42995575070381165
3045,3626,2055,0.4298703372478485
3046,3626,572,0.4296894967556
3047,3626,2123,0.4296802580356598
3048,3626,2381,0.42960184812545776
3049,3626,1177,0.42955294251441956
3050,3626,1693,0.4295121431350708
3051,3626,2773,0.4294562339782715
3052,3626,3564,0.4294271767139435
3053,3626,1543,0.4293988049030304
3054,3626,3318,0.42935821413993835
3055,3626,2101,0.42933550477027893
3056,3626,2088,0.429294615983963
3057,3626,875,0.4292811453342438
3058,3626,2407,0.429278701543808
3059,3626,1203,0.42923951148986816
3060,3626,4241,0.42916885018348694
3061,3626,953,0.4291544556617737
3062,3626,163,0.4290030002593994
3063,3626,1689,0.42895838618278503
3064,3626,2763,0.42888614535331726
3065,3626,1754,0.42884477972984314
3066,3626,2739,0.4288082420825958
3067,3626,2142,0.42872050404548645
3068,3626,3162,0.4286324083805084
3069,3626,1880,0.4284622073173523
3070,3626,4324,0.4284120500087738
3071,3626,2896,0.4283909797668457
3072,3626,4350,0.4283825159072876
3073,3626,2115,0.42837998270988464
3074,3626,3345,0.4283338785171509
3075,3626,1678,0.4281419515609741
3076,3626,2507,0.4281347692012787
3077,3626,2815,0.42813029885292053
3078,3626,3690,0.42804598808288574
3079,3626,1329,0.4280041456222534
3080,3626,2065,0.42800310254096985
3081,3626,2433,0.42796143889427185
3082,3626,4387,0.4279426038265228
3083,3626,1676,0.42787131667137146
3084,3626,2950,0.42785415053367615
3085,3626,3492,0.42781832814216614
3086,3626,1796,0.4277816414833069
3087,3626,984,0.42777204513549805
3088,3626,451,0.4277017116546631
3089,3626,97,0.42768576741218567
3090,3626,4419,0.42761677503585815
3091,3626,2220,0.42761510610580444
3092,3626,48,0.4275371730327606
3093,3626,2526,0.4275311529636383
3094,3626,94,0.42744821310043335
3095,3626,538,0.42735543847084045
3096,3626,401,0.4272461235523224
3097,3626,619,0.4272421598434448
3098,3626,3969,0.42721155285835266
3099,3626,1390,0.4271836578845978
3100,3626,1213,0.4271351397037506
3101,3626,3217,0.42695051431655884
3102,3626,1820,0.4269273579120636
3103,3626,810,0.4269179701805115
3104,3626,3914,0.4269118309020996
3105,3626,1274,0.4267389178276062
3106,3626,372,0.42673417925834656
3107,3626,4305,0.426643043756485
3108,3626,4319,0.42661404609680176
3109,3626,2975,0.4265497326850891
3110,3626,1603,0.4264516532421112
3111,3626,2416,0.42637455463409424
3112,3626,4270,0.42633700370788574
3113,3626,1383,0.42626118659973145
3114,3626,1707,0.42615506052970886
3115,3626,2697,0.42607977986335754
3116,3626,1730,0.42607784271240234
3117,3626,115,0.42594242095947266
3118,3626,2822,0.4259297549724579
3119,3626,3597,0.42582690715789795
3120,3626,997,0.42575758695602417
3121,3626,4275,0.4257272481918335
3122,3626,201,0.42556875944137573
3123,3626,14,0.4254909157752991
3124,3626,3079,0.42538920044898987
3125,3626,1348,0.4251980781555176
3126,3626,371,0.4251457452774048
3127,3626,859,0.4251376688480377
3128,3626,812,0.4251185953617096
3129,3626,4164,0.4251015782356262
3130,3626,4376,0.4250570237636566
3131,3626,535,0.4250059723854065
3132,3626,323,0.4249700605869293
3133,3626,457,0.4248530864715576
3134,3626,3061,0.4248502850532532
3135,3626,1039,0.4247606694698334
3136,3626,1842,0.4246957004070282
3137,3626,3919,0.4246658384799957
3138,3626,753,0.42465025186538696
3139,3626,1387,0.4244597852230072
3140,3626,3586,0.4243879020214081
3141,3626,3392,0.4243791103363037
3142,3626,247,0.42429226636886597
3143,3626,4480,0.4242226183414459
3144,3626,3830,0.42401325702667236
3145,3626,2962,0.4239158034324646
3146,3626,4008,0.4238646924495697
3147,3626,1211,0.4237474501132965
3148,3626,4343,0.4237222969532013
3149,3626,1133,0.4236159324645996
3150,3626,2593,0.4235636293888092
3151,3626,1534,0.4235597550868988
3152,3626,1217,0.42354950308799744
3153,3626,3027,0.42348766326904297
3154,3626,4195,0.42346668243408203
3155,3626,2356,0.4234430491924286
3156,3626,4059,0.4234306812286377
3157,3626,4384,0.42340314388275146
3158,3626,121,0.423373818397522
3159,3626,4213,0.4232398569583893
3160,3626,1188,0.4232273995876312
3161,3626,3170,0.4231991469860077
3162,3626,1727,0.4231685996055603
3163,3626,1011,0.4231341779232025
3164,3626,117,0.4229353666305542
3165,3626,3649,0.4228179156780243
3166,3626,1393,0.42279985547065735
3167,3626,4340,0.4227968752384186
3168,3626,1259,0.42277830839157104
3169,3626,3710,0.4227679967880249
3170,3626,3420,0.42271938920021057
3171,3626,4013,0.4227026700973511
3172,3626,1883,0.42263633012771606
3173,3626,2736,0.4226134121417999
3174,3626,4446,0.4225836992263794
3175,3626,2890,0.4225770831108093
3176,3626,586,0.4223692715167999
3177,3626,4292,0.4223202168941498
3178,3626,333,0.42223724722862244
3179,3626,1139,0.42211347818374634
3180,3626,858,0.4221108555793762
3181,3626,190,0.422081857919693
3182,3626,3330,0.42196017503738403
3183,3626,2732,0.4218091368675232
3184,3626,4267,0.4216354489326477
3185,3626,1951,0.421631783246994
3186,3626,2997,0.4216245412826538
3187,3626,1204,0.42158934473991394
3188,3626,3746,0.42157942056655884
3189,3626,361,0.42146968841552734
3190,3626,2288,0.42146557569503784
3191,3626,243,0.42137444019317627
3192,3626,1909,0.42129939794540405
3193,3626,2878,0.42122048139572144
3194,3626,4422,0.42111244797706604
3195,3626,3644,0.4210318326950073
3196,3626,2510,0.42100265622138977
3197,3626,2359,0.4209679961204529
3198,3626,4236,0.42092740535736084
3199,3626,4404,0.4208768308162689
3200,3626,1915,0.42087528109550476
3201,3626,3383,0.42078205943107605
3202,3626,1086,0.420772522687912
3203,3626,383,0.4207462668418884
3204,3626,4190,0.42072945833206177
3205,3626,1441,0.42068612575531006
3206,3626,1045,0.4206438660621643
3207,3626,76,0.4206049144268036
3208,3626,3835,0.4205440282821655
3209,3626,595,0.420535683631897
3210,3626,465,0.4204896092414856
3211,3626,1242,0.4204413890838623
3212,3626,1026,0.42039424180984497
3213,3626,1488,0.420372873544693
3214,3626,3291,0.4203590750694275
3215,3626,592,0.42030900716781616
3216,3626,591,0.4202488660812378
3217,3626,4076,0.4202163517475128
3218,3626,577,0.42008405923843384
3219,3626,3305,0.4200839698314667
3220,3626,1884,0.4200494587421417
3221,3626,202,0.41992074251174927
3222,3626,3486,0.4199124276638031
3223,3626,1636,0.4198450744152069
3224,3626,215,0.4197325110435486
3225,3626,544,0.4196227192878723
3226,3626,4245,0.41937488317489624
3227,3626,12,0.4193166196346283
3228,3626,2902,0.4191891551017761
3229,3626,3209,0.4190989136695862
3230,3626,756,0.4190129339694977
3231,3626,1756,0.4189927577972412
3232,3626,3220,0.41892826557159424
3233,3626,167,0.41880297660827637
3234,3626,3493,0.418759286403656
3235,3626,3725,0.41874346137046814
3236,3626,2894,0.41869601607322693
3237,3626,3234,0.41868892312049866
3238,3626,4029,0.4186355769634247
3239,3626,2488,0.4185973107814789
3240,3626,3825,0.41851282119750977
3241,3626,4124,0.41845977306365967
3242,3626,140,0.4184316396713257
3243,3626,362,0.41841161251068115
3244,3626,2111,0.4183907210826874
3245,3626,3021,0.4181833565235138
3246,3626,3302,0.4179826080799103
3247,3626,2003,0.41761016845703125
3248,3626,4077,0.4175399839878082
3249,3626,4110,0.4174247086048126
3250,3626,3325,0.41735804080963135
3251,3626,4170,0.41735637187957764
3252,3626,1010,0.41731223464012146
3253,3626,917,0.4172214865684509
3254,3626,1437,0.41714876890182495
3255,3626,2979,0.4171484112739563
3256,3626,2559,0.4171336889266968
3257,3626,2790,0.4170714318752289
3258,3626,4035,0.41699251532554626
3259,3626,1232,0.41697749495506287
3260,3626,4142,0.4168739318847656
3261,3626,3184,0.4167954921722412
3262,3626,33,0.4167039096355438
3263,3626,3309,0.4166718125343323
3264,3626,922,0.4166263937950134
3265,3626,3671,0.4164755046367645
3266,3626,2231,0.416363924741745
3267,3626,4174,0.41636064648628235
3268,3626,27,0.41631460189819336
3269,3626,840,0.4162885844707489
3270,3626,3930,0.4162750542163849
3271,3626,3120,0.416269451379776
3272,3626,4217,0.4161064922809601
3273,3626,3050,0.4160735011100769
3274,3626,214,0.41604897379875183
3275,3626,3163,0.4160323143005371
3276,3626,3435,0.4159812033176422
3277,3626,1613,0.4157683551311493
3278,3626,556,0.4157322645187378
3279,3626,3847,0.41572847962379456
3280,3626,4027,0.415717214345932
3281,3626,982,0.4156928062438965
3282,3626,540,0.4156875014305115
3283,3626,3006,0.4156588017940521
3284,3626,3900,0.4155769944190979
3285,3626,2671,0.4155717194080353
3286,3626,4086,0.41549816727638245
3287,3626,2539,0.415476530790329
3288,3626,2322,0.41542384028434753
3289,3626,4075,0.4153454303741455
3290,3626,2054,0.4153428077697754
3291,3626,15,0.41533809900283813
3292,3626,4153,0.41527917981147766
3293,3626,3947,0.41522669792175293
3294,3626,131,0.4151536822319031
3295,3626,2941,0.41512230038642883
3296,3626,2342,0.4151073098182678
3297,3626,818,0.41510459780693054
3298,3626,277,0.41502508521080017
3299,3626,480,0.41493290662765503
3300,3626,3854,0.41490060091018677
3301,3626,1791,0.41476696729660034
3302,3626,1366,0.414724737405777
3303,3626,2737,0.41465675830841064
3304,3626,3157,0.414532333612442
3305,3626,1443,0.4144241511821747
3306,3626,72,0.4144061803817749
3307,3626,3310,0.4142124056816101
3308,3626,514,0.4141817092895508
3309,3626,2155,0.41417133808135986
3310,3626,2229,0.4141267240047455
3311,3626,1060,0.41411393880844116
3312,3626,2813,0.4140532612800598
3313,3626,822,0.41389715671539307
3314,3626,612,0.41380545496940613
3315,3626,4244,0.4137890636920929
3316,3626,2622,0.4137859642505646
3317,3626,311,0.41368719935417175
3318,3626,238,0.4136217534542084
3319,3626,3466,0.4135925769805908
3320,3626,2377,0.4135080575942993
3321,3626,534,0.4134686291217804
3322,3626,2789,0.4134576618671417
3323,3626,2583,0.41330811381340027
3324,3626,727,0.4132426679134369
3325,3626,205,0.4130812883377075
3326,3626,2046,0.4130762815475464
3327,3626,513,0.41304630041122437
3328,3626,3423,0.41281968355178833
3329,3626,3316,0.41276970505714417
3330,3626,3082,0.4127521812915802
3331,3626,1608,0.41262874007225037
3332,3626,492,0.4125857651233673
3333,3626,1685,0.41255953907966614
3334,3626,1941,0.41249552369117737
3335,3626,2838,0.4123106896877289
3336,3626,1250,0.41223621368408203
3337,3626,837,0.4122113287448883
3338,3626,3353,0.4121554493904114
3339,3626,625,0.4121153950691223
3340,3626,2378,0.4120695888996124
3341,3626,2720,0.4119611084461212
3342,3626,4166,0.4118926227092743
3343,3626,901,0.4118380844593048
3344,3626,3729,0.41181662678718567
3345,3626,1757,0.4117322862148285
3346,3626,4272,0.41165387630462646
3347,3626,3827,0.4116532802581787
3348,3626,266,0.41156184673309326
3349,3626,305,0.4114873707294464
3350,3626,3211,0.41140449047088623
3351,3626,4299,0.4113582670688629
3352,3626,213,0.4113403558731079
3353,3626,4445,0.4113326966762543
3354,3626,4357,0.41121160984039307
3355,3626,1688,0.4111849367618561
3356,3626,474,0.4111053943634033
3357,3626,306,0.4111036956310272
3358,3626,4356,0.4110924005508423
3359,3626,3645,0.41108131408691406
3360,3626,3028,0.41106200218200684
3361,3626,1859,0.41106173396110535
3362,3626,2486,0.41089650988578796
3363,3626,478,0.4108703136444092
3364,3626,2695,0.4108463525772095
3365,3626,1706,0.410683810710907
3366,3626,3096,0.41063451766967773
3367,3626,3633,0.4106212854385376
3368,3626,1225,0.41059017181396484
3369,3626,2171,0.4105868935585022
3370,3626,848,0.41050267219543457
3371,3626,2085,0.41046252846717834
3372,3626,509,0.41034045815467834
3373,3626,3378,0.4103284180164337
3374,3626,3527,0.4102937579154968
3375,3626,2482,0.41015875339508057
3376,3626,2371,0.410068154335022
3377,3626,1673,0.4100356996059418
3378,3626,2060,0.4100327491760254
3379,3626,171,0.4099995493888855
3380,3626,113,0.4099012017250061
3381,3626,380,0.40985605120658875
3382,3626,3905,0.4098302721977234
3383,3626,3584,0.4097807705402374
3384,3626,4235,0.4097181260585785
3385,3626,3798,0.4096789062023163
3386,3626,3934,0.4095551073551178
3387,3626,1927,0.4095110595226288
3388,3626,239,0.40950825810432434
3389,3626,2638,0.40939199924468994
3390,3626,2244,0.4093833267688751
3391,3626,992,0.40936875343322754
3392,3626,3074,0.4093220829963684
3393,3626,35,0.40923041105270386
3394,3626,1006,0.4091544449329376
3395,3626,4405,0.40912583470344543
3396,3626,1,0.4091220796108246
3397,3626,1852,0.40900614857673645
3398,3626,744,0.4089038372039795
3399,3626,1823,0.40870559215545654
3400,3626,624,0.4086911380290985
3401,3626,773,0.40864378213882446
3402,3626,248,0.40859776735305786
3403,3626,3348,0.408539354801178
3404,3626,3171,0.4085373878479004
3405,3626,1237,0.4085152745246887
3406,3626,2310,0.4084087312221527
3407,3626,183,0.4083634614944458
3408,3626,2041,0.40830811858177185
3409,3626,1212,0.40817898511886597
3410,3626,4196,0.40811702609062195
3411,3626,920,0.4080886244773865
3412,3626,3786,0.408078134059906
3413,3626,3496,0.40802618861198425
3414,3626,2543,0.407958984375
3415,3626,2859,0.40795600414276123
3416,3626,2823,0.4079481363296509
3417,3626,2032,0.40792611241340637
3418,3626,1737,0.40774762630462646
3419,3626,494,0.40751686692237854
3420,3626,1638,0.4074822664260864
3421,3626,1729,0.407381147146225
3422,3626,3753,0.40731334686279297
3423,3626,4055,0.407275915145874
3424,3626,2893,0.40720483660697937
3425,3626,2374,0.4071904718875885
3426,3626,2757,0.4071861207485199
3427,3626,2403,0.4071614742279053
3428,3626,1705,0.40715914964675903
3429,3626,2952,0.4070327877998352
3430,3626,3187,0.40703076124191284
3431,3626,3363,0.40702083706855774
3432,3626,4036,0.4069238305091858
3433,3626,2,0.40676021575927734
3434,3626,160,0.40662509202957153
3435,3626,2980,0.406562477350235
3436,3626,4078,0.40653911232948303
3437,3626,3020,0.40645062923431396
3438,3626,4218,0.4064479172229767
3439,3626,967,0.4063303470611572
3440,3626,1548,0.4062274396419525
3441,3626,1136,0.4060775339603424
3442,3626,2927,0.4060724377632141
3443,3626,108,0.4059927761554718
3444,3626,3332,0.4059872627258301
3445,3626,3845,0.4059296250343323
3446,3626,990,0.4059116244316101
3447,3626,860,0.405909925699234
3448,3626,334,0.40584683418273926
3449,3626,4206,0.4057551622390747
3450,3626,2886,0.40568163990974426
3451,3626,561,0.4056464731693268
3452,3626,1899,0.40557146072387695
3453,3626,3342,0.40554365515708923
3454,3626,4355,0.40551161766052246
3455,3626,977,0.40532463788986206
3456,3626,1524,0.4053047001361847
3457,3626,1252,0.40529778599739075
3458,3626,426,0.4052419364452362
3459,3626,2050,0.405235230922699
3460,3626,1596,0.4052344858646393
3461,3626,4026,0.4051894545555115
3462,3626,3258,0.40503865480422974
3463,3626,123,0.40503716468811035
3464,3626,3259,0.40500369668006897
3465,3626,2689,0.40498611330986023
3466,3626,551,0.4048759639263153
3467,3626,1722,0.40485167503356934
3468,3626,4068,0.40479543805122375
3469,3626,1628,0.40478894114494324
3470,3626,287,0.4047696590423584
3471,3626,4097,0.4047691226005554
3472,3626,568,0.40474653244018555
3473,3626,1230,0.4046685993671417
3474,3626,378,0.40460899472236633
3475,3626,181,0.40448978543281555
3476,3626,3327,0.4044606387615204
3477,3626,2955,0.4044421315193176
3478,3626,488,0.40442150831222534
3479,3626,1247,0.40435662865638733
3480,3626,3928,0.4041224718093872
3481,3626,2272,0.4040411114692688
3482,3626,281,0.4039310812950134
3483,3626,721,0.4038890302181244
3484,3626,717,0.40387311577796936
3485,3626,3399,0.40373215079307556
3486,3626,4216,0.40372055768966675
3487,3626,1508,0.40370890498161316
3488,3626,617,0.40363794565200806
3489,3626,241,0.40361830592155457
3490,3626,3873,0.40361398458480835
3491,3626,3317,0.40360215306282043
3492,3626,1710,0.4035678803920746
3493,3626,17,0.403525173664093
3494,3626,3085,0.4034690260887146
3495,3626,1266,0.4034591019153595
3496,3626,288,0.40342453122138977
3497,3626,2834,0.40336087346076965
3498,3626,3418,0.40322965383529663
3499,3626,2410,0.40319570899009705
3500,3626,3908,0.4031899571418762
3501,3626,490,0.40310147404670715
3502,3626,373,0.4030175805091858
3503,3626,1697,0.40282925963401794
3504,3626,719,0.4028206467628479
3505,3626,3993,0.4026980400085449
3506,3626,4038,0.402620792388916
3507,3626,1197,0.40257707238197327
3508,3626,2966,0.4024645984172821
3509,3626,491,0.4023667275905609
3510,3626,3995,0.40224042534828186
3511,3626,2375,0.40220385789871216
3512,3626,3938,0.4021933376789093
3513,3626,679,0.40217825770378113
3514,3626,4375,0.4021749496459961
3515,3626,2930,0.4021326005458832
3516,3626,2156,0.4021280109882355
3517,3626,2778,0.4019819498062134
3518,3626,3764,0.40195658802986145
3519,3626,81,0.40193358063697815
3520,3626,1948,0.4017907977104187
3521,3626,3498,0.4016442596912384
3522,3626,2480,0.40164145827293396
3523,3626,2850,0.40163353085517883
3524,3626,1036,0.4016026556491852
3525,3626,3421,0.40158241987228394
3526,3626,3701,0.4015146791934967
3527,3626,3349,0.40149766206741333
3528,3626,2847,0.4014715254306793
3529,3626,313,0.40145906805992126
3530,3626,939,0.40138372778892517
3531,3626,2865,0.4013538956642151
3532,3626,4428,0.40134742856025696
3533,3626,3336,0.4013250172138214
3534,3626,2053,0.40126359462738037
3535,3626,3896,0.40126311779022217
3536,3626,198,0.40125831961631775
3537,3626,4393,0.4012089669704437
3538,3626,2305,0.4010114371776581
3539,3626,3401,0.4008810222148895
3540,3626,527,0.4008620083332062
3541,3626,3962,0.40079009532928467
3542,3626,2897,0.40078994631767273
3543,3626,503,0.4007612466812134
3544,3626,257,0.40071672201156616
3545,3626,2577,0.40029376745224
3546,3626,506,0.4001407027244568
3547,3626,4161,0.4001345634460449
3548,3626,1195,0.40010470151901245
3549,3626,1189,0.40000206232070923
3550,3626,2882,0.3999658226966858
3551,3626,2090,0.3999490737915039
3552,3626,3828,0.39994555711746216
3553,3626,3434,0.39994433522224426
3554,3626,2574,0.39989185333251953
3555,3626,392,0.3997092843055725
3556,3626,4202,0.39961278438568115
3557,3626,545,0.3995760381221771
3558,3626,498,0.39945217967033386
3559,3626,1966,0.39942142367362976
3560,3626,2843,0.3994041979312897
3561,3626,4065,0.39939841628074646
3562,3626,1064,0.39924898743629456
3563,3626,1231,0.3991581201553345
3564,3626,357,0.39911991357803345
3565,3626,442,0.39911317825317383
3566,3626,4416,0.39910703897476196
3567,3626,2578,0.39910414814949036
3568,3626,520,0.3990973234176636
3569,3626,720,0.39907485246658325
3570,3626,965,0.3989468216896057
3571,3626,2835,0.39871689677238464
3572,3626,768,0.3986625075340271
3573,3626,2497,0.3985227346420288
3574,3626,111,0.39848193526268005
3575,3626,3371,0.3984704613685608
3576,3626,265,0.3984505832195282
3577,3626,3495,0.39838942885398865
3578,3626,318,0.3983749449253082
3579,3626,2817,0.3983595669269562
3580,3626,2786,0.39835408329963684
3581,3626,1634,0.3983064293861389
3582,3626,4392,0.3981020152568817
3583,3626,2513,0.3980810344219208
3584,3626,3550,0.39794936776161194
3585,3626,3073,0.397918164730072
3586,3626,3771,0.39786824584007263
3587,3626,4458,0.39785534143447876
3588,3626,682,0.3978157937526703
3589,3626,2831,0.39773157238960266
3590,3626,275,0.3977263569831848
3591,3626,4318,0.3977077305316925
3592,3626,4351,0.3976415991783142
3593,3626,3991,0.3976083993911743
3594,3626,2185,0.3975347876548767
3595,3626,391,0.39747869968414307
3596,3626,1671,0.3974003493785858
3597,3626,2456,0.3974003493785858
3598,3626,4308,0.3973633944988251
3599,3626,590,0.39736101031303406
3600,3626,1558,0.3973107635974884
3601,3626,10,0.39729204773902893
3602,3626,3244,0.39722195267677307
3603,3626,633,0.3969786465167999
3604,3626,3652,0.39686867594718933
3605,3626,2262,0.3968662917613983
3606,3626,4224,0.39684391021728516
3607,3626,197,0.3968338668346405
3608,3626,2092,0.3967571258544922
3609,3626,3810,0.39671677350997925
3610,3626,1260,0.396590918302536
3611,3626,4408,0.39657819271087646
3612,3626,4193,0.39653509855270386
3613,3626,1931,0.3964976668357849
3614,3626,3424,0.39642927050590515
3615,3626,280,0.39630380272865295
3616,3626,614,0.3962179124355316
3617,3626,3716,0.39610278606414795
3618,3626,193,0.39607253670692444
3619,3626,1218,0.3959917426109314
3620,3626,2784,0.3959042429924011
3621,3626,3042,0.3958051800727844
3622,3626,1168,0.39562109112739563
3623,3626,1615,0.3955838680267334
3624,3626,602,0.3953406810760498
3625,3626,2499,0.39518383145332336
3626,3626,2556,0.3950362205505371
3627,3626,4281,0.3948453962802887
3628,3626,101,0.394839346408844
3629,3626,1983,0.39478036761283875
3630,3626,2438,0.39468663930892944
3631,3626,1946,0.39456939697265625
3632,3626,1191,0.39452245831489563
3633,3626,2400,0.3943900763988495
3634,3626,61,0.39428699016571045
3635,3626,2207,0.39427483081817627
3636,3626,3913,0.3942464292049408
3637,3626,3230,0.39404046535491943
3638,3626,2389,0.39396971464157104
3639,3626,365,0.39389100670814514
3640,3626,2659,0.3937825560569763
3641,3626,1315,0.39367884397506714
3642,3626,642,0.3936038911342621
3643,3626,469,0.3934786915779114
3644,3626,476,0.3934652805328369
3645,3626,2027,0.3934420645236969
3646,3626,3970,0.39340850710868835
3647,3626,1601,0.3933272361755371
3648,3626,2779,0.39326727390289307
3649,3626,110,0.393220990896225
3650,3626,3620,0.39320108294487
3651,3626,2395,0.39312729239463806
3652,3626,222,0.39296233654022217
3653,3626,4262,0.3929012417793274
3654,3626,4067,0.39286893606185913
3655,3626,2866,0.3927771747112274
3656,3626,1810,0.39276641607284546
3657,3626,22,0.39271047711372375
3658,3626,3335,0.3923524022102356
3659,3626,2663,0.3923202455043793
3660,3626,107,0.39216768741607666
3661,3626,3903,0.39209112524986267
3662,3626,4290,0.3920882046222687
3663,3626,4397,0.392079621553421
3664,3626,3528,0.3920600414276123
3665,3626,3986,0.39205053448677063
3666,3626,519,0.3920285403728485
3667,3626,2281,0.39201825857162476
3668,3626,1910,0.3919638991355896
3669,3626,4237,0.3918515145778656
3670,3626,621,0.391783207654953
3671,3626,3165,0.3917751908302307
3672,3626,3312,0.39175283908843994
3673,3626,1712,0.39162200689315796
3674,3626,216,0.39155226945877075
3675,3626,1483,0.39155152440071106
3676,3626,2011,0.3914385735988617
3677,3626,3816,0.3913091719150543
3678,3626,2590,0.39118894934654236
3679,3626,4433,0.3910907208919525
3680,3626,477,0.390968382358551
3681,3626,2946,0.39093589782714844
3682,3626,2534,0.3908790946006775
3683,3626,1658,0.39087530970573425
3684,3626,4095,0.39087003469467163
3685,3626,3122,0.39078861474990845
3686,3626,2093,0.39070719480514526
3687,3626,935,0.39051809906959534
3688,3626,1249,0.3905049264431
3689,3626,1228,0.39044418931007385
3690,3626,2201,0.3902830481529236
3691,3626,3260,0.3902646601200104
3692,3626,2437,0.390225887298584
3693,3626,2444,0.3900455832481384
3694,3626,4037,0.3899705111980438
3695,3626,4169,0.3898329436779022
3696,3626,3032,0.3896947205066681
3697,3626,940,0.38963428139686584
3698,3626,1054,0.3895585238933563
3699,3626,1932,0.38954514265060425
3700,3626,4063,0.3895314633846283
3701,3626,3381,0.3893316090106964
3702,3626,3490,0.3893221318721771
3703,3626,2709,0.38930973410606384
3704,3626,2368,0.3892867863178253
3705,3626,2405,0.38909998536109924
3706,3626,2521,0.3886289894580841
3707,3626,416,0.3885416090488434
3708,3626,2630,0.38852259516716003
3709,3626,908,0.38848942518234253
3710,3626,62,0.38842302560806274
3711,3626,767,0.38839030265808105
3712,3626,3460,0.38836124539375305
3713,3626,1718,0.3882378339767456
3714,3626,2224,0.3878464996814728
3715,3626,1557,0.3878445327281952
3716,3626,1748,0.38778603076934814
3717,3626,2489,0.3877664804458618
3718,3626,2785,0.38776496052742004
3719,3626,2587,0.3876253664493561
3720,3626,1836,0.38757768273353577
3721,3626,4323,0.3875448703765869
3722,3626,1265,0.38753581047058105
3723,3626,968,0.3875090479850769
3724,3626,2535,0.38748297095298767
3725,3626,1606,0.38739293813705444
3726,3626,2821,0.3873748779296875
3727,3626,2151,0.3873532712459564
3728,3626,4320,0.3872857093811035
3729,3626,1973,0.38725653290748596
3730,3626,674,0.38708898425102234
3731,3626,1803,0.3870501220226288
3732,3626,165,0.3870358169078827
3733,3626,127,0.3869449496269226
3734,3626,4411,0.38686200976371765
3735,3626,3608,0.3866502344608307
3736,3626,638,0.38662493228912354
3737,3626,1987,0.3866139352321625
3738,3626,2042,0.3865692913532257
3739,3626,2903,0.38648369908332825
3740,3626,4135,0.3864506781101227
3741,3626,3539,0.38636255264282227
3742,3626,1643,0.3863051235675812
3743,3626,4394,0.3862994611263275
3744,3626,3281,0.38628435134887695
3745,3626,3397,0.3862678110599518
3746,3626,329,0.3860849440097809
3747,3626,1531,0.3860529959201813
3748,3626,4219,0.38600054383277893
3749,3626,64,0.3859977424144745
3750,3626,328,0.3859352171421051
3751,3626,3402,0.38574397563934326
3752,3626,523,0.38573214411735535
3753,3626,3337,0.385699063539505
3754,3626,1409,0.38561055064201355
3755,3626,2448,0.3855993449687958
3756,3626,1728,0.38557547330856323
3757,3626,3442,0.38557296991348267
3758,3626,4424,0.38547202944755554
3759,3626,2756,0.38543185591697693
3760,3626,29,0.38542404770851135
3761,3626,3797,0.3854062259197235
3762,3626,1528,0.3852153718471527
3763,3626,2422,0.3851114809513092
3764,3626,3450,0.3851061463356018
3765,3626,186,0.3849826753139496
3766,3626,2686,0.3848375976085663
3767,3626,4374,0.3848333954811096
3768,3626,1923,0.38452744483947754
3769,3626,601,0.3844503164291382
3770,3626,2461,0.38440942764282227
3771,3626,1246,0.3842794895172119
3772,3626,4342,0.38426434993743896
3773,3626,3987,0.3841569423675537
3774,3626,1267,0.3840651214122772
3775,3626,93,0.38400399684906006
3776,3626,166,0.3838174045085907
3777,3626,390,0.3837440311908722
3778,3626,60,0.3837309181690216
3779,3626,2801,0.38362258672714233
3780,3626,1067,0.3835902810096741
3781,3626,507,0.38356903195381165
3782,3626,622,0.38342714309692383
3783,3626,2816,0.383202463388443
3784,3626,4160,0.3831707239151001
3785,3626,443,0.38296180963516235
3786,3626,2788,0.382559210062027
3787,3626,4005,0.3825191855430603
3788,3626,703,0.3824343979358673
3789,3626,608,0.3822992742061615
3790,3626,2252,0.382183313369751
3791,3626,4064,0.38190361857414246
3792,3626,3158,0.3816702961921692
3793,3626,1116,0.3816632032394409
3794,3626,45,0.3815901279449463
3795,3626,1206,0.38156452775001526
3796,3626,821,0.38149523735046387
3797,3626,3078,0.3814792335033417
3798,3626,1541,0.3814533054828644
3799,3626,4287,0.38141751289367676
3800,3626,493,0.3814164996147156
3801,3626,4359,0.3813609778881073
3802,3626,683,0.38133907318115234
3803,3626,919,0.3811355233192444
3804,3626,4321,0.381085604429245
3805,3626,381,0.38108202815055847
3806,3626,861,0.3810282051563263
3807,3626,1229,0.38100630044937134
3808,3626,3871,0.3805274963378906
3809,3626,2546,0.3803711533546448
3810,3626,4429,0.3803439438343048
3811,3626,552,0.38028424978256226
3812,3626,873,0.38020169734954834
3813,3626,736,0.3801613748073578
3814,3626,1012,0.38011670112609863
3815,3626,394,0.37997105717658997
3816,3626,2233,0.37975820899009705
3817,3626,2885,0.37972190976142883
3818,3626,37,0.3794773519039154
3819,3626,4094,0.3794727921485901
3820,3626,3791,0.37943345308303833
3821,3626,871,0.3793545067310333
3822,3626,3598,0.37934044003486633
3823,3626,525,0.3791549801826477
3824,3626,3609,0.3788740932941437
3825,3626,179,0.3788260221481323
3826,3626,3356,0.3786877393722534
3827,3626,2928,0.37866896390914917
3828,3626,2806,0.37864425778388977
3829,3626,3169,0.37847617268562317
3830,3626,4125,0.3783703148365021
3831,3626,2158,0.3782333433628082
3832,3626,1275,0.37822312116622925
3833,3626,4039,0.37816378474235535
3834,3626,2178,0.37801897525787354
3835,3626,4333,0.37801462411880493
3836,3626,4301,0.37799370288848877
3837,3626,3447,0.3778126537799835
3838,3626,1851,0.37777280807495117
3839,3626,983,0.3777354955673218
3840,3626,1434,0.3775921165943146
3841,3626,1048,0.37751153111457825
3842,3626,3064,0.37749356031417847
3843,3626,3288,0.3774556815624237
3844,3626,157,0.37742549180984497
3845,3626,746,0.3774045407772064
3846,3626,2575,0.37706729769706726
3847,3626,661,0.37706291675567627
3848,3626,3720,0.3769945502281189
3849,3626,267,0.37695956230163574
3850,3626,3313,0.37694916129112244
3851,3626,2334,0.376893013715744
3852,3626,3521,0.3766767084598541
3853,3626,1000,0.3766641914844513
3854,3626,3910,0.3766035735607147
3855,3626,1626,0.3764215409755707
3856,3626,3256,0.37624064087867737
3857,3626,2604,0.37614598870277405
3858,3626,4163,0.3760988712310791
3859,3626,6,0.37596216797828674
3860,3626,376,0.37595149874687195
3861,3626,2009,0.3758731782436371
3862,3626,3018,0.3756387233734131
3863,3626,2724,0.3755112290382385
3864,3626,2182,0.37547680735588074
3865,3626,2487,0.37532269954681396
3866,3626,3814,0.3752509355545044
3867,3626,3419,0.37523722648620605
3868,3626,3408,0.3750455677509308
3869,3626,385,0.3749958276748657
3870,3626,864,0.37483930587768555
3871,3626,3301,0.37482598423957825
3872,3626,1595,0.37467196583747864
3873,3626,3536,0.374447226524353
3874,3626,4081,0.3744266629219055
3875,3626,3756,0.3743842542171478
3876,3626,3546,0.3742621839046478
3877,3626,557,0.3741900324821472
3878,3626,4317,0.37407582998275757
3879,3626,4071,0.3740483820438385
3880,3626,3080,0.3740150034427643
3881,3626,2782,0.37395256757736206
3882,3626,1975,0.3738715350627899
3883,3626,4001,0.3738401532173157
3884,3626,132,0.3737083673477173
3885,3626,1809,0.37368467450141907
3886,3626,2225,0.3736822307109833
3887,3626,2439,0.37360987067222595
3888,3626,2208,0.3736049234867096
3889,3626,1278,0.3735392391681671
3890,3626,969,0.3732064962387085
3891,3626,1955,0.37319427728652954
3892,3626,611,0.37308308482170105
3893,3626,30,0.3727252185344696
3894,3626,618,0.3725196123123169
3895,3626,3451,0.3722274601459503
3896,3626,1097,0.3720815181732178
3897,3626,607,0.37198561429977417
3898,3626,3681,0.37186741828918457
3899,3626,1219,0.3717413544654846
3900,3626,3655,0.3717300593852997
3901,3626,2783,0.37160244584083557
3902,3626,325,0.37156563997268677
3903,3626,149,0.37136316299438477
3904,3626,3467,0.37134429812431335
3905,3626,991,0.37128764390945435
3906,3626,3370,0.3712589740753174
3907,3626,462,0.3710634410381317
3908,3626,1630,0.370796799659729
3909,3626,4112,0.37033215165138245
3910,3626,4300,0.37013930082321167
3911,3626,2787,0.37009844183921814
3912,3626,994,0.37005722522735596
3913,3626,210,0.36984091997146606
3914,3626,191,0.3695768713951111
3915,3626,4114,0.3695744276046753
3916,3626,2846,0.36944296956062317
3917,3626,3065,0.36927226185798645
3918,3626,1493,0.3691849708557129
3919,3626,1043,0.36902785301208496
3920,3626,2122,0.36891868710517883
3921,3626,3958,0.3688438832759857
3922,3626,2301,0.36882027983665466
3923,3626,582,0.3687315583229065
3924,3626,536,0.36851489543914795
3925,3626,180,0.36836427450180054
3926,3626,2954,0.36835598945617676
3927,3626,2553,0.3683382570743561
3928,3626,2127,0.36822348833084106
3929,3626,712,0.3681984841823578
3930,3626,1631,0.3681575655937195
3931,3626,3718,0.36814185976982117
3932,3626,1834,0.36799749732017517
3933,3626,25,0.36793190240859985
3934,3626,3016,0.36749887466430664
3935,3626,397,0.3674009144306183
3936,3626,271,0.3673970699310303
3937,3626,3679,0.3673054277896881
3938,3626,1031,0.36707615852355957
3939,3626,2746,0.3670204281806946
3940,3626,3472,0.3669278621673584
3941,3626,4069,0.366923063993454
3942,3626,3859,0.36688777804374695
3943,3626,279,0.3667250871658325
3944,3626,1381,0.36649614572525024
3945,3626,2840,0.3663957715034485
3946,3626,2515,0.3663228750228882
3947,3626,4186,0.366179496049881
3948,3626,2457,0.366132527589798
3949,3626,3031,0.36608558893203735
3950,3626,3502,0.36593589186668396
3951,3626,2684,0.36571359634399414
3952,3626,1447,0.36554789543151855
3953,3626,971,0.36537042260169983
3954,3626,3738,0.36534661054611206
3955,3626,3477,0.3653149902820587
3956,3626,4098,0.36525052785873413
3957,3626,3479,0.3650546371936798
3958,3626,1007,0.36490491032600403
3959,3626,1819,0.3649025857448578
3960,3626,1347,0.3648732006549835
3961,3626,335,0.3644377589225769
3962,3626,2260,0.3642432689666748
3963,3626,3198,0.3641775846481323
3964,3626,3506,0.3639892637729645
3965,3626,2669,0.36391106247901917
3966,3626,2951,0.3638962209224701
3967,3626,2116,0.3637874126434326
3968,3626,1424,0.3636809289455414
3969,3626,3904,0.3636535108089447
3970,3626,4122,0.3635779917240143
3971,3626,791,0.3635269105434418
3972,3626,856,0.36336827278137207
3973,3626,2106,0.3632492125034332
3974,3626,3505,0.36303848028182983
3975,3626,2554,0.36243075132369995
3976,3626,1896,0.36235374212265015
3977,3626,2072,0.3623509109020233
3978,3626,217,0.36227384209632874
3979,3626,363,0.36212533712387085
3980,3626,3066,0.36206337809562683
3981,3626,2426,0.36139053106307983
3982,3626,616,0.3612939417362213
3983,3626,2805,0.36112672090530396
3984,3626,4148,0.3610377609729767
3985,3626,4189,0.36102476716041565
3986,3626,716,0.36093270778656006
3987,3626,3520,0.3609130382537842
3988,3626,3880,0.3607858419418335
3989,3626,2198,0.36077144742012024
3990,3626,3616,0.3606296181678772
3991,3626,3654,0.36060693860054016
3992,3626,2836,0.3604818284511566
3993,3626,67,0.3604067862033844
3994,3626,1202,0.3602410852909088
3995,3626,21,0.3602384328842163
3996,3626,3540,0.360100120306015
3997,3626,1062,0.35999441146850586
3998,3626,427,0.3598986566066742
3999,3626,505,0.359878271818161
4000,3626,4223,0.35971224308013916
4001,3626,1616,0.35968777537345886
4002,3626,501,0.35956379771232605
4003,3626,4066,0.3592475652694702
4004,3626,49,0.3591676950454712
4005,3626,98,0.3590514063835144
4006,3626,4201,0.3589361906051636
4007,3626,905,0.3587854206562042
4008,3626,106,0.3587510883808136
4009,3626,1052,0.3587048053741455
4010,3626,2915,0.3586409389972687
4011,3626,4084,0.35859179496765137
4012,3626,41,0.3585294485092163
4013,3626,449,0.3585137128829956
4014,3626,924,0.35823187232017517
4015,3626,2238,0.35795918107032776
4016,3626,2496,0.35795918107032776
4017,3626,3269,0.3578532934188843
4018,3626,3394,0.35780900716781616
4019,3626,68,0.3577284812927246
4020,3626,2874,0.3577110171318054
4021,3626,2016,0.35763269662857056
4022,3626,4311,0.3575112521648407
4023,3626,2673,0.35740289092063904
4024,3626,4185,0.3573492765426636
4025,3626,4168,0.35724082589149475
4026,3626,1238,0.35716691613197327
4027,3626,3200,0.35656774044036865
4028,3626,3599,0.35633400082588196
4029,3626,184,0.3560825288295746
4030,3626,4152,0.35597720742225647
4031,3626,2267,0.35577893257141113
4032,3626,1061,0.35570740699768066
4033,3626,4277,0.3556506633758545
4034,3626,487,0.3555261492729187
4035,3626,517,0.3554612398147583
4036,3626,4048,0.3553948402404785
4037,3626,91,0.355338990688324
4038,3626,2827,0.3551844358444214
4039,3626,2770,0.35515862703323364
4040,3626,3210,0.3550998866558075
4041,3626,310,0.3546293079853058
4042,3626,578,0.3541882038116455
4043,3626,4147,0.35402366518974304
4044,3626,915,0.3539639413356781
4045,3626,1665,0.3538990914821625
4046,3626,3641,0.35363760590553284
4047,3626,1627,0.3536319136619568
4048,3626,2392,0.3536219596862793
4049,3626,2383,0.3535822927951813
4050,3626,2828,0.35347476601600647
4051,3626,2492,0.3533008098602295
4052,3626,3077,0.3532055914402008
4053,3626,2014,0.35314348340034485
4054,3626,3359,0.35305508971214294
4055,3626,4056,0.35244864225387573
4056,3626,4079,0.35241225361824036
4057,3626,1186,0.3523128926753998
4058,3626,1073,0.3519887328147888
4059,3626,1867,0.3519478142261505
4060,3626,3751,0.35168153047561646
4061,3626,102,0.3513541519641876
4062,3626,2113,0.35126835107803345
4063,3626,1215,0.35105615854263306
4064,3626,2179,0.35094550251960754
4065,3626,1953,0.35093846917152405
4066,3626,2818,0.35088226199150085
4067,3626,374,0.35087284445762634
4068,3626,3912,0.3508051335811615
4069,3626,2589,0.3507218658924103
4070,3626,18,0.35069605708122253
4071,3626,1505,0.35062286257743835
4072,3626,2932,0.35048478841781616
4073,3626,681,0.35046690702438354
4074,3626,386,0.35013335943222046
4075,3626,2109,0.3500351905822754
4076,3626,4070,0.349808007478714
4077,3626,650,0.3495863974094391
4078,3626,1429,0.34930914640426636
4079,3626,4062,0.3491613566875458
4080,3626,116,0.34914350509643555
4081,3626,2809,0.3491019904613495
4082,3626,150,0.3486342132091522
4083,3626,1182,0.34856417775154114
4084,3626,2309,0.3482835590839386
4085,3626,2872,0.3480941653251648
4086,3626,2043,0.3480888307094574
4087,3626,428,0.3476603031158447
4088,3626,3282,0.3472667336463928
4089,3626,3842,0.3472073972225189
4090,3626,4258,0.3471291959285736
4091,3626,777,0.3471241295337677
4092,3626,3988,0.3469497263431549
4093,3626,4049,0.3468721807003021
4094,3626,4138,0.34665486216545105
4095,3626,2755,0.34655293822288513
4096,3626,4326,0.34645912051200867
4097,3626,1617,0.3462575674057007
4098,3626,1802,0.34619104862213135
4099,3626,4073,0.34606102108955383
4100,3626,4102,0.3459676504135132
4101,3626,4197,0.3459572494029999
4102,3626,3193,0.3458862006664276
4103,3626,74,0.34587839245796204
4104,3626,226,0.34572333097457886
4105,3626,4378,0.3456183969974518
4106,3626,322,0.3455798625946045
4107,3626,3300,0.34488433599472046
4108,3626,422,0.34485089778900146
4109,3626,3804,0.3447975516319275
4110,3626,3257,0.3447718024253845
4111,3626,2849,0.3447323441505432
4112,3626,2887,0.34438908100128174
4113,3626,4187,0.3440811038017273
4114,3626,516,0.3439040780067444
4115,3626,274,0.34385445713996887
4116,3626,3455,0.3432732820510864
4117,3626,9,0.3431147038936615
4118,3626,195,0.3430655598640442
4119,3626,2851,0.3430613577365875
4120,3626,2798,0.34297114610671997
4121,3626,1104,0.3428593873977661
4122,3626,2512,0.34274202585220337
4123,3626,99,0.3426692485809326
4124,3626,2357,0.34258905053138733
4125,3626,3075,0.3424648642539978
4126,3626,1210,0.3424111008644104
4127,3626,3207,0.3423404097557068
4128,3626,3889,0.3420535922050476
4129,3626,432,0.34195590019226074
4130,3626,2414,0.34178441762924194
4131,3626,208,0.3417147099971771
4132,3626,1475,0.3415359556674957
4133,3626,2460,0.341499924659729
4134,3626,706,0.34134864807128906
4135,3626,961,0.3412743806838989
4136,3626,4226,0.3412480354309082
4137,3626,2845,0.34122592210769653
4138,3626,3393,0.3411436975002289
4139,3626,662,0.34110215306282043
4140,3626,2889,0.3410230576992035
4141,3626,2807,0.3408508598804474
4142,3626,2079,0.3408460319042206
4143,3626,916,0.340648889541626
4144,3626,3823,0.3406110405921936
4145,3626,3807,0.34025838971138
4146,3626,2884,0.34002137184143066
4147,3626,2771,0.33999499678611755
4148,3626,3619,0.33985641598701477
4149,3626,1598,0.33968889713287354
4150,3626,1868,0.33958888053894043
4151,3626,3439,0.3394746780395508
4152,3626,52,0.3391808271408081
4153,3626,2833,0.33904820680618286
4154,3626,802,0.33844026923179626
4155,3626,691,0.3382553458213806
4156,3626,466,0.3380098342895508
4157,3626,398,0.3378256559371948
4158,3626,3430,0.33769938349723816
4159,3626,103,0.3376038670539856
4160,3626,16,0.33736228942871094
4161,3626,3789,0.33724868297576904
4162,3626,499,0.33720919489860535
4163,3626,4007,0.33716729283332825
4164,3626,2336,0.3371182680130005
4165,3626,3059,0.33693191409111023
4166,3626,4091,0.3369123935699463
4167,3626,3589,0.33683714270591736
4168,3626,3142,0.3368339538574219
4169,3626,2861,0.33682960271835327
4170,3626,4377,0.33675381541252136
4171,3626,148,0.3366782069206238
4172,3626,464,0.33653169870376587
4173,3626,2929,0.33649444580078125
4174,3626,524,0.33636361360549927
4175,3626,1138,0.3363317549228668
4176,3626,31,0.3361523747444153
4177,3626,433,0.3361218571662903
4178,3626,3445,0.3360605537891388
4179,3626,3875,0.33517155051231384
4180,3626,958,0.33511197566986084
4181,3626,2754,0.33483463525772095
4182,3626,667,0.3345277011394501
4183,3626,3881,0.33432069420814514
4184,3626,2532,0.3337011933326721
4185,3626,4162,0.3334507942199707
4186,3626,3712,0.333416223526001
4187,3626,26,0.3329237997531891
4188,3626,809,0.33241406083106995
4189,3626,1593,0.3323524296283722
4190,3626,3278,0.3322420120239258
4191,3626,4443,0.3322407901287079
4192,3626,3025,0.3322199285030365
4193,3626,3413,0.33199959993362427
4194,3626,4121,0.33108246326446533
4195,3626,242,0.3309030830860138
4196,3626,3648,0.3307749927043915
4197,3626,251,0.3305554687976837
4198,3626,3817,0.33013543486595154
4199,3626,2824,0.33012309670448303
4200,3626,2761,0.33006978034973145
4201,3626,3202,0.33001944422721863
4202,3626,4090,0.3299639821052551
4203,3626,2372,0.3298337459564209
4204,3626,146,0.3297794461250305
4205,3626,4312,0.3294946253299713
4206,3626,2837,0.32945016026496887
4207,3626,105,0.329375296831131
4208,3626,3522,0.3293519616127014
4209,3626,649,0.32902517914772034
4210,3626,3831,0.3289965093135834
4211,3626,446,0.32889482378959656
4212,3626,317,0.32857996225357056
4213,3626,4259,0.3282993733882904
4214,3626,145,0.3280983865261078
4215,3626,708,0.3280036449432373
4216,3626,4214,0.3277434706687927
4217,3626,170,0.3274379074573517
4218,3626,3304,0.3272988200187683
4219,3626,220,0.32718732953071594
4220,3626,32,0.32718732953071594
4221,3626,4325,0.32694971561431885
4222,3626,757,0.32671600580215454
4223,3626,4080,0.3265686631202698
4224,3626,4107,0.32655736804008484
4225,3626,2752,0.326244056224823
4226,3626,3159,0.32614749670028687
4227,3626,4181,0.3260672986507416
4228,3626,470,0.3259091377258301
4229,3626,2777,0.32514554262161255
4230,3626,2141,0.3250703811645508
4231,3626,4040,0.3250609338283539
4232,3626,364,0.3247266113758087
4233,3626,988,0.3246084451675415
4234,3626,3266,0.324273943901062
4235,3626,1654,0.3238377869129181
4236,3626,292,0.3236798942089081
4237,3626,3741,0.32360658049583435
4238,3626,2059,0.3233164846897125
4239,3626,3662,0.3228725492954254
4240,3626,3417,0.32227471470832825
4241,3626,3795,0.32216572761535645
4242,3626,1827,0.32213637232780457
4243,3626,4041,0.32172679901123047
4244,3626,4116,0.3216165006160736
4245,3626,2934,0.321561336517334
4246,3626,2781,0.32118695974349976
4247,3626,3669,0.32032090425491333
4248,3626,2195,0.32031944394111633
4249,3626,579,0.32004374265670776
4250,3626,1263,0.3196730613708496
4251,3626,4426,0.3195734918117523
4252,3626,2829,0.31949537992477417
4253,3626,728,0.3187353312969208
4254,3626,2804,0.3183031976222992
4255,3626,2853,0.3181484043598175
4256,3626,1487,0.3175463378429413
4257,3626,3661,0.31734922528266907
4258,3626,4167,0.3169900178909302
4259,3626,3893,0.3165086507797241
4260,3626,2839,0.31645455956459045
4261,3626,1342,0.3164542019367218
4262,3626,987,0.3164407014846802
4263,3626,1042,0.3162655830383301
4264,3626,1430,0.3160867691040039
4265,3626,3326,0.3160382807254791
4266,3626,270,0.31594645977020264
4267,3626,2825,0.3156009316444397
4268,3626,752,0.315189927816391
4269,3626,5,0.3150796890258789
4270,3626,2485,0.3145546615123749
4271,3626,2453,0.3141227066516876
4272,3626,2511,0.31403717398643494
4273,3626,3409,0.31372323632240295
4274,3626,282,0.3133449852466583
4275,3626,4072,0.3132047653198242
4276,3626,4083,0.31295281648635864
4277,3626,162,0.3129417896270752
4278,3626,1338,0.3122495710849762
4279,3626,4221,0.3121176064014435
4280,3626,485,0.3120902180671692
4281,3626,3070,0.3119247257709503
4282,3626,4327,0.3114759027957916
4283,3626,278,0.31034204363822937
4284,3626,547,0.3102757930755615
4285,3626,4276,0.3099694550037384
4286,3626,4420,0.3097739815711975
4287,3626,2935,0.3094654381275177
4288,3626,678,0.30924874544143677
4289,3626,4113,0.30894067883491516
4290,3626,1397,0.30892401933670044
4291,3626,3676,0.3089230954647064
4292,3626,680,0.3089102804660797
4293,3626,3730,0.3088781535625458
4294,3626,4120,0.3086954355239868
4295,3626,658,0.3083982765674591
4296,3626,272,0.3082540035247803
4297,3626,1291,0.3082454204559326
4298,3626,3058,0.3077618479728699
4299,3626,4093,0.30759161710739136
4300,3626,2900,0.30742108821868896
4301,3626,4268,0.3072185516357422
4302,3626,4074,0.306657612323761
4303,3626,1025,0.30612659454345703
4304,3626,4101,0.30560168623924255
4305,3626,95,0.3052268922328949
4306,3626,2841,0.3044235110282898
4307,3626,3611,0.303724080324173
4308,3626,229,0.3035869300365448
4309,3626,2800,0.30358266830444336
4310,3626,3436,0.3035801947116852
4311,3626,606,0.30354923009872437
4312,3626,423,0.3035174608230591
4313,3626,4119,0.303448885679245
4314,3626,4328,0.30335918068885803
4315,3626,2474,0.30326467752456665
4316,3626,430,0.3020189106464386
4317,3626,1276,0.3017760217189789
4318,3626,3752,0.3017086386680603
4319,3626,3092,0.3017060458660126
4320,3626,7,0.3015047013759613
4321,3626,4431,0.30067041516304016
4322,3626,4309,0.3006490468978882
4323,3626,4188,0.2999928593635559
4324,3626,4233,0.29975399374961853
4325,3626,2780,0.29970449209213257
4326,3626,2844,0.29921653866767883
4327,3626,387,0.29858770966529846
4328,3626,4425,0.2979198694229126
4329,3626,526,0.29742661118507385
4330,3626,448,0.2972501814365387
4331,3626,3452,0.29715728759765625
4332,3626,3794,0.29687824845314026
4333,3626,3711,0.296864777803421
4334,3626,388,0.296564519405365
4335,3626,2873,0.2963983714580536
4336,3626,3833,0.2961643636226654
4337,3626,467,0.2957876920700073
4338,3626,1239,0.29542621970176697
4339,3626,4176,0.29507046937942505
4340,3626,2876,0.2942999303340912
4341,3626,2905,0.2941766083240509
4342,3626,4464,0.29337143898010254
4343,3626,2316,0.29321032762527466
4344,3626,3358,0.2928371727466583
4345,3626,593,0.29264935851097107
4346,3626,692,0.2923947870731354
4347,3626,147,0.29230955243110657
4348,3626,4082,0.29229381680488586
4349,3626,4033,0.29210883378982544
4350,3626,1105,0.29191747307777405
4351,3626,2765,0.29163897037506104
4352,3626,2325,0.2915779650211334
4353,3626,896,0.2911715507507324
4354,3626,3532,0.29105156660079956
4355,3626,2814,0.29098305106163025
4356,3626,4002,0.29089102149009705
4357,3626,228,0.29084500670433044
4358,3626,3824,0.29070550203323364
4359,3626,4087,0.2906145453453064
4360,3626,2871,0.2898479402065277
4361,3626,4150,0.2892669141292572
4362,3626,4417,0.289070725440979
4363,3626,4313,0.2888247072696686
4364,3626,429,0.28873905539512634
4365,3626,4483,0.28843748569488525
4366,3626,4468,0.28763705492019653
4367,3626,345,0.28737273812294006
4368,3626,2753,0.28715455532073975
4369,3626,2810,0.2868541479110718
4370,3626,3377,0.28646448254585266
4371,3626,250,0.28585538268089294
4372,3626,47,0.28561654686927795
4373,3626,2505,0.2849038541316986
4374,3626,2917,0.28418871760368347
4375,3626,1520,0.2841747999191284
4376,3626,4096,0.28313103318214417
4377,3626,3709,0.28304585814476013
4378,3626,587,0.28303176164627075
4379,3626,51,0.28291055560112
4380,3626,3653,0.2823018431663513
4381,3626,3164,0.28147536516189575
4382,3626,3870,0.28126761317253113
4383,3626,4273,0.28114280104637146
4384,3626,225,0.2810726761817932
4385,3626,2177,0.28097936511039734
4386,3626,1316,0.28086283802986145
4387,3626,841,0.2803301215171814
4388,3626,2819,0.2798174023628235
4389,3626,471,0.27922138571739197
4390,3626,1986,0.2792070209980011
4391,3626,2852,0.27895641326904297
4392,3626,2842,0.2786328196525574
4393,3626,2070,0.2766284942626953
4394,3626,1540,0.27655747532844543
4395,3626,4044,0.2753360867500305
4396,3626,4482,0.27529484033584595
4397,3626,447,0.27518707513809204
4398,3626,3067,0.27464205026626587
4399,3626,1005,0.2740958631038666
4400,3626,4117,0.2734604775905609
4401,3626,2758,0.2732023596763611
4402,3626,2937,0.2729373872280121
4403,3626,2764,0.27143731713294983
4404,3626,4139,0.27141648530960083
4405,3626,4263,0.2712755501270294
4406,3626,230,0.27070286870002747
4407,3626,2768,0.2704484760761261
4408,3626,2514,0.26924094557762146
4409,3626,13,0.26892271637916565
4410,3626,2145,0.2686010003089905
4411,3626,594,0.2684832811355591
4412,3626,2939,0.267608106136322
4413,3626,3518,0.26636308431625366
4414,3626,4220,0.26620203256607056
4415,3626,3708,0.2656938433647156
4416,3626,4154,0.2643163204193115
4417,3626,3819,0.2641388773918152
4418,3626,4159,0.2636079788208008
4419,3626,4099,0.26336023211479187
4420,3626,3745,0.2622322142124176
4421,3626,684,0.2619737684726715
4422,3626,3647,0.26100948452949524
4423,3626,1769,0.2600732743740082
4424,3626,3927,0.2600405514240265
4425,3626,236,0.25861942768096924
4426,3626,2749,0.25810569524765015
4427,3626,4472,0.2580260634422302
4428,3626,472,0.2573641240596771
4429,3626,2911,0.2564217746257782
4430,3626,2931,0.25640669465065
4431,3626,3808,0.25575488805770874
4432,3626,640,0.2556002140045166
4433,3626,3777,0.25511741638183594
4434,3626,177,0.25488966703414917
4435,3626,4264,0.2540087103843689
4436,3626,3585,0.25354260206222534
4437,3626,4089,0.25327709317207336
4438,3626,223,0.2522481083869934
4439,3626,3277,0.2513827681541443
4440,3626,3813,0.2509104311466217
4441,3626,1220,0.24961180984973907
4442,3626,4108,0.24960394203662872
4443,3626,675,0.2493118941783905
4444,3626,1385,0.24927426874637604
4445,3626,763,0.24727372825145721
4446,3626,4103,0.24675695598125458
4447,3626,4476,0.24668240547180176
4448,3626,463,0.24649713933467865
4449,3626,2180,0.24642854928970337
4450,3626,4463,0.24580851197242737
4451,3626,4269,0.24549739062786102
4452,3626,2938,0.24436268210411072
4453,3626,173,0.24207721650600433
4454,3626,3054,0.2394929975271225
4455,3626,4126,0.2394929975271225
4456,3626,8,0.2394929975271225
4457,3626,2772,0.2394929975271225
4458,3626,382,0.2394929975271225
4459,3626,2769,0.2394929975271225
4460,3626,2863,0.2394929975271225
4461,3626,2908,0.2394929975271225
4462,3626,273,0.2394929975271225
4463,3626,3412,0.2394929975271225
4464,3626,2883,0.2394929975271225
4465,3626,4092,0.2394929975271225
4466,3626,92,0.2394929975271225
4467,3626,2914,0.2394929975271225
4468,3626,2920,0.2394929975271225
4469,3626,1395,0.2394929975271225
4470,3626,4025,0.2394929975271225
4471,3626,4225,0.2394929975271225
4472,3626,4100,0.23842944204807281
4473,3626,3247,0.23671048879623413
4474,3626,2936,0.23583130538463593
4475,3626,1353,0.2288479506969452
4476,3626,3544,0.2225809097290039
4477,3626,70,0.22062431275844574
4478,3626,4314,0.22004199028015137
4479,3626,4315,0.21584926545619965
4480,3626,4123,0.21493825316429138
4481,3626,4418,0.21071197092533112
4482,3626,2854,0.2106461077928543
4483,3626,240,0.17821136116981506
4484,3626,599,0.17651987075805664
