,target_num,prod_num,similarity
0,105,105,0.9999998211860657
1,105,106,0.809222400188446
2,105,111,0.6836430430412292
3,105,91,0.6792986392974854
4,105,110,0.6639293432235718
5,105,2499,0.657374918460846
6,105,939,0.6352782249450684
7,105,116,0.6141491532325745
8,105,2539,0.6020956039428711
9,105,1534,0.6002891063690186
10,105,3400,0.5992773175239563
11,105,2998,0.5962322354316711
12,105,1578,0.5946380496025085
13,105,3943,0.5924699902534485
14,105,188,0.5913342237472534
15,105,3418,0.5877811908721924
16,105,1818,0.5850936770439148
17,105,4036,0.5841956734657288
18,105,2536,0.5828917026519775
19,105,1481,0.5827914476394653
20,105,1016,0.5810272693634033
21,105,1660,0.5797027945518494
22,105,2039,0.5768807530403137
23,105,1223,0.574328601360321
24,105,1583,0.5696868300437927
25,105,3214,0.5696359276771545
26,105,2397,0.5684939622879028
27,105,1465,0.5684031248092651
28,105,1372,0.5669261813163757
29,105,623,0.5667182207107544
30,105,3370,0.5666190385818481
31,105,2476,0.5647477507591248
32,105,1741,0.5627313852310181
33,105,3916,0.5625519752502441
34,105,3999,0.5624420046806335
35,105,1557,0.561313271522522
36,105,1701,0.5599589943885803
37,105,2861,0.5598345994949341
38,105,108,0.5587605237960815
39,105,3353,0.5581628084182739
40,105,3576,0.5575745701789856
41,105,3528,0.5567915439605713
42,105,3476,0.5547066926956177
43,105,376,0.5543896555900574
44,105,1596,0.5541484951972961
45,105,2645,0.5528725981712341
46,105,1208,0.5527442693710327
47,105,1733,0.5525652766227722
48,105,1335,0.5525121092796326
49,105,391,0.5525113344192505
50,105,1524,0.5521826148033142
51,105,1269,0.5517264008522034
52,105,1488,0.551670253276825
53,105,748,0.5506394505500793
54,105,979,0.5505344867706299
55,105,1218,0.550189733505249
56,105,2648,0.5501456260681152
57,105,2214,0.5496809482574463
58,105,3424,0.5488028526306152
59,105,1820,0.5484055280685425
60,105,2875,0.547222375869751
61,105,281,0.5469328761100769
62,105,1556,0.5467447638511658
63,105,2550,0.5466406941413879
64,105,4280,0.5459020733833313
65,105,1150,0.5456648468971252
66,105,3984,0.5455096960067749
67,105,3188,0.5449409484863281
68,105,460,0.5443734526634216
69,105,1749,0.544225811958313
70,105,1194,0.5437519550323486
71,105,2032,0.5429316759109497
72,105,41,0.5425283312797546
73,105,567,0.5407823324203491
74,105,3157,0.5406942367553711
75,105,1506,0.5390661358833313
76,105,1224,0.538659930229187
77,105,542,0.5383811593055725
78,105,521,0.5377956628799438
79,105,2577,0.5371052622795105
80,105,3993,0.5366917252540588
81,105,1318,0.5357550978660583
82,105,4020,0.5355260968208313
83,105,241,0.535459578037262
84,105,3991,0.5347126722335815
85,105,1696,0.5343427658081055
86,105,2415,0.5340627431869507
87,105,1383,0.5333487391471863
88,105,3949,0.5330522060394287
89,105,152,0.5321943759918213
90,105,1049,0.5312392711639404
91,105,4202,0.5311722159385681
92,105,1592,0.530738353729248
93,105,566,0.5306552052497864
94,105,205,0.5304803848266602
95,105,3694,0.5303127765655518
96,105,4042,0.5296751260757446
97,105,3313,0.5296337604522705
98,105,3363,0.5293076038360596
99,105,3331,0.5292853713035583
100,105,1516,0.528926432132721
101,105,1687,0.5286449790000916
102,105,1317,0.5284335017204285
103,105,1544,0.5279662609100342
104,105,2620,0.527544379234314
105,105,1571,0.5274760723114014
106,105,3420,0.5271532535552979
107,105,1475,0.5271225571632385
108,105,519,0.5263228416442871
109,105,486,0.5262271761894226
110,105,2123,0.5261517763137817
111,105,3194,0.5250633358955383
112,105,4110,0.524943470954895
113,105,1640,0.5249192714691162
114,105,1034,0.52439945936203
115,105,3602,0.5237218737602234
116,105,1752,0.5233255624771118
117,105,2548,0.523110032081604
118,105,1785,0.5229508280754089
119,105,3359,0.5220807194709778
120,105,1572,0.521828830242157
121,105,331,0.5218061208724976
122,105,4055,0.5217490792274475
123,105,4298,0.5217149257659912
124,105,970,0.5212084650993347
125,105,1631,0.5210368037223816
126,105,1125,0.5204987525939941
127,105,3826,0.5200842022895813
128,105,1719,0.5194987058639526
129,105,4010,0.5188763737678528
130,105,2522,0.5181915760040283
131,105,3556,0.5181499123573303
132,105,3380,0.5181332230567932
133,105,1439,0.518003523349762
134,105,1729,0.5176513195037842
135,105,1539,0.517589807510376
136,105,1937,0.5174707174301147
137,105,1697,0.5174115896224976
138,105,3942,0.5173301100730896
139,105,3995,0.5170783996582031
140,105,2004,0.5170347690582275
141,105,954,0.5164366960525513
142,105,1577,0.5160933136940002
143,105,3964,0.5160807967185974
144,105,1643,0.5160363912582397
145,105,1538,0.5158565640449524
146,105,3929,0.5157887935638428
147,105,1378,0.5157759785652161
148,105,150,0.5150331258773804
149,105,15,0.514971911907196
150,105,3427,0.5149099230766296
151,105,3304,0.5146133899688721
152,105,1658,0.5142432451248169
153,105,198,0.5141764879226685
154,105,3959,0.5139458179473877
155,105,1292,0.5136498212814331
156,105,2677,0.5132429599761963
157,105,4037,0.5131142139434814
158,105,37,0.5127449631690979
159,105,602,0.5127349495887756
160,105,2738,0.5123802423477173
161,105,2787,0.5123563408851624
162,105,338,0.5121687054634094
163,105,2216,0.5118120908737183
164,105,1052,0.5114982724189758
165,105,2675,0.5113601088523865
166,105,320,0.511130154132843
167,105,3936,0.5107752680778503
168,105,1123,0.5096721649169922
169,105,219,0.5094632506370544
170,105,4026,0.508989155292511
171,105,388,0.5082690715789795
172,105,4039,0.5080647468566895
173,105,2666,0.5079739689826965
174,105,516,0.5079727172851562
175,105,1178,0.5076697468757629
176,105,213,0.507350742816925
177,105,591,0.5072097778320312
178,105,2273,0.5069852471351624
179,105,3374,0.5068997144699097
180,105,2354,0.5067623257637024
181,105,1416,0.5066086649894714
182,105,3241,0.5065287351608276
183,105,1305,0.5061662197113037
184,105,1606,0.506085216999054
185,105,1394,0.5059383511543274
186,105,3336,0.505910336971283
187,105,1409,0.5058186054229736
188,105,2997,0.5058115720748901
189,105,4054,0.505807638168335
190,105,1885,0.5056760311126709
191,105,1580,0.5056246519088745
192,105,2647,0.5055190324783325
193,105,3924,0.5054112672805786
194,105,1176,0.5051317811012268
195,105,1235,0.505113959312439
196,105,3162,0.5046703219413757
197,105,2268,0.5041476488113403
198,105,1526,0.5039424896240234
199,105,201,0.5035641193389893
200,105,3002,0.5034981369972229
201,105,4305,0.5032919049263
202,105,4319,0.5030303597450256
203,105,3514,0.5029776096343994
204,105,2231,0.5022236704826355
205,105,3435,0.5021970868110657
206,105,478,0.502133309841156
207,105,897,0.5019821524620056
208,105,1895,0.501863420009613
209,105,1787,0.5018047094345093
210,105,3948,0.5015960931777954
211,105,2219,0.5014418959617615
212,105,377,0.5012645721435547
213,105,191,0.5012090802192688
214,105,1584,0.5009786486625671
215,105,1792,0.5007550120353699
216,105,4355,0.5004174709320068
217,105,3378,0.5004139542579651
218,105,1063,0.4997594654560089
219,105,1863,0.499662846326828
220,105,2598,0.4996281564235687
221,105,601,0.4991476237773895
222,105,2533,0.49907994270324707
223,105,2167,0.49898606538772583
224,105,1193,0.49889588356018066
225,105,3116,0.498636394739151
226,105,2890,0.49853232502937317
227,105,2215,0.49766290187835693
228,105,1109,0.4975000321865082
229,105,1532,0.49737754464149475
230,105,1476,0.49735429883003235
231,105,1234,0.4973342716693878
232,105,3296,0.49725693464279175
233,105,3174,0.49711960554122925
234,105,2632,0.4966399669647217
235,105,936,0.4966050684452057
236,105,3388,0.4965950846672058
237,105,3335,0.49649107456207275
238,105,367,0.4962415099143982
239,105,1530,0.4961921274662018
240,105,3429,0.49512746930122375
241,105,4306,0.49494513869285583
242,105,1892,0.49490541219711304
243,105,4163,0.4948723018169403
244,105,1474,0.49482598900794983
245,105,1613,0.49472787976264954
246,105,1273,0.4946267008781433
247,105,1425,0.49461522698402405
248,105,1594,0.49452295899391174
249,105,1216,0.49379172921180725
250,105,1760,0.4937485158443451
251,105,1693,0.49347326159477234
252,105,4206,0.4934515357017517
253,105,1684,0.4933685064315796
254,105,4148,0.49333813786506653
255,105,1519,0.4930586814880371
256,105,1548,0.4930494427680969
257,105,1219,0.49285179376602173
258,105,1514,0.49237775802612305
259,105,3183,0.49237626791000366
260,105,1800,0.4923115670681
261,105,610,0.4920709431171417
262,105,2018,0.4920339286327362
263,105,2849,0.49174538254737854
264,105,1708,0.49145224690437317
265,105,2502,0.49131157994270325
266,105,3242,0.4912574291229248
267,105,4008,0.4907008409500122
268,105,113,0.49068737030029297
269,105,2683,0.4905003607273102
270,105,1531,0.49046674370765686
271,105,3156,0.4897785186767578
272,105,3305,0.48975178599357605
273,105,1634,0.4897109866142273
274,105,1956,0.48918989300727844
275,105,1280,0.4891534447669983
276,105,1537,0.48913711309432983
277,105,2670,0.4889107644557953
278,105,4032,0.48859164118766785
279,105,3762,0.48859164118766785
280,105,259,0.48843786120414734
281,105,290,0.48843127489089966
282,105,1595,0.4882379472255707
283,105,2199,0.4878714084625244
284,105,1600,0.4876096844673157
285,105,1462,0.4874110817909241
286,105,3243,0.48730915784835815
287,105,3723,0.4872049391269684
288,105,3907,0.4871164858341217
289,105,1669,0.48697561025619507
290,105,2995,0.4869321584701538
291,105,3343,0.486922025680542
292,105,3938,0.48682841658592224
293,105,4352,0.4867982864379883
294,105,1588,0.486543208360672
295,105,3925,0.4863358736038208
296,105,4046,0.48595666885375977
297,105,328,0.4859296679496765
298,105,209,0.48583510518074036
299,105,3913,0.4857344329357147
300,105,3905,0.485691100358963
301,105,1185,0.4855733811855316
302,105,2165,0.4854823648929596
303,105,2446,0.4853992164134979
304,105,2600,0.4848393499851227
305,105,1545,0.48456400632858276
306,105,3524,0.4841706156730652
307,105,1747,0.484048455953598
308,105,3205,0.48402130603790283
309,105,3941,0.4840017259120941
310,105,318,0.4838704764842987
311,105,4145,0.48386499285697937
312,105,2979,0.48368752002716064
313,105,1518,0.4836646318435669
314,105,1533,0.4835837781429291
315,105,3314,0.48355478048324585
316,105,1469,0.4835394024848938
317,105,3316,0.4835219383239746
318,105,4200,0.4826560318470001
319,105,2728,0.4819813668727875
320,105,2694,0.4819086790084839
321,105,1442,0.4818570017814636
322,105,2101,0.4817464053630829
323,105,1811,0.4816036820411682
324,105,60,0.48137950897216797
325,105,1406,0.481236070394516
326,105,3449,0.48111915588378906
327,105,1615,0.4811055362224579
328,105,3458,0.48107606172561646
329,105,2679,0.4810485243797302
330,105,2611,0.48097893595695496
331,105,4011,0.4809565544128418
332,105,3534,0.4806634485721588
333,105,1597,0.48037296533584595
334,105,1815,0.48034724593162537
335,105,1253,0.4803262948989868
336,105,2965,0.4803166687488556
337,105,3349,0.4802689850330353
338,105,2989,0.480070561170578
339,105,582,0.480025053024292
340,105,1830,0.47990089654922485
341,105,2742,0.47990089654922485
342,105,2552,0.47966310381889343
343,105,4111,0.4795186221599579
344,105,340,0.4794510006904602
345,105,3415,0.4793335199356079
346,105,1670,0.479313462972641
347,105,2416,0.47917360067367554
348,105,1141,0.4788683354854584
349,105,2565,0.47879475355148315
350,105,1605,0.47860822081565857
351,105,3407,0.47833821177482605
352,105,2605,0.47832295298576355
353,105,256,0.47822946310043335
354,105,1504,0.478220134973526
355,105,1082,0.47814565896987915
356,105,1393,0.477931946516037
357,105,3521,0.47751814126968384
358,105,2636,0.4774419665336609
359,105,655,0.477433979511261
360,105,3171,0.47742852568626404
361,105,2037,0.4773162305355072
362,105,3549,0.477283239364624
363,105,1871,0.4772675633430481
364,105,1647,0.47722917795181274
365,105,3300,0.47715309262275696
366,105,3617,0.476816326379776
367,105,4284,0.47675785422325134
368,105,2224,0.4766564965248108
369,105,2709,0.4766508936882019
370,105,3526,0.4763370156288147
371,105,324,0.47621363401412964
372,105,3954,0.47619569301605225
373,105,1549,0.4760970175266266
374,105,2591,0.4760434031486511
375,105,3072,0.4759584963321686
376,105,3934,0.4759104251861572
377,105,4199,0.47589606046676636
378,105,3337,0.4757749140262604
379,105,2725,0.4756384491920471
380,105,3417,0.4756361246109009
381,105,4213,0.475480318069458
382,105,3330,0.4754684567451477
383,105,3445,0.4753188490867615
384,105,541,0.4753068685531616
385,105,358,0.4753062427043915
386,105,1092,0.4751153588294983
387,105,3956,0.4748533070087433
388,105,3317,0.47479191422462463
389,105,3917,0.4746609330177307
390,105,469,0.4743814170360565
391,105,548,0.4742456376552582
392,105,3591,0.4741801619529724
393,105,216,0.473747581243515
394,105,1448,0.4736603796482086
395,105,104,0.47346699237823486
396,105,1236,0.473428875207901
397,105,703,0.47338926792144775
398,105,2048,0.473037987947464
399,105,3238,0.4730222821235657
400,105,476,0.473013699054718
401,105,2194,0.47299936413764954
402,105,825,0.47296035289764404
403,105,3761,0.47288620471954346
404,105,274,0.47279515862464905
405,105,1873,0.4725264012813568
406,105,3008,0.472514808177948
407,105,3275,0.4725015163421631
408,105,2553,0.47247374057769775
409,105,747,0.4724554419517517
410,105,9,0.4723433554172516
411,105,3921,0.4723253548145294
412,105,2695,0.47220999002456665
413,105,666,0.4721568524837494
414,105,3923,0.47201818227767944
415,105,1626,0.4720117151737213
416,105,2973,0.47185781598091125
417,105,1260,0.47185415029525757
418,105,1565,0.4718511700630188
419,105,1214,0.4716677963733673
420,105,1560,0.47162818908691406
421,105,1494,0.47127726674079895
422,105,3577,0.4712563157081604
423,105,260,0.47118043899536133
424,105,3897,0.4708469808101654
425,105,2996,0.4706161618232727
426,105,364,0.4705084264278412
427,105,2040,0.4705066382884979
428,105,544,0.4703700840473175
429,105,1349,0.46984562277793884
430,105,139,0.46982088685035706
431,105,1351,0.46975165605545044
432,105,315,0.4697284400463104
433,105,1948,0.46971261501312256
434,105,996,0.46962466835975647
435,105,1536,0.46931684017181396
436,105,2412,0.469306081533432
437,105,1331,0.4691821038722992
438,105,2739,0.4690699577331543
439,105,1966,0.46897441148757935
440,105,3341,0.46886783838272095
441,105,298,0.46857860684394836
442,105,1928,0.468557745218277
443,105,1252,0.46844878792762756
444,105,1579,0.4683908224105835
445,105,3773,0.46828678250312805
446,105,166,0.4681524634361267
447,105,2770,0.4680531322956085
448,105,3333,0.4680500328540802
449,105,997,0.4680095613002777
450,105,2703,0.4678294062614441
451,105,2711,0.46779897809028625
452,105,2279,0.4676903486251831
453,105,1479,0.4676579535007477
454,105,3561,0.4676055610179901
455,105,2065,0.4674464762210846
456,105,296,0.467439204454422
457,105,3160,0.4674018621444702
458,105,263,0.46697646379470825
459,105,1413,0.4668283760547638
460,105,2368,0.46680864691734314
461,105,2597,0.46675941348075867
462,105,1628,0.46673208475112915
463,105,1959,0.4665113687515259
464,105,1205,0.46635401248931885
465,105,1637,0.46632739901542664
466,105,3245,0.46619847416877747
467,105,1946,0.46603816747665405
468,105,2606,0.4659373164176941
469,105,1139,0.4657800793647766
470,105,1656,0.46567219495773315
471,105,289,0.46555009484291077
472,105,1575,0.4651581943035126
473,105,710,0.46513211727142334
474,105,2434,0.465079665184021
475,105,3442,0.46503889560699463
476,105,2518,0.4649631083011627
477,105,304,0.46488672494888306
478,105,2382,0.4648265242576599
479,105,3618,0.46473437547683716
480,105,2263,0.46466007828712463
481,105,1017,0.4638667702674866
482,105,3583,0.46384990215301514
483,105,1387,0.4638086259365082
484,105,483,0.46361127495765686
485,105,3102,0.46357986330986023
486,105,2668,0.46339336037635803
487,105,3904,0.4633480906486511
488,105,3490,0.46328434348106384
489,105,2237,0.46313825249671936
490,105,1419,0.4630831778049469
491,105,3716,0.462811678647995
492,105,1230,0.4624808430671692
493,105,3437,0.4620286822319031
494,105,3182,0.4619111716747284
495,105,1388,0.46155720949172974
496,105,283,0.46135714650154114
497,105,4171,0.4613340497016907
498,105,3085,0.46116670966148376
499,105,1473,0.4609867036342621
500,105,2335,0.4605550169944763
501,105,3996,0.4604325592517853
502,105,3344,0.46043145656585693
503,105,3139,0.4603714942932129
504,105,1361,0.4602992832660675
505,105,2408,0.46029868721961975
506,105,4051,0.46017810702323914
507,105,2986,0.4601764976978302
508,105,2599,0.46015307307243347
509,105,3161,0.46008944511413574
510,105,3191,0.46001672744750977
511,105,592,0.4597412943840027
512,105,1019,0.45949259400367737
513,105,2495,0.45945459604263306
514,105,3989,0.45929381251335144
515,105,1721,0.4592043161392212
516,105,248,0.459184467792511
517,105,2529,0.45914751291275024
518,105,3848,0.4589569866657257
519,105,1822,0.458864688873291
520,105,1330,0.4587291479110718
521,105,1996,0.4586932361125946
522,105,2672,0.4586852788925171
523,105,239,0.45835068821907043
524,105,3511,0.4582657516002655
525,105,2782,0.4581523537635803
526,105,3776,0.4581391513347626
527,105,554,0.4581204354763031
528,105,1636,0.4580603837966919
529,105,1128,0.45805615186691284
530,105,299,0.45791468024253845
531,105,2563,0.4578833281993866
532,105,1300,0.4578230381011963
533,105,384,0.45778903365135193
534,105,2035,0.45776185393333435
535,105,3529,0.4576604962348938
536,105,2991,0.45757344365119934
537,105,2586,0.45752185583114624
538,105,3123,0.4574716091156006
539,105,2567,0.4573518633842468
540,105,3827,0.457051157951355
541,105,1350,0.45697465538978577
542,105,627,0.45692840218544006
543,105,1826,0.4567186236381531
544,105,1905,0.4566420316696167
545,105,3387,0.45659321546554565
546,105,2735,0.4565044343471527
547,105,2923,0.45632076263427734
548,105,1133,0.45622822642326355
549,105,1690,0.4561406373977661
550,105,3181,0.45611587166786194
551,105,3434,0.4560621380805969
552,105,1778,0.4559532701969147
553,105,119,0.4559266269207001
554,105,682,0.45584964752197266
555,105,1332,0.45579907298088074
556,105,3809,0.4557727575302124
557,105,4295,0.45573240518569946
558,105,2202,0.45570966601371765
559,105,2616,0.45563942193984985
560,105,4307,0.45562219619750977
561,105,2201,0.4555923640727997
562,105,3588,0.45535141229629517
563,105,2384,0.4550321400165558
564,105,1652,0.4550098478794098
565,105,2633,0.45462992787361145
566,105,1480,0.45455801486968994
567,105,1191,0.454547256231308
568,105,2985,0.45448675751686096
569,105,1456,0.45436394214630127
570,105,2561,0.4543081820011139
571,105,2560,0.454252153635025
572,105,26,0.45411059260368347
573,105,1889,0.45407313108444214
574,105,1569,0.4537709355354309
575,105,1964,0.453677773475647
576,105,1743,0.45355209708213806
577,105,964,0.453526109457016
578,105,3170,0.453479528427124
579,105,3483,0.45343324542045593
580,105,29,0.4532710611820221
581,105,3553,0.4532485902309418
582,105,3232,0.45302456617355347
583,105,1436,0.4528481960296631
584,105,1198,0.45279455184936523
585,105,2545,0.4527686536312103
586,105,2139,0.4525967836380005
587,105,3438,0.45247137546539307
588,105,1529,0.45238032937049866
589,105,2654,0.45236656069755554
590,105,1078,0.45225825905799866
591,105,2435,0.4521979093551636
592,105,3563,0.45203956961631775
593,105,1421,0.45202428102493286
594,105,3767,0.45195379853248596
595,105,1786,0.4517456591129303
596,105,2031,0.4516349732875824
597,105,3373,0.4516230523586273
598,105,115,0.45159807801246643
599,105,3185,0.4515955150127411
600,105,3931,0.45158639550209045
601,105,4236,0.451410174369812
602,105,1250,0.451388955116272
603,105,2992,0.45138370990753174
604,105,2016,0.45124709606170654
605,105,3952,0.451198935508728
606,105,386,0.45117977261543274
607,105,2271,0.4511529803276062
608,105,2650,0.4511450231075287
609,105,798,0.4511316418647766
610,105,3970,0.4510878622531891
611,105,1018,0.45100846886634827
612,105,615,0.45094481110572815
613,105,2034,0.4509168565273285
614,105,4282,0.450910747051239
615,105,538,0.4508552551269531
616,105,1334,0.45068201422691345
617,105,3209,0.450640469789505
618,105,2023,0.4506060779094696
619,105,1666,0.450590044260025
620,105,4000,0.45032966136932373
621,105,1918,0.45031115412712097
622,105,342,0.4501642882823944
623,105,744,0.45010384917259216
624,105,3975,0.4500977098941803
625,105,2665,0.4500490725040436
626,105,4174,0.4499967694282532
627,105,2401,0.44983166456222534
628,105,2723,0.449654757976532
629,105,3930,0.4496024549007416
630,105,59,0.4495459198951721
631,105,3867,0.4494400918483734
632,105,2528,0.44940316677093506
633,105,4351,0.44936197996139526
634,105,1929,0.44931644201278687
635,105,3195,0.44922110438346863
636,105,1573,0.449178010225296
637,105,1897,0.44915589690208435
638,105,3215,0.44899630546569824
639,105,1795,0.4489729404449463
640,105,604,0.4488815367221832
641,105,4193,0.4487556219100952
642,105,192,0.4487268030643463
643,105,1753,0.44866934418678284
644,105,204,0.44858038425445557
645,105,1686,0.4485558569431305
646,105,2731,0.44855156540870667
647,105,3236,0.4484681189060211
648,105,770,0.44833993911743164
649,105,1924,0.44823238253593445
650,105,4285,0.4481521248817444
651,105,4293,0.44812414050102234
652,105,4194,0.44809848070144653
653,105,3665,0.4480457305908203
654,105,3574,0.44797638058662415
655,105,3990,0.4478638768196106
656,105,2488,0.4477859437465668
657,105,4405,0.4477137327194214
658,105,605,0.4477056562900543
659,105,4034,0.44764444231987
660,105,3725,0.44753432273864746
661,105,517,0.44747886061668396
662,105,2700,0.44727104902267456
663,105,2498,0.4469934403896332
664,105,2046,0.4469885528087616
665,105,2010,0.44691312313079834
666,105,2133,0.44691306352615356
667,105,1035,0.4469076991081238
668,105,2090,0.44690224528312683
669,105,1854,0.4467153549194336
670,105,1958,0.4466441869735718
671,105,1153,0.44657790660858154
672,105,1789,0.4464534521102905
673,105,1389,0.446389377117157
674,105,3240,0.4463678300380707
675,105,2148,0.446334570646286
676,105,1927,0.4463167190551758
677,105,238,0.446078360080719
678,105,2556,0.4460659921169281
679,105,976,0.4460330903530121
680,105,3399,0.4459608495235443
681,105,966,0.44591575860977173
682,105,1054,0.4457387924194336
683,105,2041,0.44564899802207947
684,105,2625,0.4456368088722229
685,105,207,0.44558098912239075
686,105,502,0.4455074369907379
687,105,101,0.4454311430454254
688,105,2084,0.4453325569629669
689,105,1807,0.4452245533466339
690,105,625,0.44512704014778137
691,105,1070,0.44509443640708923
692,105,3354,0.4449913501739502
693,105,3426,0.44495058059692383
694,105,1310,0.4446845054626465
695,105,612,0.4446372985839844
696,105,2531,0.4446323812007904
697,105,1225,0.4445863962173462
698,105,1911,0.44454890489578247
699,105,496,0.44425150752067566
700,105,839,0.4442445635795593
701,105,255,0.44424188137054443
702,105,1201,0.4442206621170044
703,105,1985,0.4441945254802704
704,105,2089,0.44395604729652405
705,105,261,0.44389012455940247
706,105,3724,0.4436016380786896
707,105,2176,0.4433421492576599
708,105,2507,0.44326093792915344
709,105,4143,0.44320130348205566
710,105,2646,0.443162739276886
711,105,3610,0.4431614279747009
712,105,1661,0.4431372582912445
713,105,1642,0.44313672184944153
714,105,957,0.44306114315986633
715,105,4288,0.4428669214248657
716,105,2317,0.44275882840156555
717,105,3454,0.44269388914108276
718,105,4172,0.4425457715988159
719,105,3203,0.44234132766723633
720,105,3133,0.4422716498374939
721,105,3356,0.44187501072883606
722,105,2593,0.44182077050209045
723,105,2307,0.44178736209869385
724,105,4043,0.4417842924594879
725,105,4192,0.441776841878891
726,105,935,0.44171780347824097
727,105,514,0.44145292043685913
728,105,1922,0.4414386749267578
729,105,894,0.44135794043540955
730,105,1000,0.4412294328212738
731,105,2967,0.44096753001213074
732,105,3297,0.44096386432647705
733,105,1502,0.440834641456604
734,105,3475,0.44063499569892883
735,105,1816,0.4406241774559021
736,105,2448,0.4404701292514801
737,105,4299,0.44033873081207275
738,105,2519,0.440268337726593
739,105,2232,0.4402432143688202
740,105,4234,0.4401310086250305
741,105,3141,0.4399682283401489
742,105,3212,0.4398294985294342
743,105,212,0.4397401809692383
744,105,3246,0.4397019147872925
745,105,3478,0.43958282470703125
746,105,196,0.43952229619026184
747,105,3997,0.439429372549057
748,105,2541,0.43938952684402466
749,105,1839,0.4393451511859894
750,105,562,0.4393262565135956
751,105,151,0.4391689896583557
752,105,1849,0.43911170959472656
753,105,2562,0.43911024928092957
754,105,3443,0.4390769898891449
755,105,2524,0.43897706270217896
756,105,2350,0.4389728903770447
757,105,3134,0.4388139545917511
758,105,1980,0.4388124644756317
759,105,348,0.4387776255607605
760,105,3228,0.4387684464454651
761,105,3472,0.438728928565979
762,105,956,0.438679039478302
763,105,530,0.4386425018310547
764,105,1211,0.43857043981552124
765,105,4231,0.4385406970977783
766,105,2990,0.43847954273223877
767,105,3685,0.43842723965644836
768,105,1706,0.4382101595401764
769,105,1736,0.4381802976131439
770,105,3081,0.4380108714103699
771,105,3953,0.437947541475296
772,105,2426,0.4377681016921997
773,105,3684,0.43760329484939575
774,105,1068,0.437514066696167
775,105,217,0.4374408423900604
776,105,4240,0.4374157190322876
777,105,1040,0.4371415674686432
778,105,1174,0.4371320307254791
779,105,2324,0.4369542598724365
780,105,1418,0.4369474947452545
781,105,1574,0.4369356036186218
782,105,598,0.43690672516822815
783,105,3731,0.4367235600948334
784,105,3754,0.43671172857284546
785,105,1102,0.4366239011287689
786,105,1259,0.4365951418876648
787,105,1135,0.436562716960907
788,105,2283,0.4365050494670868
789,105,2306,0.4364488422870636
790,105,1803,0.43634510040283203
791,105,701,0.4363143742084503
792,105,3580,0.43627917766571045
793,105,3299,0.4360426962375641
794,105,2391,0.4359813630580902
795,105,3392,0.4358322024345398
796,105,2792,0.4356853663921356
797,105,967,0.435575395822525
798,105,3428,0.43556633591651917
799,105,112,0.43552669882774353
800,105,332,0.4355010688304901
801,105,88,0.43542900681495667
802,105,227,0.43538913130760193
803,105,1630,0.4353126287460327
804,105,1659,0.43518945574760437
805,105,2091,0.43518176674842834
806,105,1672,0.4351128041744232
807,105,3486,0.4349674880504608
808,105,1535,0.43493324518203735
809,105,4114,0.43491366505622864
810,105,2204,0.434771865606308
811,105,4098,0.43474704027175903
812,105,1293,0.43466028571128845
813,105,1380,0.4344312250614166
814,105,3298,0.43441295623779297
815,105,2200,0.4342856705188751
816,105,1920,0.4341745674610138
817,105,1484,0.4341260492801666
818,105,1060,0.4340975880622864
819,105,1810,0.43408551812171936
820,105,3933,0.4340410828590393
821,105,3301,0.4340210258960724
822,105,3186,0.4339712858200073
823,105,4337,0.4339286684989929
824,105,3705,0.4338231682777405
825,105,1617,0.43367213010787964
826,105,1855,0.4336538314819336
827,105,2750,0.4336538314819336
828,105,3357,0.4335857033729553
829,105,3810,0.43355152010917664
830,105,1507,0.4335142970085144
831,105,3199,0.43347132205963135
832,105,2430,0.43318989872932434
833,105,1360,0.4331231713294983
834,105,4399,0.43307897448539734
835,105,1850,0.4330170154571533
836,105,2708,0.4330170154571533
837,105,1570,0.4330049157142639
838,105,4203,0.43297916650772095
839,105,2146,0.43295174837112427
840,105,4182,0.4329158663749695
841,105,1900,0.4326036274433136
842,105,2348,0.43254008889198303
843,105,2793,0.43242236971855164
844,105,3340,0.432297945022583
845,105,3966,0.4322846829891205
846,105,2706,0.4322628080844879
847,105,2330,0.4322219789028168
848,105,1542,0.43220609426498413
849,105,4207,0.43202918767929077
850,105,3947,0.4319813847541809
851,105,1004,0.43197566270828247
852,105,3701,0.4318552017211914
853,105,1390,0.4317839443683624
854,105,4419,0.4317688047885895
855,105,3914,0.4317614436149597
856,105,1799,0.4317018985748291
857,105,1491,0.43165865540504456
858,105,1402,0.43152883648872375
859,105,2855,0.43139681220054626
860,105,1963,0.4313226342201233
861,105,3882,0.43124547600746155
862,105,4019,0.43122246861457825
863,105,197,0.4311053454875946
864,105,2795,0.4310406744480133
865,105,301,0.43099087476730347
866,105,3231,0.43098363280296326
867,105,1780,0.4309402108192444
868,105,3960,0.43092313408851624
869,105,3950,0.43075472116470337
870,105,3898,0.4306740462779999
871,105,3699,0.43062761425971985
872,105,3961,0.4303700923919678
873,105,4333,0.43015268445014954
874,105,400,0.43013882637023926
875,105,3197,0.4301130473613739
876,105,2014,0.4301117956638336
877,105,40,0.4299120008945465
878,105,1558,0.42979148030281067
879,105,2162,0.42960992455482483
880,105,2508,0.4295842945575714
881,105,3459,0.42954978346824646
882,105,4027,0.4295423924922943
883,105,507,0.4294269382953644
884,105,2135,0.4290158450603485
885,105,626,0.42897239327430725
886,105,3994,0.4289529621601105
887,105,168,0.42884328961372375
888,105,2513,0.42884278297424316
889,105,1901,0.4287912845611572
890,105,2313,0.4287220239639282
891,105,2174,0.4286855161190033
892,105,3818,0.42867136001586914
893,105,2118,0.4286597669124603
894,105,4302,0.42858174443244934
895,105,1508,0.4284515678882599
896,105,1039,0.4284329414367676
897,105,1683,0.4284277558326721
898,105,1616,0.42836418747901917
899,105,1983,0.4283345341682434
900,105,2398,0.4282798171043396
901,105,1432,0.4281933307647705
902,105,556,0.4281465709209442
903,105,401,0.4280610978603363
904,105,2673,0.42795953154563904
905,105,720,0.427887499332428
906,105,3646,0.42787104845046997
907,105,3967,0.42782992124557495
908,105,3369,0.42782992124557495
909,105,2661,0.42775195837020874
910,105,2192,0.4277119040489197
911,105,1833,0.42770859599113464
912,105,1414,0.4276370406150818
913,105,3130,0.42759397625923157
914,105,1199,0.42746520042419434
915,105,1944,0.4274420738220215
916,105,3076,0.4273780286312103
917,105,4317,0.4273572564125061
918,105,2455,0.4273151457309723
919,105,3565,0.4272978901863098
920,105,2170,0.4272507131099701
921,105,1145,0.4272474944591522
922,105,3087,0.42723414301872253
923,105,1675,0.4270061254501343
924,105,2246,0.4269939363002777
925,105,2369,0.4269670248031616
926,105,4052,0.42694103717803955
927,105,3433,0.42675697803497314
928,105,3098,0.4266910254955292
929,105,1562,0.42662009596824646
930,105,167,0.42659151554107666
931,105,3515,0.42654865980148315
932,105,985,0.42645928263664246
933,105,3607,0.42644843459129333
934,105,3307,0.4264260530471802
935,105,1528,0.426368772983551
936,105,1581,0.42636463046073914
937,105,2006,0.42616885900497437
938,105,1053,0.42595353722572327
939,105,2288,0.4256543517112732
940,105,2959,0.4256373345851898
941,105,3911,0.4255066215991974
942,105,2699,0.4254627227783203
943,105,563,0.4253993034362793
944,105,2554,0.4253876805305481
945,105,2574,0.4251551032066345
946,105,98,0.4250487685203552
947,105,3793,0.4247988760471344
948,105,1172,0.42479208111763
949,105,4385,0.42464521527290344
950,105,1912,0.4245934784412384
951,105,2816,0.42458629608154297
952,105,552,0.42456239461898804
953,105,2312,0.42433422803878784
954,105,573,0.4242521822452545
955,105,3886,0.42391905188560486
956,105,2491,0.42387861013412476
957,105,1499,0.4238198697566986
958,105,231,0.4237227141857147
959,105,560,0.42360809445381165
960,105,2755,0.42346733808517456
961,105,2590,0.423425555229187
962,105,3293,0.4233117401599884
963,105,323,0.42327776551246643
964,105,2534,0.4232485890388489
965,105,1625,0.4232479929924011
966,105,295,0.4231742024421692
967,105,3926,0.42313316464424133
968,105,4035,0.42313122749328613
969,105,3829,0.42309027910232544
970,105,344,0.42308396100997925
971,105,2252,0.42306140065193176
972,105,1862,0.42301082611083984
973,105,1337,0.4229808747768402
974,105,366,0.4229774475097656
975,105,4012,0.42286860942840576
976,105,1423,0.42274209856987
977,105,3778,0.42272257804870605
978,105,2473,0.4226432740688324
979,105,190,0.4226338565349579
980,105,3785,0.42237579822540283
981,105,1509,0.42232730984687805
982,105,2203,0.42230138182640076
983,105,1460,0.42225533723831177
984,105,38,0.4219781160354614
985,105,1497,0.42191141843795776
986,105,1443,0.42180678248405457
987,105,1121,0.4217371344566345
988,105,1076,0.4214622974395752
989,105,965,0.4214079678058624
990,105,764,0.4211445152759552
991,105,4140,0.4210166037082672
992,105,634,0.42089077830314636
993,105,906,0.42082592844963074
994,105,4003,0.4207218885421753
995,105,2762,0.42069342732429504
996,105,1118,0.4206908345222473
997,105,2121,0.4206523299217224
998,105,2098,0.4206238389015198
999,105,1307,0.4205888509750366
1000,105,2691,0.4201781451702118
1001,105,2388,0.4201437532901764
1002,105,1444,0.42014214396476746
1003,105,1038,0.4200838506221771
1004,105,2608,0.42007169127464294
1005,105,1797,0.4200306832790375
1006,105,2631,0.41999393701553345
1007,105,1908,0.4199672043323517
1008,105,4201,0.41994601488113403
1009,105,2254,0.41994524002075195
1010,105,2400,0.4198457598686218
1011,105,1653,0.4197878837585449
1012,105,2658,0.41969120502471924
1013,105,4106,0.41939982771873474
1014,105,1355,0.41938409209251404
1015,105,1074,0.4193404018878937
1016,105,1103,0.4192466139793396
1017,105,3302,0.4191342294216156
1018,105,540,0.41912996768951416
1019,105,3306,0.41896867752075195
1020,105,508,0.4188525378704071
1021,105,117,0.4186546802520752
1022,105,1836,0.4185391664505005
1023,105,22,0.41846150159835815
1024,105,3003,0.4183889329433441
1025,105,2741,0.41829678416252136
1026,105,2580,0.4182625114917755
1027,105,4017,0.4182230830192566
1028,105,534,0.4182087779045105
1029,105,3110,0.41814911365509033
1030,105,1277,0.4180733263492584
1031,105,4353,0.41805770993232727
1032,105,156,0.41778743267059326
1033,105,1903,0.41773614287376404
1034,105,375,0.4176373779773712
1035,105,949,0.41760531067848206
1036,105,3147,0.4175983965396881
1037,105,3634,0.4175665080547333
1038,105,2925,0.4174816608428955
1039,105,1728,0.4174692630767822
1040,105,1212,0.4174637198448181
1041,105,510,0.4174099564552307
1042,105,2704,0.4173398017883301
1043,105,1829,0.4173398017883301
1044,105,4115,0.4172007739543915
1045,105,3441,0.4171573519706726
1046,105,2791,0.4171037971973419
1047,105,2008,0.41704005002975464
1048,105,2013,0.41691678762435913
1049,105,3944,0.41672709584236145
1050,105,1898,0.4166906177997589
1051,105,1781,0.4166906177997589
1052,105,1463,0.41668593883514404
1053,105,1295,0.41668087244033813
1054,105,4407,0.41663891077041626
1055,105,327,0.41643813252449036
1056,105,1711,0.4164375960826874
1057,105,3391,0.41640418767929077
1058,105,3173,0.4163142442703247
1059,105,1768,0.4162102937698364
1060,105,2988,0.4161413609981537
1061,105,3664,0.4161399304866791
1062,105,2155,0.4161311388015747
1063,105,3922,0.4160979986190796
1064,105,1190,0.41592320799827576
1065,105,1249,0.41591277718544006
1066,105,2506,0.4157484471797943
1067,105,4356,0.4155840575695038
1068,105,1732,0.4155644178390503
1069,105,144,0.4155128002166748
1070,105,4253,0.4154634177684784
1071,105,268,0.41541481018066406
1072,105,361,0.4152648150920868
1073,105,3837,0.4151296019554138
1074,105,2543,0.41512924432754517
1075,105,3595,0.414993017911911
1076,105,1748,0.4148147404193878
1077,105,4301,0.4148142635822296
1078,105,4357,0.41476497054100037
1079,105,3227,0.41473838686943054
1080,105,265,0.4147372841835022
1081,105,1590,0.4146876633167267
1082,105,3000,0.41465461254119873
1083,105,1435,0.4146309196949005
1084,105,1541,0.4145900011062622
1085,105,1591,0.41455012559890747
1086,105,3570,0.4141937494277954
1087,105,3386,0.4141659736633301
1088,105,2206,0.4141491949558258
1089,105,1968,0.414046972990036
1090,105,1001,0.41394463181495667
1091,105,3680,0.41378942131996155
1092,105,1181,0.413749635219574
1093,105,4210,0.41374367475509644
1094,105,3012,0.4137234687805176
1095,105,3009,0.4136396646499634
1096,105,1676,0.4135998487472534
1097,105,1865,0.41337233781814575
1098,105,1614,0.4133438467979431
1099,105,2380,0.4132923483848572
1100,105,4005,0.413236528635025
1101,105,3422,0.413224995136261
1102,105,69,0.4131562113761902
1103,105,2571,0.4131395220756531
1104,105,2012,0.4131123721599579
1105,105,4211,0.41307589411735535
1106,105,4014,0.41306525468826294
1107,105,4173,0.41304346919059753
1108,105,1255,0.41302910447120667
1109,105,2526,0.41296201944351196
1110,105,1677,0.4129123091697693
1111,105,2011,0.41290441155433655
1112,105,2544,0.412903755903244
1113,105,968,0.41283878684043884
1114,105,4047,0.41282159090042114
1115,105,3444,0.4126991331577301
1116,105,714,0.41269606351852417
1117,105,2812,0.41263678669929504
1118,105,2702,0.41263464093208313
1119,105,3893,0.4124433696269989
1120,105,2193,0.41230347752571106
1121,105,1152,0.4122837483882904
1122,105,3190,0.4122808873653412
1123,105,2104,0.4122670292854309
1124,105,4294,0.41206100583076477
1125,105,1271,0.4117918312549591
1126,105,489,0.41171109676361084
1127,105,1731,0.4116309583187103
1128,105,2281,0.4116209149360657
1129,105,1486,0.4116067886352539
1130,105,1925,0.41158485412597656
1131,105,3908,0.41156473755836487
1132,105,1982,0.4115005135536194
1133,105,2235,0.41144585609436035
1134,105,1906,0.4114319980144501
1135,105,200,0.4113536775112152
1136,105,4279,0.41130203008651733
1137,105,4218,0.41122567653656006
1138,105,1203,0.41118496656417847
1139,105,3567,0.4111430048942566
1140,105,2436,0.4110480844974518
1141,105,1207,0.41091930866241455
1142,105,1991,0.41080573201179504
1143,105,1151,0.410774827003479
1144,105,2717,0.410715788602829
1145,105,1746,0.4107014834880829
1146,105,1495,0.41069358587265015
1147,105,2737,0.4106904864311218
1148,105,3482,0.41068020462989807
1149,105,1467,0.4106352925300598
1150,105,264,0.41051700711250305
1151,105,2601,0.4105042815208435
1152,105,3857,0.4104848802089691
1153,105,1852,0.4104759991168976
1154,105,1685,0.4103207588195801
1155,105,3497,0.41030392050743103
1156,105,800,0.4102678596973419
1157,105,4297,0.41025689244270325
1158,105,1521,0.4102497696876526
1159,105,2635,0.4102456867694855
1160,105,2331,0.410175085067749
1161,105,522,0.41011568903923035
1162,105,3935,0.41001322865486145
1163,105,4406,0.4100053608417511
1164,105,2234,0.4099951386451721
1165,105,1599,0.40994179248809814
1166,105,947,0.4097885191440582
1167,105,657,0.40971639752388
1168,105,1554,0.4096647799015045
1169,105,569,0.4096353054046631
1170,105,2026,0.40956956148147583
1171,105,2596,0.4091985523700714
1172,105,182,0.4090772569179535
1173,105,2407,0.4090699851512909
1174,105,1679,0.4089899957180023
1175,105,3309,0.40894562005996704
1176,105,4413,0.4088418185710907
1177,105,3004,0.4088359773159027
1178,105,468,0.40881988406181335
1179,105,3594,0.40880250930786133
1180,105,1457,0.4087172746658325
1181,105,3977,0.40866971015930176
1182,105,2002,0.4086693525314331
1183,105,1132,0.40854257345199585
1184,105,2859,0.408470094203949
1185,105,1777,0.4084566533565521
1186,105,1935,0.40845656394958496
1187,105,2797,0.4083658754825592
1188,105,4308,0.4083477854728699
1189,105,4331,0.40829038619995117
1190,105,1407,0.4081450402736664
1191,105,3405,0.40808841586112976
1192,105,1551,0.40804821252822876
1193,105,4296,0.407940536737442
1194,105,3131,0.4078977406024933
1195,105,1090,0.40789639949798584
1196,105,1256,0.40785670280456543
1197,105,1629,0.4078429341316223
1198,105,1639,0.4078235924243927
1199,105,1546,0.40775266289711
1200,105,1180,0.4077282249927521
1201,105,993,0.4075947105884552
1202,105,3393,0.40759071707725525
1203,105,87,0.4075233042240143
1204,105,3468,0.4075163006782532
1205,105,4237,0.4075011610984802
1206,105,595,0.4074500501155853
1207,105,4401,0.407412052154541
1208,105,3596,0.40731263160705566
1209,105,1264,0.4070584774017334
1210,105,1930,0.40694335103034973
1211,105,4109,0.4069288671016693
1212,105,3351,0.4068431556224823
1213,105,1763,0.4067144989967346
1214,105,2559,0.40662869811058044
1215,105,3372,0.40661856532096863
1216,105,1884,0.4065876007080078
1217,105,1842,0.406526118516922
1218,105,187,0.4064294695854187
1219,105,2880,0.40610384941101074
1220,105,2080,0.4059737026691437
1221,105,4283,0.40589964389801025
1222,105,4348,0.40588027238845825
1223,105,792,0.40576818585395813
1224,105,3364,0.40575066208839417
1225,105,3332,0.4057154357433319
1226,105,2063,0.4056508243083954
1227,105,2685,0.40553519129753113
1228,105,2688,0.4055015444755554
1229,105,2351,0.4054943323135376
1230,105,796,0.4054456651210785
1231,105,3668,0.40536439418792725
1232,105,1341,0.4050433933734894
1233,105,3329,0.40500855445861816
1234,105,2163,0.40499264001846313
1235,105,2510,0.40492549538612366
1236,105,3555,0.40476176142692566
1237,105,27,0.40475600957870483
1238,105,235,0.40475279092788696
1239,105,399,0.40474778413772583
1240,105,1204,0.40462973713874817
1241,105,2721,0.40462905168533325
1242,105,405,0.40462198853492737
1243,105,866,0.4045669734477997
1244,105,2147,0.40454742312431335
1245,105,4007,0.40452149510383606
1246,105,4053,0.4044986069202423
1247,105,0,0.40444591641426086
1248,105,2078,0.40441054105758667
1249,105,2583,0.4043220579624176
1250,105,3175,0.4043019711971283
1251,105,2701,0.40426138043403625
1252,105,1692,0.40420758724212646
1253,105,1828,0.404178649187088
1254,105,2748,0.4040990173816681
1255,105,3675,0.40409231185913086
1256,105,14,0.4040911793708801
1257,105,1408,0.4040592610836029
1258,105,2644,0.4040527641773224
1259,105,1843,0.40401721000671387
1260,105,2106,0.4040154814720154
1261,105,1939,0.40393510460853577
1262,105,1866,0.40376603603363037
1263,105,141,0.40370962023735046
1264,105,2385,0.40363872051239014
1265,105,408,0.40355175733566284
1266,105,39,0.40354645252227783
1267,105,2555,0.40354546904563904
1268,105,797,0.4034060835838318
1269,105,1610,0.40340033173561096
1270,105,550,0.4033987820148468
1271,105,3270,0.40323710441589355
1272,105,1970,0.4032202661037445
1273,105,1510,0.40318891406059265
1274,105,316,0.4031839072704315
1275,105,2287,0.40301039814949036
1276,105,1689,0.40279367566108704
1277,105,1177,0.40278711915016174
1278,105,3629,0.40270763635635376
1279,105,1620,0.40267813205718994
1280,105,2689,0.40264269709587097
1281,105,1061,0.40257978439331055
1282,105,2612,0.40255993604660034
1283,105,2042,0.4024742543697357
1284,105,2607,0.4024490714073181
1285,105,3642,0.4023757576942444
1286,105,2667,0.40231579542160034
1287,105,1522,0.40220287442207336
1288,105,2428,0.40218010544776917
1289,105,4359,0.40217575430870056
1290,105,4471,0.4021662473678589
1291,105,1907,0.40215054154396057
1292,105,793,0.4020482897758484
1293,105,214,0.40203315019607544
1294,105,1213,0.40190592408180237
1295,105,1678,0.4017525911331177
1296,105,2278,0.4017382264137268
1297,105,284,0.4017133116722107
1298,105,2270,0.4017028510570526
1299,105,1431,0.401646226644516
1300,105,2820,0.4016207456588745
1301,105,766,0.40157774090766907
1302,105,2686,0.4015504717826843
1303,105,1126,0.40152230858802795
1304,105,1525,0.4014242887496948
1305,105,3469,0.4013957679271698
1306,105,2143,0.4012972116470337
1307,105,1458,0.4011712372303009
1308,105,4274,0.4011467397212982
1309,105,165,0.40110817551612854
1310,105,3597,0.40109097957611084
1311,105,3431,0.40103957056999207
1312,105,2678,0.4010218679904938
1313,105,629,0.40069031715393066
1314,105,1471,0.4006751775741577
1315,105,677,0.4005768895149231
1316,105,3825,0.4004722535610199
1317,105,1791,0.4003724753856659
1318,105,2732,0.400348424911499
1319,105,155,0.40034219622612
1320,105,4267,0.40026625990867615
1321,105,1171,0.4002632200717926
1322,105,2864,0.4001929461956024
1323,105,1398,0.40006256103515625
1324,105,2227,0.4000052213668823
1325,105,2169,0.4000043570995331
1326,105,1880,0.3997950255870819
1327,105,3985,0.3997577428817749
1328,105,1585,0.3997480273246765
1329,105,2296,0.3995654284954071
1330,105,3658,0.39949744939804077
1331,105,3274,0.3994905948638916
1332,105,2652,0.3994682729244232
1333,105,4344,0.3993559181690216
1334,105,1459,0.39931753277778625
1335,105,454,0.3991294503211975
1336,105,1550,0.39908239245414734
1337,105,3470,0.3990546464920044
1338,105,4257,0.39892932772636414
1339,105,4291,0.39888912439346313
1340,105,1270,0.39886927604675293
1341,105,3217,0.3988194167613983
1342,105,185,0.398777574300766
1343,105,1308,0.3987598121166229
1344,105,551,0.39875084161758423
1345,105,1143,0.3986875116825104
1346,105,3900,0.3986167907714844
1347,105,2396,0.3986157774925232
1348,105,3011,0.39842259883880615
1349,105,1602,0.3982369303703308
1350,105,1740,0.3980122208595276
1351,105,1735,0.3979671001434326
1352,105,2744,0.39796319603919983
1353,105,2714,0.39789217710494995
1354,105,1887,0.3978373110294342
1355,105,380,0.397783100605011
1356,105,723,0.39765921235084534
1357,105,3782,0.39765095710754395
1358,105,1298,0.3976456820964813
1359,105,3847,0.3976022005081177
1360,105,2447,0.39750054478645325
1361,105,676,0.3974701166152954
1362,105,2718,0.3974093198776245
1363,105,2743,0.39740151166915894
1364,105,2377,0.39738377928733826
1365,105,1376,0.3972020745277405
1366,105,309,0.39711806178092957
1367,105,1200,0.3971085548400879
1368,105,622,0.3966584801673889
1369,105,2471,0.39662620425224304
1370,105,1893,0.396605908870697
1371,105,3756,0.3965577185153961
1372,105,3547,0.39644551277160645
1373,105,199,0.3962865173816681
1374,105,2100,0.39618635177612305
1375,105,3136,0.3960888385772705
1376,105,1954,0.395999550819397
1377,105,2971,0.3959994614124298
1378,105,3132,0.3958923816680908
1379,105,178,0.39586231112480164
1380,105,4045,0.3957803249359131
1381,105,1364,0.3956468403339386
1382,105,300,0.39562085270881653
1383,105,1931,0.3955743610858917
1384,105,1621,0.3955604135990143
1385,105,2096,0.39551007747650146
1386,105,3593,0.39544248580932617
1387,105,2119,0.39540478587150574
1388,105,781,0.39533084630966187
1389,105,3385,0.39515557885169983
1390,105,3251,0.39512741565704346
1391,105,2338,0.3950921297073364
1392,105,3371,0.3950754404067993
1393,105,102,0.39504605531692505
1394,105,4009,0.3949100077152252
1395,105,2618,0.3948410153388977
1396,105,2390,0.39476293325424194
1397,105,2530,0.3947291672229767
1398,105,2501,0.3945852220058441
1399,105,2950,0.39447855949401855
1400,105,306,0.39446526765823364
1401,105,3006,0.39444592595100403
1402,105,4238,0.39444300532341003
1403,105,2205,0.39441245794296265
1404,105,193,0.3943919837474823
1405,105,2305,0.3943244218826294
1406,105,1328,0.39425233006477356
1407,105,4208,0.39422357082366943
1408,105,3320,0.39413028955459595
1409,105,2682,0.39411360025405884
1410,105,3702,0.3940652906894684
1411,105,1002,0.39405807852745056
1412,105,2228,0.39401865005493164
1413,105,1163,0.3939596116542816
1414,105,4050,0.39395034313201904
1415,105,211,0.39393335580825806
1416,105,1831,0.39392292499542236
1417,105,819,0.39390742778778076
1418,105,2966,0.39390459656715393
1419,105,1783,0.3938998878002167
1420,105,1860,0.39385610818862915
1421,105,4057,0.39372554421424866
1422,105,379,0.39367660880088806
1423,105,2439,0.39365720748901367
1424,105,3533,0.3935624063014984
1425,105,3315,0.3935301899909973
1426,105,143,0.3934709131717682
1427,105,2977,0.39342665672302246
1428,105,571,0.39334291219711304
1429,105,3084,0.3933194577693939
1430,105,2038,0.3932941257953644
1431,105,2282,0.3932360112667084
1432,105,746,0.3929940164089203
1433,105,808,0.39298638701438904
1434,105,1373,0.39295822381973267
1435,105,1564,0.3929522633552551
1436,105,3148,0.3927932381629944
1437,105,3273,0.39271265268325806
1438,105,2537,0.39261531829833984
1439,105,4022,0.3926069140434265
1440,105,1881,0.39250457286834717
1441,105,2549,0.39248552918434143
1442,105,1645,0.3924492299556732
1443,105,2187,0.39240917563438416
1444,105,2987,0.3923186957836151
1445,105,3001,0.39227059483528137
1446,105,1113,0.39226311445236206
1447,105,1312,0.39225372672080994
1448,105,1633,0.39220666885375977
1449,105,889,0.39207059144973755
1450,105,2664,0.3919600546360016
1451,105,4318,0.39195263385772705
1452,105,4196,0.39188939332962036
1453,105,2722,0.3917725384235382
1454,105,645,0.3917520344257355
1455,105,2720,0.39173322916030884
1456,105,2088,0.39173319935798645
1457,105,2527,0.3917025625705719
1458,105,2355,0.3916068375110626
1459,105,2000,0.39157959818840027
1460,105,4241,0.39154836535453796
1461,105,2138,0.39147868752479553
1462,105,1938,0.3914735019207001
1463,105,948,0.3913626968860626
1464,105,656,0.39108213782310486
1465,105,2517,0.39105677604675293
1466,105,3485,0.39104607701301575
1467,105,2551,0.3910124897956848
1468,105,2975,0.3910095691680908
1469,105,943,0.39090901613235474
1470,105,2520,0.3909062147140503
1471,105,164,0.39088165760040283
1472,105,2656,0.390865683555603
1473,105,2220,0.39083248376846313
1474,105,314,0.39076173305511475
1475,105,2538,0.39075323939323425
1476,105,2469,0.3907431662082672
1477,105,821,0.39074259996414185
1478,105,3972,0.3907304108142853
1479,105,3864,0.3907184898853302
1480,105,2051,0.3906572759151459
1481,105,3432,0.39058637619018555
1482,105,2420,0.3905826807022095
1483,105,3986,0.3905625641345978
1484,105,1776,0.3905341923236847
1485,105,1192,0.3904780447483063
1486,105,237,0.3903580904006958
1487,105,1738,0.39020171761512756
1488,105,2198,0.39008480310440063
1489,105,3338,0.3900483548641205
1490,105,4085,0.38995373249053955
1491,105,266,0.38987043499946594
1492,105,2573,0.38985899090766907
1493,105,3135,0.38980966806411743
1494,105,3409,0.3897274434566498
1495,105,2379,0.3897077441215515
1496,105,1099,0.38959258794784546
1497,105,1513,0.3894101083278656
1498,105,1523,0.38932374119758606
1499,105,3674,0.38926219940185547
1500,105,1942,0.38920700550079346
1501,105,1356,0.3891851305961609
1502,105,2171,0.38915207982063293
1503,105,2311,0.38910728693008423
1504,105,1890,0.38904285430908203
1505,105,2557,0.3890141546726227
1506,105,2478,0.38894447684288025
1507,105,4178,0.38889098167419434
1508,105,1832,0.38871049880981445
1509,105,56,0.3886638581752777
1510,105,202,0.3886484205722809
1511,105,1904,0.3885688781738281
1512,105,4275,0.388503760099411
1513,105,2191,0.388327956199646
1514,105,1899,0.3882368206977844
1515,105,1936,0.3881649076938629
1516,105,57,0.3881514072418213
1517,105,195,0.3880098760128021
1518,105,2617,0.3878776431083679
1519,105,1990,0.38785049319267273
1520,105,2613,0.38782599568367004
1521,105,673,0.3878087103366852
1522,105,975,0.38769596815109253
1523,105,1426,0.3876535892486572
1524,105,1302,0.38765308260917664
1525,105,3678,0.3876173496246338
1526,105,1716,0.38759851455688477
1527,105,2061,0.38759690523147583
1528,105,945,0.3875352442264557
1529,105,1859,0.38749974966049194
1530,105,1403,0.3874286711215973
1531,105,3717,0.3873818814754486
1532,105,1438,0.3873477876186371
1533,105,3150,0.38734766840934753
1534,105,3569,0.38724786043167114
1535,105,1886,0.3872367739677429
1536,105,1619,0.38720986247062683
1537,105,3885,0.38713857531547546
1538,105,4289,0.3871317505836487
1539,105,558,0.38705557584762573
1540,105,1567,0.38699063658714294
1541,105,343,0.38678601384162903
1542,105,1020,0.38670384883880615
1543,105,2343,0.38660097122192383
1544,105,1500,0.386538028717041
1545,105,3112,0.3865317106246948
1546,105,4142,0.3864586055278778
1547,105,2441,0.38638389110565186
1548,105,1088,0.38634437322616577
1549,105,3558,0.38622382283210754
1550,105,1655,0.386090487241745
1551,105,3639,0.3860476016998291
1552,105,3094,0.38594698905944824
1553,105,1415,0.3858443796634674
1554,105,2166,0.385836124420166
1555,105,120,0.3857749402523041
1556,105,3237,0.38575515151023865
1557,105,3784,0.3856872022151947
1558,105,2972,0.3856666684150696
1559,105,2418,0.3856475055217743
1560,105,224,0.3853646218776703
1561,105,3614,0.3853622078895569
1562,105,100,0.3853381872177124
1563,105,2581,0.3852229416370392
1564,105,535,0.38521888852119446
1565,105,3945,0.38520294427871704
1566,105,4354,0.38514602184295654
1567,105,1466,0.3851374387741089
1568,105,2687,0.38513052463531494
1569,105,2547,0.38512709736824036
1570,105,334,0.3851242661476135
1571,105,1891,0.3851165473461151
1572,105,2692,0.3851165473461151
1573,105,1487,0.38511520624160767
1574,105,4304,0.3851119577884674
1575,105,2585,0.38510966300964355
1576,105,1071,0.38509252667427063
1577,105,1055,0.3850274085998535
1578,105,807,0.3850040137767792
1579,105,1806,0.3849891424179077
1580,105,3109,0.3849642872810364
1581,105,3328,0.38473036885261536
1582,105,1006,0.38471999764442444
1583,105,1992,0.38471490144729614
1584,105,2150,0.38470542430877686
1585,105,3742,0.38449570536613464
1586,105,1566,0.38434621691703796
1587,105,1450,0.3842804431915283
1588,105,4278,0.3842774033546448
1589,105,1365,0.3842545449733734
1590,105,2285,0.3841824233531952
1591,105,652,0.3840853273868561
1592,105,3884,0.38404929637908936
1593,105,3978,0.38403210043907166
1594,105,2066,0.38402092456817627
1595,105,3411,0.38400986790657043
1596,105,520,0.38397932052612305
1597,105,1446,0.3838645815849304
1598,105,4484,0.38383886218070984
1599,105,2983,0.383827805519104
1600,105,1023,0.3837188482284546
1601,105,459,0.3836952745914459
1602,105,3512,0.38363808393478394
1603,105,2173,0.38359692692756653
1604,105,2015,0.3835533559322357
1605,105,4016,0.38345471024513245
1606,105,3543,0.38326963782310486
1607,105,762,0.38321393728256226
1608,105,189,0.38320475816726685
1609,105,3213,0.3831855058670044
1610,105,771,0.38314324617385864
1611,105,2707,0.38308489322662354
1612,105,768,0.3830663859844208
1613,105,2486,0.38306617736816406
1614,105,1392,0.383049875497818
1615,105,4189,0.3830380141735077
1616,105,3659,0.38295286893844604
1617,105,3866,0.38293924927711487
1618,105,2087,0.38280701637268066
1619,105,3799,0.38278576731681824
1620,105,2175,0.3826759457588196
1621,105,1391,0.3826525807380676
1622,105,1845,0.3823292851448059
1623,105,1951,0.38230666518211365
1624,105,2671,0.38225725293159485
1625,105,1817,0.3822363018989563
1626,105,3303,0.3822239637374878
1627,105,3988,0.38220205903053284
1628,105,3958,0.3821713626384735
1629,105,3390,0.3820963203907013
1630,105,97,0.3820717930793762
1631,105,1611,0.3820507526397705
1632,105,3888,0.3819766342639923
1633,105,3957,0.38192182779312134
1634,105,4235,0.3819095194339752
1635,105,3151,0.38186267018318176
1636,105,2236,0.38179388642311096
1637,105,3013,0.38178470730781555
1638,105,1290,0.38176074624061584
1639,105,1794,0.3817605972290039
1640,105,2595,0.3817373514175415
1641,105,1876,0.3815671503543854
1642,105,4184,0.38152703642845154
1643,105,465,0.3815144896507263
1644,105,96,0.38150909543037415
1645,105,3140,0.38147860765457153
1646,105,3159,0.38142645359039307
1647,105,1921,0.38127806782722473
1648,105,2981,0.3811365067958832
1649,105,644,0.38103801012039185
1650,105,1961,0.38102078437805176
1651,105,2637,0.38097161054611206
1652,105,2756,0.38094428181648254
1653,105,1553,0.3808625340461731
1654,105,3280,0.38085460662841797
1655,105,4310,0.38081198930740356
1656,105,6,0.38079676032066345
1657,105,4342,0.38072770833969116
1658,105,308,0.3805617392063141
1659,105,4195,0.3804817199707031
1660,105,3020,0.3804398477077484
1661,105,1750,0.38041096925735474
1662,105,955,0.3803568184375763
1663,105,981,0.3803090751171112
1664,105,1477,0.3802803158760071
1665,105,4177,0.3802635967731476
1666,105,3192,0.3802286684513092
1667,105,1957,0.3801972568035126
1668,105,765,0.38013043999671936
1669,105,2733,0.38008448481559753
1670,105,2052,0.379917174577713
1671,105,3327,0.37986689805984497
1672,105,4400,0.37986430525779724
1673,105,3010,0.3798404932022095
1674,105,2036,0.37981802225112915
1675,105,588,0.3798023462295532
1676,105,1894,0.3797995150089264
1677,105,2566,0.37978827953338623
1678,105,2269,0.37978747487068176
1679,105,2653,0.37977179884910583
1680,105,999,0.3797268867492676
1681,105,1623,0.3796829581260681
1682,105,1603,0.37955084443092346
1683,105,4118,0.37945228815078735
1684,105,773,0.3794114291667938
1685,105,3874,0.37934353947639465
1686,105,1934,0.37920770049095154
1687,105,2716,0.3791712820529938
1688,105,1568,0.3791654407978058
1689,105,4423,0.37879571318626404
1690,105,2053,0.37877607345581055
1691,105,1311,0.3786475360393524
1692,105,1844,0.3786363899707794
1693,105,1644,0.3786320388317108
1694,105,3453,0.3786197304725647
1695,105,1745,0.3785915970802307
1696,105,2240,0.3785569965839386
1697,105,3815,0.37854188680648804
1698,105,1798,0.3785243034362793
1699,105,2064,0.37846124172210693
1700,105,755,0.3784382939338684
1701,105,3086,0.3784187138080597
1702,105,665,0.3784100413322449
1703,105,350,0.3783131539821625
1704,105,4303,0.3782542645931244
1705,105,3403,0.37810784578323364
1706,105,303,0.3780817687511444
1707,105,2153,0.3779590129852295
1708,105,2575,0.3779362738132477
1709,105,2639,0.3778376877307892
1710,105,4146,0.3777879476547241
1711,105,528,0.3776853382587433
1712,105,4156,0.37767472863197327
1713,105,1492,0.37766513228416443
1714,105,512,0.3776191771030426
1715,105,2932,0.3774816393852234
1716,105,2025,0.3774653971195221
1717,105,1451,0.37745770812034607
1718,105,3603,0.3774154484272003
1719,105,3541,0.3773709535598755
1720,105,974,0.3773437738418579
1721,105,2464,0.3773076832294464
1722,105,2449,0.37700220942497253
1723,105,1680,0.37697967886924744
1724,105,2134,0.37692078948020935
1725,105,2239,0.3769044578075409
1726,105,1490,0.37688207626342773
1727,105,44,0.3768795430660248
1728,105,2773,0.3768758177757263
1729,105,547,0.3767763674259186
1730,105,1069,0.3767412602901459
1731,105,125,0.3767048120498657
1732,105,3410,0.3766343593597412
1733,105,2568,0.37656596302986145
1734,105,838,0.376472532749176
1735,105,2297,0.37642037868499756
1736,105,1841,0.3763258457183838
1737,105,2329,0.3762702941894531
1738,105,438,0.37625712156295776
1739,105,3796,0.37623998522758484
1740,105,158,0.3762185275554657
1741,105,2047,0.3761780858039856
1742,105,1695,0.37617072463035583
1743,105,258,0.37615346908569336
1744,105,1808,0.3760411739349365
1745,105,891,0.3760331869125366
1746,105,3127,0.375983864068985
1747,105,531,0.37596097588539124
1748,105,1261,0.37582626938819885
1749,105,372,0.37581297755241394
1750,105,4059,0.3757893443107605
1751,105,2696,0.3757813572883606
1752,105,1226,0.3757072389125824
1753,105,4350,0.375612735748291
1754,105,3283,0.37557730078697205
1755,105,2321,0.37556979060173035
1756,105,1607,0.3755471110343933
1757,105,1612,0.3754267990589142
1758,105,1404,0.3753950595855713
1759,105,1663,0.3753332495689392
1760,105,128,0.3750458359718323
1761,105,577,0.374976247549057
1762,105,1824,0.37494614720344543
1763,105,2727,0.37492987513542175
1764,105,1379,0.3748141825199127
1765,105,1077,0.37475645542144775
1766,105,53,0.37473711371421814
1767,105,4415,0.3746572434902191
1768,105,2870,0.37465575337409973
1769,105,3290,0.3746030330657959
1770,105,2798,0.3745892643928528
1771,105,769,0.3744926154613495
1772,105,1805,0.3744814097881317
1773,105,3743,0.3744777739048004
1774,105,4030,0.3744777739048004
1775,105,1668,0.3744426667690277
1776,105,479,0.3744124174118042
1777,105,2651,0.37438473105430603
1778,105,3890,0.3743790090084076
1779,105,2376,0.3742978870868683
1780,105,2572,0.37424319982528687
1781,105,1765,0.37419283390045166
1782,105,725,0.37401527166366577
1783,105,1167,0.37387815117836
1784,105,559,0.37385058403015137
1785,105,3707,0.3737908601760864
1786,105,4336,0.3736550807952881
1787,105,1707,0.37363600730895996
1788,105,1962,0.37351810932159424
1789,105,3382,0.3733821511268616
1790,105,1368,0.373300164937973
1791,105,4396,0.3732304871082306
1792,105,3080,0.373193621635437
1793,105,4248,0.3731673061847687
1794,105,325,0.37308356165885925
1795,105,1858,0.3730667531490326
1796,105,2858,0.3730100989341736
1797,105,2289,0.3729524314403534
1798,105,3783,0.37294116616249084
1799,105,1848,0.37291219830513
1800,105,895,0.37279704213142395
1801,105,3108,0.3727667033672333
1802,105,2657,0.37260204553604126
1803,105,3772,0.37259170413017273
1804,105,1098,0.37249332666397095
1805,105,3586,0.37247610092163086
1806,105,3079,0.3724343478679657
1807,105,2107,0.3723791241645813
1808,105,3903,0.3722441792488098
1809,105,66,0.3720903694629669
1810,105,3039,0.3720603585243225
1811,105,3704,0.372000128030777
1812,105,761,0.37191540002822876
1813,105,2614,0.3719111382961273
1814,105,79,0.37188905477523804
1815,105,2126,0.3717985451221466
1816,105,1771,0.37170061469078064
1817,105,2233,0.3716408610343933
1818,105,3099,0.3715948462486267
1819,105,3404,0.3715270459651947
1820,105,271,0.3714922368526459
1821,105,2422,0.3714121878147125
1822,105,275,0.37136784195899963
1823,105,2120,0.371326208114624
1824,105,3365,0.371087908744812
1825,105,2794,0.371086061000824
1826,105,2887,0.3710070550441742
1827,105,670,0.37100180983543396
1828,105,4403,0.37097424268722534
1829,105,3919,0.37088337540626526
1830,105,3816,0.3708469569683075
1831,105,1036,0.37081146240234375
1832,105,3546,0.3708016872406006
1833,105,1265,0.37078794836997986
1834,105,2333,0.3707042932510376
1835,105,3839,0.3706732392311096
1836,105,581,0.37066927552223206
1837,105,2001,0.37060806155204773
1838,105,354,0.37060534954071045
1839,105,3271,0.3706040680408478
1840,105,1367,0.3705931603908539
1841,105,1870,0.37057116627693176
1842,105,2243,0.37053799629211426
1843,105,745,0.3704547584056854
1844,105,1119,0.37037697434425354
1845,105,2760,0.3703485131263733
1846,105,3126,0.3703468441963196
1847,105,3308,0.3703085482120514
1848,105,10,0.37029561400413513
1849,105,795,0.37029239535331726
1850,105,1764,0.3702496886253357
1851,105,403,0.37017887830734253
1852,105,3032,0.3700729310512543
1853,105,2265,0.36999961733818054
1854,105,1754,0.3699573278427124
1855,105,893,0.3699338734149933
1856,105,1916,0.36991575360298157
1857,105,2159,0.36982178688049316
1858,105,3503,0.36974185705184937
1859,105,3106,0.36963582038879395
1860,105,4334,0.36960679292678833
1861,105,959,0.3696048855781555
1862,105,1978,0.3693690001964569
1863,105,2218,0.3693429231643677
1864,105,4175,0.36933332681655884
1865,105,181,0.3692396879196167
1866,105,1050,0.36919915676116943
1867,105,2099,0.3691489100456238
1868,105,4388,0.3690580725669861
1869,105,651,0.3690095543861389
1870,105,319,0.36896800994873047
1871,105,1632,0.36889293789863586
1872,105,4198,0.36882418394088745
1873,105,1240,0.36879944801330566
1874,105,1713,0.36875423789024353
1875,105,3254,0.3687437176704407
1876,105,2043,0.36871904134750366
1877,105,84,0.3684033453464508
1878,105,1183,0.3684033453464508
1879,105,3695,0.3683790862560272
1880,105,872,0.3683100640773773
1881,105,829,0.3682669401168823
1882,105,1304,0.3682401180267334
1883,105,4141,0.368234246969223
1884,105,4409,0.36820852756500244
1885,105,643,0.3682059943675995
1886,105,2705,0.368180513381958
1887,105,2438,0.3680368661880493
1888,105,1258,0.3680361211299896
1889,105,1464,0.3679194152355194
1890,105,635,0.36787116527557373
1891,105,4408,0.3678359091281891
1892,105,2293,0.3677974343299866
1893,105,2044,0.36776259541511536
1894,105,1646,0.3674872815608978
1895,105,3326,0.3674870431423187
1896,105,688,0.3674626052379608
1897,105,3770,0.3674435019493103
1898,105,549,0.36743107438087463
1899,105,2934,0.36741533875465393
1900,105,799,0.367394357919693
1901,105,3463,0.3673399090766907
1902,105,1742,0.3673059940338135
1903,105,3670,0.36729949712753296
1904,105,2419,0.3672892153263092
1905,105,3124,0.3672579824924469
1906,105,2332,0.3671053647994995
1907,105,2230,0.3671002984046936
1908,105,89,0.36701247096061707
1909,105,561,0.36699867248535156
1910,105,2624,0.36697638034820557
1911,105,3587,0.3669005036354065
1912,105,42,0.3668529987335205
1913,105,3840,0.36679211258888245
1914,105,2156,0.3667623698711395
1915,105,2431,0.36668723821640015
1916,105,973,0.3666855990886688
1917,105,2482,0.3666270077228546
1918,105,1279,0.36659929156303406
1919,105,3542,0.36629489064216614
1920,105,2326,0.3662394881248474
1921,105,2649,0.3662192225456238
1922,105,3968,0.36611729860305786
1923,105,1704,0.36606037616729736
1924,105,3651,0.3660386800765991
1925,105,2212,0.36600321531295776
1926,105,2085,0.36599627137184143
1927,105,2576,0.36596959829330444
1928,105,694,0.36596402525901794
1929,105,3500,0.36594438552856445
1930,105,3361,0.3659248352050781
1931,105,3077,0.3657153248786926
1932,105,3672,0.36560961604118347
1933,105,1137,0.36550015211105347
1934,105,169,0.36547765135765076
1935,105,1266,0.36542633175849915
1936,105,4088,0.36532431840896606
1937,105,3572,0.3652416467666626
1938,105,672,0.36517804861068726
1939,105,1724,0.3651297390460968
1940,105,3223,0.36508360505104065
1941,105,2280,0.3650772273540497
1942,105,1788,0.3649895191192627
1943,105,1998,0.3649294078350067
1944,105,3115,0.36486929655075073
1945,105,1723,0.3648562431335449
1946,105,4358,0.36479106545448303
1947,105,3460,0.3647763729095459
1948,105,3362,0.3646085262298584
1949,105,1698,0.3645332157611847
1950,105,1066,0.3644094467163086
1951,105,133,0.3644035756587982
1952,105,3671,0.36419105529785156
1953,105,4104,0.36418527364730835
1954,105,1883,0.3640662729740143
1955,105,2262,0.363887757062912
1956,105,2483,0.3637872636318207
1957,105,74,0.3635658919811249
1958,105,2634,0.363493412733078
1959,105,1972,0.3634517192840576
1960,105,2054,0.3634311258792877
1961,105,1146,0.3633686304092407
1962,105,4322,0.36332401633262634
1963,105,3366,0.3632751405239105
1964,105,632,0.3632655739784241
1965,105,4246,0.36324816942214966
1966,105,4434,0.36313197016716003
1967,105,1576,0.3630084693431854
1968,105,1837,0.3629981279373169
1969,105,249,0.362981915473938
1970,105,4259,0.3629292845726013
1971,105,3397,0.36283066868782043
1972,105,313,0.36282986402511597
1973,105,912,0.362748920917511
1974,105,1919,0.3626936674118042
1975,105,233,0.36269018054008484
1976,105,2160,0.36267560720443726
1977,105,2451,0.36266982555389404
1978,105,3721,0.36261916160583496
1979,105,1710,0.36261120438575745
1980,105,215,0.3625298738479614
1981,105,2610,0.36252307891845703
1982,105,636,0.36251500248908997
1983,105,3455,0.3624138832092285
1984,105,54,0.36237698793411255
1985,105,1702,0.36236557364463806
1986,105,758,0.3623271584510803
1987,105,2690,0.36232122778892517
1988,105,2077,0.36227846145629883
1989,105,1635,0.36225730180740356
1990,105,3294,0.36224281787872314
1991,105,3096,0.36217036843299866
1992,105,138,0.36213186383247375
1993,105,1427,0.3621276617050171
1994,105,3894,0.362073689699173
1995,105,1813,0.36201152205467224
1996,105,971,0.36194851994514465
1997,105,840,0.36191704869270325
1998,105,3007,0.36184096336364746
1999,105,3389,0.36172568798065186
2000,105,2500,0.3616737425327301
2001,105,1453,0.36159393191337585
2002,105,2370,0.36158987879753113
2003,105,4252,0.3615886867046356
2004,105,2813,0.36152297258377075
2005,105,1209,0.3615134656429291
2006,105,4450,0.3614563047885895
2007,105,33,0.361430287361145
2008,105,1674,0.3613792955875397
2009,105,4038,0.3612610399723053
2010,105,2186,0.3612361550331116
2011,105,3765,0.36118999123573303
2012,105,2411,0.36118656396865845
2013,105,606,0.36114880442619324
2014,105,2921,0.36109399795532227
2015,105,1155,0.3610011041164398
2016,105,3421,0.360963374376297
2017,105,3496,0.360941618680954
2018,105,65,0.3608566224575043
2019,105,3965,0.3606918454170227
2020,105,834,0.3606899082660675
2021,105,4048,0.36064714193344116
2022,105,1834,0.36061733961105347
2023,105,254,0.36051371693611145
2024,105,589,0.36046791076660156
2025,105,1604,0.36042556166648865
2026,105,1120,0.3603939116001129
2027,105,4290,0.36031052470207214
2028,105,3683,0.3603046238422394
2029,105,4058,0.360243558883667
2030,105,575,0.36023470759391785
2031,105,1028,0.36014682054519653
2032,105,2197,0.3599867522716522
2033,105,3347,0.3599384129047394
2034,105,2185,0.3597950339317322
2035,105,3263,0.35972607135772705
2036,105,122,0.35956066846847534
2037,105,2056,0.3593747317790985
2038,105,3360,0.359315425157547
2039,105,3849,0.35926175117492676
2040,105,2302,0.3592170178890228
2041,105,2745,0.3592141568660736
2042,105,4021,0.3591366410255432
2043,105,2406,0.3590222895145416
2044,105,3153,0.3590165376663208
2045,105,1344,0.3590027987957001
2046,105,2946,0.3589812219142914
2047,105,2558,0.3588135540485382
2048,105,1455,0.35879430174827576
2049,105,4023,0.3587625026702881
2050,105,3101,0.35871100425720215
2051,105,3557,0.358633816242218
2052,105,2188,0.3585982024669647
2053,105,3071,0.3585078716278076
2054,105,2463,0.35837259888648987
2055,105,4215,0.3583239018917084
2056,105,336,0.3583110570907593
2057,105,3728,0.3582519590854645
2058,105,2487,0.35821372270584106
2059,105,1041,0.35820209980010986
2060,105,3538,0.35817012190818787
2061,105,584,0.3581620156764984
2062,105,880,0.3581351935863495
2063,105,107,0.35797151923179626
2064,105,1622,0.35796448588371277
2065,105,2467,0.35791707038879395
2066,105,2389,0.3577938675880432
2067,105,3806,0.35774320363998413
2068,105,2734,0.35770168900489807
2069,105,1101,0.35752275586128235
2070,105,2726,0.35743680596351624
2071,105,1838,0.35726287961006165
2072,105,1825,0.35714191198349
2073,105,2713,0.3571167290210724
2074,105,713,0.3570673167705536
2075,105,3402,0.35704365372657776
2076,105,2640,0.35700371861457825
2077,105,422,0.35693883895874023
2078,105,3582,0.35686615109443665
2079,105,1587,0.3568350374698639
2080,105,2284,0.3568034768104553
2081,105,2569,0.3567994236946106
2082,105,3710,0.3567720055580139
2083,105,2303,0.3567120432853699
2084,105,1878,0.3566918969154358
2085,105,2158,0.3566654920578003
2086,105,3812,0.3564336597919464
2087,105,3774,0.3563726842403412
2088,105,4270,0.3563501536846161
2089,105,1340,0.3563344180583954
2090,105,3056,0.3562949597835541
2091,105,1461,0.3562548756599426
2092,105,3339,0.3562436103820801
2093,105,1722,0.3562428057193756
2094,105,3835,0.35621726512908936
2095,105,3063,0.3561866283416748
2096,105,2409,0.3561636805534363
2097,105,2295,0.35601890087127686
2098,105,1144,0.355954110622406
2099,105,1762,0.35594406723976135
2100,105,3119,0.355928510427475
2101,105,576,0.3559216260910034
2102,105,2767,0.35587695240974426
2103,105,1875,0.35572293400764465
2104,105,3287,0.35569503903388977
2105,105,1651,0.35562363266944885
2106,105,905,0.35556769371032715
2107,105,3749,0.3555563986301422
2108,105,369,0.35551631450653076
2109,105,4343,0.35545337200164795
2110,105,3457,0.35542306303977966
2111,105,1700,0.35533806681632996
2112,105,1244,0.35532981157302856
2113,105,3224,0.3552730679512024
2114,105,3488,0.35521960258483887
2115,105,2074,0.35516417026519775
2116,105,3272,0.3551405370235443
2117,105,3381,0.3551183044910431
2118,105,3005,0.3550664484500885
2119,105,2255,0.35500097274780273
2120,105,2490,0.3549776077270508
2121,105,3625,0.3548242449760437
2122,105,2226,0.35482046008110046
2123,105,888,0.3548021912574768
2124,105,3149,0.35478106141090393
2125,105,3346,0.35474660992622375
2126,105,3955,0.35473382472991943
2127,105,2968,0.35473376512527466
2128,105,1582,0.35471615195274353
2129,105,2365,0.3546932339668274
2130,105,1857,0.3545839786529541
2131,105,3733,0.3545807898044586
2132,105,3398,0.3545350134372711
2133,105,1227,0.3544005751609802
2134,105,2247,0.3542170226573944
2135,105,269,0.3542005121707916
2136,105,2860,0.35414835810661316
2137,105,3846,0.35407254099845886
2138,105,2373,0.3540009558200836
2139,105,1949,0.35398489236831665
2140,105,3068,0.3539072871208191
2141,105,3992,0.35380324721336365
2142,105,2367,0.353797048330307
2143,105,3973,0.3536348342895508
2144,105,3155,0.35359975695610046
2145,105,2943,0.3535275161266327
2146,105,3491,0.3535202741622925
2147,105,3643,0.3534961938858032
2148,105,1437,0.3533135950565338
2149,105,2752,0.35321545600891113
2150,105,1,0.353029727935791
2151,105,1159,0.3529457747936249
2152,105,1691,0.3528764247894287
2153,105,218,0.3528502583503723
2154,105,3284,0.35282450914382935
2155,105,2884,0.3527577221393585
2156,105,1877,0.35269296169281006
2157,105,1759,0.35267266631126404
2158,105,4416,0.3526321053504944
2159,105,903,0.3525574505329132
2160,105,1593,0.35255008935928345
2161,105,705,0.3524765074253082
2162,105,3976,0.35247331857681274
2163,105,695,0.3524665832519531
2164,105,1215,0.3524560034275055
2165,105,3100,0.35238465666770935
2166,105,1382,0.35235846042633057
2167,105,1960,0.35229724645614624
2168,105,1170,0.35223299264907837
2169,105,488,0.35197463631629944
2170,105,1286,0.35176682472229004
2171,105,3901,0.35168930888175964
2172,105,3118,0.3516860902309418
2173,105,3051,0.3515956997871399
2174,105,124,0.35153698921203613
2175,105,1835,0.35123658180236816
2176,105,4,0.3512148857116699
2177,105,2131,0.3511870801448822
2178,105,3276,0.3511447012424469
2179,105,2775,0.3511100113391876
2180,105,180,0.35099419951438904
2181,105,2929,0.35096561908721924
2182,105,121,0.35091260075569153
2183,105,3962,0.35080552101135254
2184,105,3107,0.35061243176460266
2185,105,899,0.3505136966705322
2186,105,2314,0.3503662049770355
2187,105,3265,0.3503420948982239
2188,105,1327,0.35030126571655273
2189,105,3477,0.35024493932724
2190,105,2927,0.35023313760757446
2191,105,2817,0.35019004344940186
2192,105,2009,0.3501386344432831
2193,105,2710,0.35002198815345764
2194,105,3448,0.3499322235584259
2195,105,3111,0.3498246669769287
2196,105,2588,0.34978917241096497
2197,105,3744,0.3497287631034851
2198,105,1681,0.34970569610595703
2199,105,2579,0.34968864917755127
2200,105,3530,0.3496752679347992
2201,105,1029,0.3496716022491455
2202,105,3969,0.349660724401474
2203,105,3679,0.3496125638484955
2204,105,1662,0.34961217641830444
2205,105,48,0.34949541091918945
2206,105,2272,0.349421888589859
2207,105,802,0.34934520721435547
2208,105,4324,0.3493357300758362
2209,105,2623,0.34930312633514404
2210,105,3928,0.3491572141647339
2211,105,3726,0.34907910227775574
2212,105,127,0.34905990958213806
2213,105,4338,0.34903568029403687
2214,105,326,0.3489803373813629
2215,105,2404,0.34897732734680176
2216,105,305,0.3489478528499603
2217,105,404,0.3489439785480499
2218,105,3406,0.3489261567592621
2219,105,2250,0.34883129596710205
2220,105,2830,0.3487871587276459
2221,105,1856,0.3487870991230011
2222,105,2062,0.3486705720424652
2223,105,1751,0.34862062335014343
2224,105,3,0.34853318333625793
2225,105,2108,0.3484651446342468
2226,105,3255,0.34844428300857544
2227,105,3879,0.3484285771846771
2228,105,4410,0.3483979403972626
2229,105,2470,0.3483438789844513
2230,105,2454,0.34830623865127563
2231,105,583,0.3483041226863861
2232,105,1726,0.3482578694820404
2233,105,393,0.34824103116989136
2234,105,1872,0.3482343554496765
2235,105,1166,0.34823018312454224
2236,105,972,0.34821683168411255
2237,105,2869,0.34814876317977905
2238,105,3508,0.34809747338294983
2239,105,1648,0.34795647859573364
2240,105,2856,0.34785333275794983
2241,105,4204,0.34779092669487
2242,105,3951,0.34778541326522827
2243,105,1512,0.3476717472076416
2244,105,203,0.34762847423553467
2245,105,425,0.3475933372974396
2246,105,886,0.3475837707519531
2247,105,4149,0.3475024998188019
2248,105,2804,0.34744706749916077
2249,105,490,0.3473551869392395
2250,105,1134,0.3473449945449829
2251,105,3216,0.347133070230484
2252,105,553,0.34712696075439453
2253,105,1440,0.34709709882736206
2254,105,2525,0.34707966446876526
2255,105,349,0.34705206751823425
2256,105,2361,0.34704020619392395
2257,105,1301,0.3469920754432678
2258,105,2466,0.34689778089523315
2259,105,2928,0.34674015641212463
2260,105,3210,0.3467268943786621
2261,105,630,0.3466798961162567
2262,105,2497,0.3466045558452606
2263,105,1343,0.34655553102493286
2264,105,2969,0.34640583395957947
2265,105,816,0.34639644622802734
2266,105,3221,0.3462671637535095
2267,105,234,0.34624314308166504
2268,105,3425,0.34620457887649536
2269,105,3384,0.34614986181259155
2270,105,1037,0.3461463749408722
2271,105,1821,0.34611713886260986
2272,105,109,0.3460528254508972
2273,105,3105,0.3459606468677521
2274,105,1981,0.34583863615989685
2275,105,329,0.3458370268344879
2276,105,637,0.34583207964897156
2277,105,2604,0.3458009958267212
2278,105,4028,0.3456404209136963
2279,105,3792,0.34562110900878906
2280,105,1703,0.34561848640441895
2281,105,545,0.34559017419815063
2282,105,2978,0.3455575406551361
2283,105,641,0.34544819593429565
2284,105,3537,0.3454229533672333
2285,105,1489,0.34540629386901855
2286,105,2958,0.34539589285850525
2287,105,1321,0.3453601002693176
2288,105,389,0.34533557295799255
2289,105,1188,0.34532082080841064
2290,105,333,0.3453030586242676
2291,105,161,0.3452763259410858
2292,105,2259,0.3452457785606384
2293,105,4335,0.34524521231651306
2294,105,2660,0.34521570801734924
2295,105,3714,0.34514838457107544
2296,105,3909,0.34511762857437134
2297,105,3138,0.34505099058151245
2298,105,2462,0.34501734375953674
2299,105,174,0.34500378370285034
2300,105,3325,0.3449515700340271
2301,105,2523,0.34474465250968933
2302,105,481,0.34474191069602966
2303,105,698,0.34474068880081177
2304,105,1093,0.34469959139823914
2305,105,2811,0.34469541907310486
2306,105,3053,0.3446089029312134
2307,105,1589,0.34459206461906433
2308,105,2609,0.3445355296134949
2309,105,3736,0.3443843126296997
2310,105,1496,0.34433165192604065
2311,105,4389,0.3442992568016052
2312,105,1449,0.34423723816871643
2313,105,2546,0.3442362844944
2314,105,2940,0.3442326486110687
2315,105,4332,0.344218909740448
2316,105,4429,0.34418803453445435
2317,105,4120,0.34411704540252686
2318,105,824,0.34407028555870056
2319,105,2697,0.34405437111854553
2320,105,2213,0.34399792551994324
2321,105,3584,0.3439606726169586
2322,105,4031,0.34393638372421265
2323,105,4330,0.34392935037612915
2324,105,3120,0.3438914120197296
2325,105,3334,0.34376707673072815
2326,105,1801,0.34368374943733215
2327,105,4349,0.3436727225780487
2328,105,3176,0.3436720371246338
2329,105,3201,0.3435863256454468
2330,105,1559,0.3434840738773346
2331,105,1412,0.3434840738773346
2332,105,814,0.3434375524520874
2333,105,1774,0.3434254229068756
2334,105,90,0.3433803617954254
2335,105,1657,0.3432094156742096
2336,105,1984,0.3432038426399231
2337,105,58,0.34306320548057556
2338,105,3465,0.3429378867149353
2339,105,2290,0.3428996205329895
2340,105,1609,0.3427371084690094
2341,105,312,0.3427043557167053
2342,105,1915,0.3426763713359833
2343,105,1254,0.3426567316055298
2344,105,611,0.34265539050102234
2345,105,2468,0.3426385521888733
2346,105,302,0.34254950284957886
2347,105,2582,0.3424747586250305
2348,105,2340,0.34242352843284607
2349,105,2698,0.34236353635787964
2350,105,2602,0.34230613708496094
2351,105,2655,0.3421507179737091
2352,105,3891,0.34209948778152466
2353,105,3466,0.3420679271221161
2354,105,2450,0.34204548597335815
2355,105,2740,0.342031866312027
2356,105,1846,0.342031866312027
2357,105,244,0.3420255184173584
2358,105,4180,0.3419513404369354
2359,105,1540,0.34194058179855347
2360,105,1879,0.3419153392314911
2361,105,3545,0.34185558557510376
2362,105,1011,0.3418239951133728
2363,105,3980,0.34181663393974304
2364,105,1297,0.3418098986148834
2365,105,2999,0.34180837869644165
2366,105,3345,0.34176909923553467
2367,105,1358,0.34164997935295105
2368,105,1796,0.3415772616863251
2369,105,2341,0.34155380725860596
2370,105,3014,0.3414856195449829
2371,105,2444,0.34144067764282227
2372,105,3501,0.3413574695587158
2373,105,2948,0.34135642647743225
2374,105,858,0.3413262367248535
2375,105,942,0.3413258492946625
2376,105,4212,0.34131160378456116
2377,105,590,0.3412620425224304
2378,105,4197,0.34121188521385193
2379,105,4082,0.34117016196250916
2380,105,4469,0.341147780418396
2381,105,774,0.3410910367965698
2382,105,2592,0.34103837609291077
2383,105,2142,0.34097203612327576
2384,105,3033,0.34094566106796265
2385,105,2866,0.34089425206184387
2386,105,1994,0.3408171534538269
2387,105,2801,0.340676486492157
2388,105,484,0.34064409136772156
2389,105,2747,0.3406147360801697
2390,105,2949,0.3405601680278778
2391,105,963,0.3405528962612152
2392,105,783,0.34048452973365784
2393,105,743,0.3404568135738373
2394,105,693,0.34043148159980774
2395,105,697,0.34041082859039307
2396,105,3323,0.3403620719909668
2397,105,1910,0.34023773670196533
2398,105,1354,0.34011197090148926
2399,105,4105,0.34011110663414
2400,105,3760,0.34008607268333435
2401,105,2443,0.34006205201148987
2402,105,2073,0.34004947543144226
2403,105,2789,0.34004685282707214
2404,105,2210,0.33999186754226685
2405,105,904,0.3398764431476593
2406,105,2322,0.3398701250553131
2407,105,4137,0.3397514522075653
2408,105,2445,0.33971166610717773
2409,105,529,0.3396264314651489
2410,105,1667,0.3395758867263794
2411,105,1352,0.3395572006702423
2412,105,4062,0.33939528465270996
2413,105,2102,0.3392941951751709
2414,105,3128,0.3392857015132904
2415,105,2619,0.33928224444389343
2416,105,3682,0.3392668664455414
2417,105,812,0.3392464220523834
2418,105,2628,0.33917030692100525
2419,105,2353,0.33915284276008606
2420,105,2759,0.3390377461910248
2421,105,1758,0.33898651599884033
2422,105,2808,0.3389740586280823
2423,105,2346,0.3389381170272827
2424,105,3579,0.3389059603214264
2425,105,3559,0.33888301253318787
2426,105,76,0.3388172686100006
2427,105,2372,0.33880212903022766
2428,105,2020,0.33876803517341614
2429,105,2785,0.3387676477432251
2430,105,729,0.33870261907577515
2431,105,1283,0.3386719226837158
2432,105,3172,0.33862048387527466
2433,105,1953,0.33850473165512085
2434,105,2475,0.33838072419166565
2435,105,1267,0.3382118344306946
2436,105,3940,0.3378988206386566
2437,105,685,0.33779284358024597
2438,105,3727,0.33772435784339905
2439,105,1999,0.33764904737472534
2440,105,3644,0.33759987354278564
2441,105,3249,0.33756372332572937
2442,105,3519,0.3375559449195862
2443,105,557,0.337495893239975
2444,105,137,0.33745211362838745
2445,105,3267,0.33734408020973206
2446,105,2615,0.33726873993873596
2447,105,3703,0.3371953070163727
2448,105,63,0.3371883034706116
2449,105,2190,0.3371848464012146
2450,105,3722,0.33711907267570496
2451,105,1357,0.33708474040031433
2452,105,1079,0.33704498410224915
2453,105,365,0.33700084686279297
2454,105,4383,0.3368990123271942
2455,105,2081,0.33679893612861633
2456,105,2621,0.336744487285614
2457,105,2337,0.33661600947380066
2458,105,2374,0.33661577105522156
2459,105,1840,0.3366132378578186
2460,105,2754,0.33657997846603394
2461,105,1773,0.3365103304386139
2462,105,1784,0.3363358974456787
2463,105,3034,0.3362995684146881
2464,105,3920,0.3362388014793396
2465,105,2662,0.3362148404121399
2466,105,294,0.3361146152019501
2467,105,3104,0.3360917568206787
2468,105,3253,0.33604708313941956
2469,105,784,0.3359939455986023
2470,105,1009,0.33598288893699646
2471,105,3763,0.3359234035015106
2472,105,2974,0.33587250113487244
2473,105,527,0.3358657956123352
2474,105,3606,0.3358321785926819
2475,105,1047,0.3358111083507538
2476,105,1552,0.33561015129089355
2477,105,4228,0.33556005358695984
2478,105,2515,0.3355584144592285
2479,105,1682,0.3355380594730377
2480,105,2815,0.33544647693634033
2481,105,805,0.3354341983795166
2482,105,909,0.33529871702194214
2483,105,142,0.3352896273136139
2484,105,129,0.3352736830711365
2485,105,2425,0.3350502848625183
2486,105,2587,0.33491459488868713
2487,105,3732,0.3348572254180908
2488,105,2067,0.3348056375980377
2489,105,509,0.33479082584381104
2490,105,3834,0.3347211480140686
2491,105,2933,0.3346891701221466
2492,105,1950,0.33466169238090515
2493,105,3691,0.3345520794391632
2494,105,518,0.3345451056957245
2495,105,337,0.33447882533073425
2496,105,2028,0.3343466818332672
2497,105,1979,0.3343358635902405
2498,105,2503,0.334319144487381
2499,105,1100,0.3343169689178467
2500,105,1233,0.3342893719673157
2501,105,3737,0.3342877924442291
2502,105,3178,0.33425942063331604
2503,105,1189,0.3342593312263489
2504,105,352,0.3342490494251251
2505,105,1417,0.3342114984989166
2506,105,4155,0.33419492840766907
2507,105,3117,0.3341442942619324
2508,105,2266,0.3341255784034729
2509,105,3368,0.3340037763118744
2510,105,3615,0.3338438868522644
2511,105,4254,0.3338380455970764
2512,105,994,0.33376047015190125
2513,105,1770,0.3337385356426239
2514,105,82,0.33371078968048096
2515,105,1246,0.3337070345878601
2516,105,884,0.33370304107666016
2517,105,293,0.33367598056793213
2518,105,3456,0.33355411887168884
2519,105,4329,0.3335361182689667
2520,105,1790,0.33343493938446045
2521,105,855,0.33338117599487305
2522,105,4428,0.3333407938480377
2523,105,4060,0.3333280682563782
2524,105,669,0.3333185911178589
2525,105,1814,0.3332861065864563
2526,105,1734,0.3332691490650177
2527,105,1827,0.3330974578857422
2528,105,1346,0.3330361545085907
2529,105,3523,0.3330328166484833
2530,105,2493,0.33295726776123047
2531,105,790,0.33289211988449097
2532,105,1154,0.3328785002231598
2533,105,3095,0.3328667879104614
2534,105,4006,0.332853227853775
2535,105,2826,0.33283668756484985
2536,105,2829,0.33282601833343506
2537,105,36,0.3327368199825287
2538,105,1501,0.332675963640213
2539,105,3376,0.3325629234313965
2540,105,1294,0.332556813955307
2541,105,3259,0.3325257897377014
2542,105,2982,0.33247286081314087
2543,105,2822,0.33241787552833557
2544,105,2729,0.3324049413204193
2545,105,2509,0.33240440487861633
2546,105,3166,0.3324030041694641
2547,105,3863,0.3323614299297333
2548,105,1943,0.3323495090007782
2549,105,1175,0.33221256732940674
2550,105,341,0.332175076007843
2551,105,360,0.33209192752838135
2552,105,1638,0.33205264806747437
2553,105,3747,0.3319684565067291
2554,105,134,0.3319562077522278
2555,105,2730,0.33191317319869995
2556,105,3937,0.331805020570755
2557,105,3998,0.3317797780036926
2558,105,4480,0.33171093463897705
2559,105,1947,0.33169716596603394
2560,105,690,0.33164340257644653
2561,105,3239,0.33164310455322266
2562,105,2097,0.3316391408443451
2563,105,1527,0.33150070905685425
2564,105,1720,0.3314996063709259
2565,105,3780,0.33140432834625244
2566,105,3713,0.33139047026634216
2567,105,2154,0.33128821849823
2568,105,2223,0.331264853477478
2569,105,2594,0.3312643766403198
2570,105,4339,0.3312508165836334
2571,105,1339,0.331239253282547
2572,105,3088,0.33107510209083557
2573,105,1725,0.3310236632823944
2574,105,45,0.3309863209724426
2575,105,950,0.3308819830417633
2576,105,1287,0.33080628514289856
2577,105,3686,0.3307729661464691
2578,105,2494,0.33066511154174805
2579,105,3535,0.33064115047454834
2580,105,2821,0.33053186535835266
2581,105,711,0.33049240708351135
2582,105,2796,0.3304896652698517
2583,105,149,0.33047783374786377
2584,105,823,0.3304532766342163
2585,105,3440,0.33044880628585815
2586,105,1401,0.3303532004356384
2587,105,3548,0.33019325137138367
2588,105,836,0.3301747441291809
2589,105,1386,0.33017173409461975
2590,105,434,0.3301137387752533
2591,105,2094,0.33007583022117615
2592,105,4029,0.33000972867012024
2593,105,2881,0.3299611508846283
2594,105,1804,0.3299260139465332
2595,105,3627,0.3298434615135193
2596,105,1482,0.32979610562324524
2597,105,3932,0.32976987957954407
2598,105,660,0.329668790102005
2599,105,787,0.32959991693496704
2600,105,3630,0.3295212686061859
2601,105,934,0.3295169174671173
2602,105,1110,0.32949474453926086
2603,105,3626,0.329375296831131
2604,105,3878,0.32936346530914307
2605,105,1955,0.3292710781097412
2606,105,3517,0.3292691707611084
2607,105,4136,0.3291906714439392
2608,105,1874,0.3291282057762146
2609,105,3498,0.32905641198158264
2610,105,2358,0.329029381275177
2611,105,1405,0.3289380669593811
2612,105,2344,0.32885998487472534
2613,105,572,0.3288165032863617
2614,105,1503,0.3288131356239319
2615,105,1649,0.3288119435310364
2616,105,2833,0.32878369092941284
2617,105,3656,0.328754723072052
2618,105,646,0.32866182923316956
2619,105,2642,0.32862919569015503
2620,105,1755,0.3286246657371521
2621,105,633,0.3286151885986328
2622,105,444,0.3285997807979584
2623,105,1116,0.3285966217517853
2624,105,2045,0.3285219371318817
2625,105,831,0.3283519446849823
2626,105,608,0.3282967209815979
2627,105,977,0.32820209860801697
2628,105,1864,0.328042209148407
2629,105,4346,0.32790374755859375
2630,105,1112,0.32782506942749023
2631,105,461,0.3277280926704407
2632,105,2421,0.32771340012550354
2633,105,2540,0.32763591408729553
2634,105,1969,0.32762959599494934
2635,105,3855,0.32762381434440613
2636,105,1709,0.32752496004104614
2637,105,1024,0.3274807631969452
2638,105,2357,0.32747533917427063
2639,105,179,0.327450156211853
2640,105,2831,0.32737693190574646
2641,105,3513,0.32737547159194946
2642,105,1241,0.32733118534088135
2643,105,706,0.3273155987262726
2644,105,991,0.32730832695961
2645,105,2292,0.3272439241409302
2646,105,2021,0.32719531655311584
2647,105,1072,0.3271852433681488
2648,105,253,0.3271527886390686
2649,105,910,0.3271182179450989
2650,105,2994,0.32707053422927856
2651,105,80,0.3269609808921814
2652,105,2242,0.32689768075942993
2653,105,3379,0.32680290937423706
2654,105,1608,0.32651060819625854
2655,105,3479,0.32644593715667725
2656,105,2184,0.3262379467487335
2657,105,3146,0.3261719048023224
2658,105,1478,0.3261510729789734
2659,105,2217,0.32615092396736145
2660,105,1313,0.32600581645965576
2661,105,3509,0.32593047618865967
2662,105,257,0.32588157057762146
2663,105,952,0.325819194316864
2664,105,1940,0.3258061707019806
2665,105,335,0.32577478885650635
2666,105,898,0.3256697654724121
2667,105,2359,0.3256615698337555
2668,105,827,0.3255211412906647
2669,105,2788,0.32551291584968567
2670,105,883,0.3255068063735962
2671,105,2643,0.32548606395721436
2672,105,2626,0.325474351644516
2673,105,1882,0.3254740238189697
2674,105,159,0.32543277740478516
2675,105,2019,0.3253401815891266
2676,105,2913,0.3253324031829834
2677,105,2753,0.32520174980163574
2678,105,3367,0.3251200020313263
2679,105,3715,0.3250255286693573
2680,105,2924,0.3250042796134949
2681,105,2110,0.3249855041503906
2682,105,1712,0.3249458372592926
2683,105,4470,0.3249163329601288
2684,105,3790,0.3248782753944397
2685,105,2777,0.3248736262321472
2686,105,1468,0.32487019896507263
2687,105,4397,0.32485446333885193
2688,105,3093,0.32478439807891846
2689,105,3461,0.32472357153892517
2690,105,346,0.3246225118637085
2691,105,1977,0.3245357573032379
2692,105,3383,0.3244571387767792
2693,105,870,0.32444632053375244
2694,105,3416,0.32443928718566895
2695,105,631,0.3244333565235138
2696,105,4456,0.32433056831359863
2697,105,2251,0.32432863116264343
2698,105,2209,0.32432037591934204
2699,105,930,0.32431063055992126
2700,105,3522,0.3242975175380707
2701,105,2208,0.3241615295410156
2702,105,73,0.3241202235221863
2703,105,1447,0.3241167664527893
2704,105,1793,0.32397985458374023
2705,105,2211,0.3238605558872223
2706,105,546,0.32385891675949097
2707,105,3697,0.3236680328845978
2708,105,2878,0.3234715461730957
2709,105,2140,0.32336971163749695
2710,105,321,0.3233397901058197
2711,105,2207,0.32331013679504395
2712,105,3049,0.3232714831829071
2713,105,978,0.32326868176460266
2714,105,2393,0.3232586681842804
2715,105,2456,0.32320842146873474
2716,105,1671,0.32320842146873474
2717,105,3851,0.32319021224975586
2718,105,3592,0.3231746554374695
2719,105,1288,0.3230806291103363
2720,105,845,0.3229704201221466
2721,105,2229,0.32283860445022583
2722,105,3554,0.32269787788391113
2723,105,2622,0.32259517908096313
2724,105,75,0.3225423991680145
2725,105,2164,0.3225014805793762
2726,105,524,0.3224167227745056
2727,105,2892,0.3223775029182434
2728,105,833,0.3223685026168823
2729,105,3688,0.322359174489975
2730,105,3055,0.322283536195755
2731,105,2876,0.32218068838119507
2732,105,1493,0.32211801409721375
2733,105,868,0.3220928907394409
2734,105,2114,0.32207927107810974
2735,105,4169,0.32195842266082764
2736,105,1933,0.3219378590583801
2737,105,3279,0.3219347894191742
2738,105,280,0.3219302296638489
2739,105,1309,0.3218168020248413
2740,105,445,0.3217589259147644
2741,105,3750,0.32174479961395264
2742,105,3841,0.3216994106769562
2743,105,243,0.32165393233299255
2744,105,2479,0.32156336307525635
2745,105,614,0.3215542733669281
2746,105,2124,0.32145610451698303
2747,105,135,0.3213686943054199
2748,105,2868,0.32131052017211914
2749,105,3709,0.32124650478363037
2750,105,3789,0.3212222158908844
2751,105,523,0.32120075821876526
2752,105,1326,0.32115522027015686
2753,105,3018,0.32115045189857483
2754,105,1396,0.32103675603866577
2755,105,2277,0.32099977135658264
2756,105,3487,0.32093119621276855
2757,105,2564,0.32089900970458984
2758,105,1369,0.32081329822540283
2759,105,2641,0.3208123445510864
2760,105,495,0.32072630524635315
2761,105,2847,0.3207060694694519
2762,105,778,0.3206971287727356
2763,105,4345,0.3206922709941864
2764,105,3348,0.32068559527397156
2765,105,1085,0.3206409811973572
2766,105,4004,0.32061007618904114
2767,105,4113,0.3205977976322174
2768,105,849,0.3205946981906891
2769,105,1809,0.32049280405044556
2770,105,2790,0.32041677832603455
2771,105,2715,0.320402055978775
2772,105,4152,0.32039639353752136
2773,105,1717,0.3203316926956177
2774,105,1445,0.32026857137680054
2775,105,1775,0.32024532556533813
2776,105,4068,0.32013949751853943
2777,105,2371,0.3200415074825287
2778,105,2584,0.3199235200881958
2779,105,4181,0.31990087032318115
2780,105,291,0.3198997974395752
2781,105,4323,0.31981003284454346
2782,105,2286,0.3197859227657318
2783,105,4065,0.3197822868824005
2784,105,1377,0.31973007321357727
2785,105,1032,0.3197247087955475
2786,105,986,0.31968000531196594
2787,105,4230,0.31959301233291626
2788,105,4439,0.31955912709236145
2789,105,2323,0.31949588656425476
2790,105,1184,0.3194883465766907
2791,105,3310,0.3194723129272461
2792,105,3268,0.3194482922554016
2793,105,2423,0.31941738724708557
2794,105,2930,0.31940701603889465
2795,105,3971,0.31931596994400024
2796,105,2964,0.3192586898803711
2797,105,3660,0.31924787163734436
2798,105,2676,0.3189897835254669
2799,105,2319,0.3189530670642853
2800,105,1812,0.318653404712677
2801,105,4451,0.31865039467811584
2802,105,1624,0.3186500668525696
2803,105,2029,0.31864428520202637
2804,105,1756,0.3185798227787018
2805,105,3097,0.31850919127464294
2806,105,1971,0.31846916675567627
2807,105,1988,0.3184274435043335
2808,105,3114,0.3183711767196655
2809,105,846,0.3183301091194153
2810,105,4300,0.3183223009109497
2811,105,2922,0.3183051347732544
2812,105,4454,0.3181850016117096
2813,105,998,0.3180287182331085
2814,105,843,0.3179561495780945
2815,105,1853,0.3179459571838379
2816,105,4245,0.3179260194301605
2817,105,2083,0.31791436672210693
2818,105,700,0.317807674407959
2819,105,2952,0.31771549582481384
2820,105,2907,0.3174653649330139
2821,105,717,0.3174644112586975
2822,105,1323,0.31736892461776733
2823,105,3573,0.31730642914772034
2824,105,206,0.3173004686832428
2825,105,1766,0.31718501448631287
2826,105,3493,0.31710976362228394
2827,105,3822,0.31699472665786743
2828,105,1281,0.3169212341308594
2829,105,2680,0.3168303370475769
2830,105,4013,0.316783607006073
2831,105,413,0.31675052642822266
2832,105,4119,0.31664419174194336
2833,105,3635,0.3166371285915375
2834,105,2570,0.31661760807037354
2835,105,1168,0.3166161775588989
2836,105,2157,0.3165760934352875
2837,105,140,0.31657373905181885
2838,105,691,0.3164854347705841
2839,105,4186,0.3164826035499573
2840,105,2877,0.31645455956459045
2841,105,114,0.3164360523223877
2842,105,4374,0.31642580032348633
2843,105,1485,0.31640926003456116
2844,105,390,0.3163890838623047
2845,105,2844,0.3162565231323242
2846,105,782,0.3162413239479065
2847,105,2274,0.31618544459342957
2848,105,820,0.31618157029151917
2849,105,733,0.31609809398651123
2850,105,3312,0.3160618543624878
2851,105,1761,0.3160078525543213
2852,105,297,0.3159871995449066
2853,105,603,0.31594452261924744
2854,105,2347,0.3159302771091461
2855,105,885,0.31589412689208984
2856,105,2260,0.31583109498023987
2857,105,1714,0.31581592559814453
2858,105,1767,0.31561529636383057
2859,105,221,0.31558772921562195
2860,105,1627,0.31556177139282227
2861,105,3843,0.31551364064216614
2862,105,2339,0.3154557943344116
2863,105,3677,0.3154323101043701
2864,105,3319,0.3154166340827942
2865,105,355,0.31534358859062195
2866,105,931,0.31532999873161316
2867,105,356,0.3152778744697571
2868,105,618,0.315053790807724
2869,105,1399,0.31499630212783813
2870,105,4056,0.31496986746788025
2871,105,35,0.31491968035697937
2872,105,3430,0.3148488700389862
2873,105,3040,0.31461474299430847
2874,105,3324,0.314541220664978
2875,105,1262,0.3145023286342621
2876,105,3395,0.31449487805366516
2877,105,2320,0.31445953249931335
2878,105,2947,0.31445378065109253
2879,105,3692,0.3142390251159668
2880,105,4433,0.31419602036476135
2881,105,2179,0.3141346573829651
2882,105,1363,0.31405651569366455
2883,105,1410,0.3140109181404114
2884,105,1995,0.3139677047729492
2885,105,3029,0.313925176858902
2886,105,1411,0.31389060616493225
2887,105,439,0.3137821853160858
2888,105,3204,0.31373411417007446
2889,105,716,0.31367143988609314
2890,105,28,0.3135172426700592
2891,105,4209,0.31340306997299194
2892,105,3492,0.3133842647075653
2893,105,982,0.3133813738822937
2894,105,2291,0.3133494555950165
2895,105,347,0.31332486867904663
2896,105,436,0.3132402002811432
2897,105,175,0.3132190406322479
2898,105,3423,0.3131474256515503
2899,105,3880,0.3131202161312103
2900,105,1117,0.31310468912124634
2901,105,2893,0.3131045401096344
2902,105,4436,0.3130972385406494
2903,105,3562,0.31308767199516296
2904,105,1727,0.31301629543304443
2905,105,3158,0.3130118250846863
2906,105,451,0.31300652027130127
2907,105,385,0.3129734396934509
2908,105,1517,0.31284067034721375
2909,105,2386,0.3128341734409332
2910,105,1967,0.31268906593322754
2911,105,2916,0.3126005232334137
2912,105,3137,0.3125355541706085
2913,105,1306,0.31248706579208374
2914,105,1173,0.31245481967926025
2915,105,1715,0.3123414218425751
2916,105,2885,0.3123292326927185
2917,105,3235,0.3123253583908081
2918,105,3226,0.3122905194759369
2919,105,2459,0.31228968501091003
2920,105,3700,0.3122017979621887
2921,105,2766,0.31211405992507935
2922,105,4340,0.3120880722999573
2923,105,3831,0.3120081126689911
2924,105,862,0.3119552731513977
2925,105,2970,0.31182533502578735
2926,105,2603,0.31168973445892334
2927,105,3666,0.3116667866706848
2928,105,3820,0.31164559721946716
2929,105,4435,0.3115161955356598
2930,105,2460,0.31145620346069336
2931,105,642,0.31143122911453247
2932,105,2403,0.31142157316207886
2933,105,276,0.31134551763534546
2934,105,4402,0.3112642765045166
2935,105,2060,0.3112562596797943
2936,105,969,0.31122633814811707
2937,105,938,0.31121793389320374
2938,105,4281,0.3112073838710785
2939,105,3021,0.3111850321292877
2940,105,2221,0.31107306480407715
2941,105,452,0.31104418635368347
2942,105,922,0.3109901547431946
2943,105,311,0.31094372272491455
2944,105,126,0.31083688139915466
2945,105,3250,0.3108192980289459
2946,105,3540,0.3107752799987793
2947,105,2130,0.3106708228588104
2948,105,4256,0.31052640080451965
2949,105,699,0.3105163276195526
2950,105,4449,0.3105069100856781
2951,105,4414,0.31037095189094543
2952,105,1282,0.31035906076431274
2953,105,3073,0.31015002727508545
2954,105,1237,0.3101404905319214
2955,105,2834,0.31004205346107483
2956,105,426,0.3099685311317444
2957,105,2836,0.30994126200675964
2958,105,621,0.3098136782646179
2959,105,345,0.3097858726978302
2960,105,11,0.30974000692367554
2961,105,2402,0.30951184034347534
2962,105,3982,0.3094857931137085
2963,105,586,0.3094838559627533
2964,105,681,0.3093907833099365
2965,105,378,0.30925869941711426
2966,105,4061,0.30918776988983154
2967,105,1664,0.30911383032798767
2968,105,2360,0.30907371640205383
2969,105,2532,0.30898648500442505
2970,105,3974,0.30896613001823425
2971,105,4094,0.3089515268802643
2972,105,242,0.3088073134422302
2973,105,3748,0.30880436301231384
2974,105,262,0.3086214065551758
2975,105,2480,0.3084605634212494
2976,105,2151,0.308369904756546
2977,105,536,0.3081875443458557
2978,105,4255,0.3081417381763458
2979,105,803,0.30813899636268616
2980,105,2484,0.30813509225845337
2981,105,1147,0.3081137537956238
2982,105,236,0.3080885112285614
2983,105,3899,0.30800923705101013
2984,105,3037,0.30797672271728516
2985,105,4321,0.30781108140945435
2986,105,2318,0.3077212870121002
2987,105,1547,0.3077121675014496
2988,105,3059,0.3075689971446991
2989,105,3256,0.3075569272041321
2990,105,1782,0.3075184226036072
2991,105,1197,0.30750033259391785
2992,105,1065,0.3074961304664612
2993,105,1650,0.3074735999107361
2994,105,3024,0.3074648678302765
2995,105,2805,0.30741092562675476
2996,105,3211,0.3073841333389282
2997,105,726,0.30736643075942993
2998,105,1158,0.3073338568210602
2999,105,428,0.307302862405777
3000,105,4404,0.3071979284286499
3001,105,2112,0.30719608068466187
3002,105,1422,0.30718961358070374
3003,105,2962,0.30715224146842957
3004,105,732,0.30714067816734314
3005,105,2301,0.3070494532585144
3006,105,1083,0.30690228939056396
3007,105,3854,0.30689042806625366
3008,105,4462,0.3068609833717346
3009,105,1433,0.3068222403526306
3010,105,3601,0.3068021237850189
3011,105,3781,0.3067452013492584
3012,105,3856,0.3065134286880493
3013,105,513,0.30633682012557983
3014,105,3451,0.30631619691848755
3015,105,4157,0.3061622381210327
3016,105,123,0.306093692779541
3017,105,2362,0.3059889078140259
3018,105,724,0.30596238374710083
3019,105,882,0.3059551417827606
3020,105,722,0.30594921112060547
3021,105,3740,0.3059028089046478
3022,105,3821,0.30586689710617065
3023,105,4312,0.3057710528373718
3024,105,2496,0.30577072501182556
3025,105,2238,0.30577072501182556
3026,105,2432,0.3057268559932709
3027,105,3589,0.30566734075546265
3028,105,4341,0.30550694465637207
3029,105,2168,0.3055008351802826
3030,105,1914,0.3054729998111725
3031,105,1976,0.30526939034461975
3032,105,3853,0.3051031529903412
3033,105,3129,0.3049930930137634
3034,105,776,0.3049565851688385
3035,105,2736,0.30472540855407715
3036,105,2477,0.304634690284729
3037,105,806,0.3046300411224365
3038,105,3177,0.304449200630188
3039,105,867,0.3043642044067383
3040,105,4249,0.3043171763420105
3041,105,3179,0.30427616834640503
3042,105,3892,0.304120808839798
3043,105,1222,0.30411654710769653
3044,105,2757,0.3040013015270233
3045,105,4441,0.3039884865283966
3046,105,3481,0.30384376645088196
3047,105,3552,0.30380499362945557
3048,105,2976,0.3037661910057068
3049,105,1094,0.3036947548389435
3050,105,515,0.30368220806121826
3051,105,2926,0.30362579226493835
3052,105,2017,0.3036198318004608
3053,105,3696,0.3036172688007355
3054,105,3609,0.3036142587661743
3055,105,160,0.30358073115348816
3056,105,3144,0.30357247591018677
3057,105,1044,0.3033929169178009
3058,105,1384,0.3032245337963104
3059,105,4071,0.303224116563797
3060,105,2481,0.3030441105365753
3061,105,3075,0.30303600430488586
3062,105,2248,0.30301254987716675
3063,105,2879,0.30294615030288696
3064,105,387,0.30291852355003357
3065,105,4191,0.30280280113220215
3066,105,850,0.30280065536499023
3067,105,617,0.3026546835899353
3068,105,822,0.30259183049201965
3069,105,3861,0.30257073044776917
3070,105,3318,0.3025429844856262
3071,105,4074,0.3024836480617523
3072,105,4243,0.30245330929756165
3073,105,4292,0.3024062216281891
3074,105,1319,0.3023204505443573
3075,105,2395,0.30227577686309814
3076,105,4112,0.3021266758441925
3077,105,339,0.30209729075431824
3078,105,99,0.30188602209091187
3079,105,3645,0.30175450444221497
3080,105,2392,0.3017506003379822
3081,105,4179,0.3015460669994354
3082,105,1434,0.3015119433403015
3083,105,4247,0.3014441132545471
3084,105,3768,0.3014411926269531
3085,105,3019,0.30132633447647095
3086,105,3045,0.30132490396499634
3087,105,3872,0.3013049066066742
3088,105,1366,0.30129942297935486
3089,105,2413,0.3012993037700653
3090,105,3291,0.30127933621406555
3091,105,1149,0.3012789487838745
3092,105,4205,0.3011656701564789
3093,105,1430,0.30105090141296387
3094,105,86,0.3010272979736328
3095,105,1010,0.3009975850582123
3096,105,3657,0.30086806416511536
3097,105,2778,0.30079421401023865
3098,105,2071,0.3007691204547882
3099,105,3154,0.30073490738868713
3100,105,668,0.3007160723209381
3101,105,686,0.30057376623153687
3102,105,1333,0.30054062604904175
3103,105,2363,0.30053412914276123
3104,105,2993,0.30050280690193176
3105,105,4432,0.3003067672252655
3106,105,1563,0.30022668838500977
3107,105,1081,0.3002057373523712
3108,105,153,0.3002011775970459
3109,105,3023,0.3001687824726105
3110,105,2807,0.29998525977134705
3111,105,2783,0.2999527156352997
3112,105,3258,0.2998526990413666
3113,105,194,0.29984065890312195
3114,105,351,0.2997923791408539
3115,105,18,0.2997587025165558
3116,105,4015,0.29966843128204346
3117,105,2394,0.2995842397212982
3118,105,2433,0.29951050877571106
3119,105,3066,0.2994776666164398
3120,105,579,0.2993871569633484
3121,105,3788,0.29936590790748596
3122,105,3042,0.2993473410606384
3123,105,1274,0.2993128299713135
3124,105,407,0.29925379157066345
3125,105,3757,0.29923468828201294
3126,105,3865,0.29915258288383484
3127,105,811,0.29897233843803406
3128,105,2349,0.29889997839927673
3129,105,421,0.29889675974845886
3130,105,2161,0.2988589406013489
3131,105,3206,0.29871153831481934
3132,105,1397,0.29853641986846924
3133,105,4286,0.2984578311443329
3134,105,83,0.298274964094162
3135,105,2105,0.2981816232204437
3136,105,498,0.29803887009620667
3137,105,857,0.2980193793773651
3138,105,4024,0.29799923300743103
3139,105,786,0.29795753955841064
3140,105,1618,0.2976841926574707
3141,105,902,0.29764702916145325
3142,105,3060,0.29758790135383606
3143,105,1115,0.2975270748138428
3144,105,2304,0.2975175976753235
3145,105,861,0.2974996268749237
3146,105,876,0.2974335253238678
3147,105,3229,0.2973998486995697
3148,105,1084,0.297383189201355
3149,105,1299,0.29734110832214355
3150,105,648,0.2973090410232544
3151,105,555,0.297305703163147
3152,105,3939,0.29724687337875366
3153,105,2152,0.29713109135627747
3154,105,989,0.2971055209636688
3155,105,2521,0.29707565903663635
3156,105,1160,0.2970682382583618
3157,105,1220,0.29705095291137695
3158,105,4448,0.2970292270183563
3159,105,1058,0.296977162361145
3160,105,136,0.2969284951686859
3161,105,2249,0.2968786358833313
3162,105,1370,0.2968566119670868
3163,105,1997,0.2968062460422516
3164,105,2189,0.2966978847980499
3165,105,4447,0.2966826260089874
3166,105,3510,0.2966373562812805
3167,105,3408,0.29644888639450073
3168,105,330,0.2964034974575043
3169,105,4250,0.2963089346885681
3170,105,3720,0.29619675874710083
3171,105,2882,0.29617369174957275
3172,105,2327,0.29607319831848145
3173,105,177,0.29597562551498413
3174,105,767,0.2959686815738678
3175,105,410,0.29585498571395874
3176,105,1511,0.29575103521347046
3177,105,4268,0.2957207262516022
3178,105,914,0.29562509059906006
3179,105,1543,0.2956007719039917
3180,105,3571,0.2955719232559204
3181,105,1285,0.2955698072910309
3182,105,1129,0.29550901055336
3183,105,3168,0.2955058813095093
3184,105,2857,0.29546770453453064
3185,105,4158,0.2954215705394745
3186,105,1284,0.2953585982322693
3187,105,3712,0.2952195703983307
3188,105,2758,0.2951490581035614
3189,105,4311,0.2950188219547272
3190,105,3801,0.2947618067264557
3191,105,3015,0.2946447730064392
3192,105,2261,0.2944745123386383
3193,105,3038,0.29444923996925354
3194,105,4129,0.2943944036960602
3195,105,1107,0.2942926585674286
3196,105,715,0.29421377182006836
3197,105,1362,0.2941631078720093
3198,105,2862,0.29394063353538513
3199,105,3396,0.2939304709434509
3200,105,565,0.2938646674156189
3201,105,3285,0.2938416600227356
3202,105,3823,0.29378652572631836
3203,105,875,0.29365548491477966
3204,105,3375,0.2936086356639862
3205,105,3981,0.2936086356639862
3206,105,2638,0.29356297850608826
3207,105,3292,0.2935020327568054
3208,105,3862,0.2933013439178467
3209,105,3069,0.2933003008365631
3210,105,2356,0.29324764013290405
3211,105,2055,0.29312652349472046
3212,105,2308,0.2930324673652649
3213,105,804,0.2929496765136719
3214,105,4457,0.292820543050766
3215,105,992,0.29273223876953125
3216,105,4190,0.29272282123565674
3217,105,147,0.2926555871963501
3218,105,2693,0.29262351989746094
3219,105,667,0.29261866211891174
3220,105,4161,0.2925363779067993
3221,105,3474,0.29249536991119385
3222,105,3838,0.29242339730262756
3223,105,941,0.292411208152771
3224,105,4378,0.2924084961414337
3225,105,71,0.29240289330482483
3226,105,877,0.29226115345954895
3227,105,4224,0.29224616289138794
3228,105,1043,0.29215073585510254
3229,105,619,0.29212984442710876
3230,105,3906,0.2921266257762909
3231,105,3322,0.2921023368835449
3232,105,4185,0.2920876145362854
3233,105,462,0.29207292199134827
3234,105,3507,0.29201850295066833
3235,105,2957,0.2919962406158447
3236,105,4320,0.29190242290496826
3237,105,4066,0.2918871343135834
3238,105,3082,0.29140952229499817
3239,105,1913,0.29136770963668823
3240,105,3811,0.29134511947631836
3241,105,2076,0.29133933782577515
3242,105,3145,0.2913365960121155
3243,105,718,0.29129698872566223
3244,105,1993,0.29127052426338196
3245,105,3052,0.2912152111530304
3246,105,3358,0.2911893427371979
3247,105,3041,0.29117193818092346
3248,105,863,0.2911272644996643
3249,105,2799,0.29106175899505615
3250,105,983,0.2909948229789734
3251,105,3896,0.29082950949668884
3252,105,3531,0.2907945513725281
3253,105,307,0.29073870182037354
3254,105,4168,0.2906492352485657
3255,105,4116,0.2904818654060364
3256,105,832,0.29030367732048035
3257,105,1989,0.29024559259414673
3258,105,751,0.29021599888801575
3259,105,597,0.29021039605140686
3260,105,1045,0.2901858389377594
3261,105,1861,0.29011496901512146
3262,105,741,0.2901061177253723
3263,105,2417,0.29001113772392273
3264,105,146,0.2899667024612427
3265,105,1819,0.2899494767189026
3266,105,1027,0.2899090051651001
3267,105,4086,0.28980499505996704
3268,105,1087,0.28975167870521545
3269,105,4239,0.2896516025066376
3270,105,926,0.28957366943359375
3271,105,3028,0.28956979513168335
3272,105,2492,0.28956636786460876
3273,105,2024,0.289523720741272
3274,105,1106,0.289466917514801
3275,105,3180,0.28922533988952637
3276,105,3915,0.2892019748687744
3277,105,4095,0.2891805171966553
3278,105,3489,0.2891574800014496
3279,105,3167,0.2891333997249603
3280,105,3568,0.2891046106815338
3281,105,4452,0.28903886675834656
3282,105,3877,0.2890127897262573
3283,105,719,0.2889648973941803
3284,105,4430,0.28896182775497437
3285,105,453,0.28891199827194214
3286,105,2823,0.2888326942920685
3287,105,946,0.28880196809768677
3288,105,3623,0.288634330034256
3289,105,1325,0.28854286670684814
3290,105,689,0.2885248064994812
3291,105,2542,0.28830260038375854
3292,105,184,0.28825998306274414
3293,105,3566,0.2881971299648285
3294,105,3471,0.288179486989975
3295,105,1868,0.2881684899330139
3296,105,730,0.28800681233406067
3297,105,927,0.2879878282546997
3298,105,3734,0.2879297733306885
3299,105,844,0.28778961300849915
3300,105,3462,0.2877291142940521
3301,105,3802,0.28771257400512695
3302,105,2103,0.2877103090286255
3303,105,2627,0.287680059671402
3304,105,440,0.28767266869544983
3305,105,1641,0.28763502836227417
3306,105,3480,0.28757211565971375
3307,105,3078,0.28752148151397705
3308,105,4219,0.287459135055542
3309,105,424,0.2874549627304077
3310,105,3091,0.28708067536354065
3311,105,247,0.2870745062828064
3312,105,3169,0.2870441973209381
3313,105,21,0.2870008945465088
3314,105,414,0.28698065876960754
3315,105,537,0.28694644570350647
3316,105,740,0.2869457006454468
3317,105,1779,0.28694385290145874
3318,105,3083,0.28683269023895264
3319,105,466,0.2867871820926666
3320,105,3730,0.2867853343486786
3321,105,1744,0.28673580288887024
3322,105,1186,0.2866789698600769
3323,105,3355,0.2866719961166382
3324,105,3611,0.2866685390472412
3325,105,2387,0.2866325080394745
3326,105,4424,0.2864202857017517
3327,105,4018,0.2863829433917999
3328,105,4251,0.2862885296344757
3329,105,911,0.2861799895763397
3330,105,900,0.2861039638519287
3331,105,3616,0.2860337495803833
3332,105,3222,0.28599295020103455
3333,105,3036,0.28590354323387146
3334,105,2774,0.28587982058525085
3335,105,4460,0.2857131063938141
3336,105,4078,0.2857016623020172
3337,105,663,0.28552645444869995
3338,105,4393,0.2854843735694885
3339,105,4365,0.2853809595108032
3340,105,620,0.28530168533325195
3341,105,482,0.28527769446372986
3342,105,396,0.28527697920799255
3343,105,1847,0.2852605879306793
3344,105,148,0.28516265749931335
3345,105,3912,0.28510215878486633
3346,105,539,0.2849918305873871
3347,105,1902,0.2849864065647125
3348,105,1945,0.28487181663513184
3349,105,918,0.28483882546424866
3350,105,728,0.2847522795200348
3351,105,373,0.2847033441066742
3352,105,854,0.28470179438591003
3353,105,1472,0.2846927046775818
3354,105,3632,0.28461313247680664
3355,105,2818,0.2845454216003418
3356,105,186,0.2845163643360138
3357,105,593,0.2844258248806
3358,105,1196,0.2844253182411194
3359,105,2093,0.28433093428611755
3360,105,3113,0.2843223810195923
3361,105,3494,0.284318745136261
3362,105,2092,0.2843134105205536
3363,105,2768,0.28392288088798523
3364,105,20,0.2839169204235077
3365,105,3860,0.2838612198829651
3366,105,485,0.28379014134407043
3367,105,3218,0.283682644367218
3368,105,1975,0.28367093205451965
3369,105,371,0.28366997838020325
3370,105,826,0.2835988700389862
3371,105,2132,0.28355544805526733
3372,105,2003,0.28355348110198975
3373,105,2458,0.28349578380584717
3374,105,3800,0.28349393606185913
3375,105,1161,0.2834889888763428
3376,105,852,0.28338438272476196
3377,105,4216,0.2833111584186554
3378,105,1210,0.28324878215789795
3379,105,815,0.2831859886646271
3380,105,4440,0.28314581513404846
3381,105,1926,0.28313761949539185
3382,105,3689,0.2831043004989624
3383,105,2424,0.28303948044776917
3384,105,1802,0.28296446800231934
3385,105,2352,0.28284627199172974
3386,105,3473,0.2828182578086853
3387,105,1823,0.2828039228916168
3388,105,3766,0.28280389308929443
3389,105,2945,0.28257325291633606
3390,105,1688,0.2825247645378113
3391,105,46,0.28249308466911316
3392,105,1314,0.28246235847473145
3393,105,3711,0.2823182940483093
3394,105,25,0.2822204828262329
3395,105,1601,0.2820878326892853
3396,105,851,0.2820587158203125
3397,105,2781,0.28199875354766846
3398,105,2068,0.281978577375412
3399,105,2784,0.2819235026836395
3400,105,506,0.28191515803337097
3401,105,3278,0.2818819284439087
3402,105,64,0.2818085253238678
3403,105,2803,0.28177547454833984
3404,105,4217,0.28175464272499084
3405,105,2294,0.28173956274986267
3406,105,418,0.28161877393722534
3407,105,3125,0.28155818581581116
3408,105,1276,0.28120264410972595
3409,105,411,0.28117185831069946
3410,105,3532,0.2810875475406647
3411,105,587,0.2810276448726654
3412,105,4227,0.2809763252735138
3413,105,3745,0.2807609736919403
3414,105,4162,0.2806345820426941
3415,105,813,0.2802745997905731
3416,105,359,0.2802542448043823
3417,105,272,0.2801460325717926
3418,105,3321,0.2800370752811432
3419,105,1042,0.2800297439098358
3420,105,429,0.28001919388771057
3421,105,455,0.27980947494506836
3422,105,1772,0.27960652112960815
3423,105,3775,0.2795320749282837
3424,105,4386,0.2795248031616211
3425,105,1347,0.2795162796974182
3426,105,3803,0.27946731448173523
3427,105,3286,0.2794271409511566
3428,105,3208,0.27941393852233887
3429,105,154,0.27937713265419006
3430,105,4160,0.27934694290161133
3431,105,4444,0.27932029962539673
3432,105,687,0.27931347489356995
3433,105,4150,0.27930521965026855
3434,105,650,0.2791980803012848
3435,105,842,0.27914416790008545
3436,105,3791,0.27911391854286194
3437,105,16,0.27898573875427246
3438,105,3613,0.2789080739021301
3439,105,4398,0.2788902223110199
3440,105,1182,0.27885177731513977
3441,105,130,0.27874746918678284
3442,105,2366,0.27869585156440735
3443,105,3189,0.27867576479911804
3444,105,2149,0.27861660718917847
3445,105,3876,0.2785201370716095
3446,105,3289,0.27844324707984924
3447,105,4233,0.2783795893192291
3448,105,23,0.27827590703964233
3449,105,878,0.27822476625442505
3450,105,3219,0.2781084477901459
3451,105,1033,0.2779742181301117
3452,105,731,0.2778986394405365
3453,105,1452,0.2778235077857971
3454,105,1359,0.27775901556015015
3455,105,3311,0.2777216136455536
3456,105,4117,0.27764710783958435
3457,105,72,0.2775730490684509
3458,105,1739,0.2775711417198181
3459,105,712,0.2774844169616699
3460,105,3652,0.2774420976638794
3461,105,3604,0.2774299383163452
3462,105,1051,0.2772485017776489
3463,105,928,0.27715036273002625
3464,105,2007,0.2770856022834778
3465,105,960,0.2770515978336334
3466,105,4437,0.2770276367664337
3467,105,1505,0.27701234817504883
3468,105,1555,0.2769542336463928
3469,105,2136,0.2767189145088196
3470,105,3446,0.27663880586624146
3471,105,3025,0.2765817940235138
3472,105,4127,0.2765739858150482
3473,105,3252,0.27653175592422485
3474,105,752,0.2765308618545532
3475,105,252,0.27649986743927
3476,105,674,0.2764897346496582
3477,105,4226,0.27645838260650635
3478,105,2937,0.276390016078949
3479,105,3687,0.27638867497444153
3480,105,923,0.2763701379299164
3481,105,1127,0.2763344645500183
3482,105,3266,0.2762320041656494
3483,105,2427,0.2760944366455078
3484,105,3281,0.2760341465473175
3485,105,3798,0.27596768736839294
3486,105,7,0.27595293521881104
3487,105,1169,0.27591827511787415
3488,105,892,0.27579548954963684
3489,105,2712,0.2757379710674286
3490,105,2440,0.2753375470638275
3491,105,3058,0.27513763308525085
3492,105,596,0.27510878443717957
3493,105,3560,0.2748934030532837
3494,105,4076,0.2748861312866211
3495,105,921,0.27471256256103516
3496,105,1699,0.27468341588974
3497,105,1324,0.274675190448761
3498,105,3983,0.27459800243377686
3499,105,1095,0.274595707654953
3500,105,2779,0.27448248863220215
3501,105,1987,0.2741675078868866
3502,105,3350,0.2741483747959137
3503,105,4272,0.27401554584503174
3504,105,3499,0.2739221751689911
3505,105,737,0.2738215923309326
3506,105,2465,0.27381211519241333
3507,105,3612,0.2737274169921875
3508,105,1320,0.273659884929657
3509,105,4125,0.27363327145576477
3510,105,3022,0.2735918164253235
3511,105,738,0.2735474705696106
3512,105,2334,0.2731981575489044
3513,105,2980,0.27307581901550293
3514,105,2899,0.27293142676353455
3515,105,2771,0.2729234993457794
3516,105,3881,0.2729054093360901
3517,105,4165,0.27288544178009033
3518,105,1428,0.27255529165267944
3519,105,3605,0.27236953377723694
3520,105,2629,0.27232396602630615
3521,105,2910,0.2722807228565216
3522,105,2504,0.2722797691822052
3523,105,458,0.2721494436264038
3524,105,1272,0.27169862389564514
3525,105,809,0.27166610956192017
3526,105,4064,0.27143052220344543
3527,105,704,0.27137503027915955
3528,105,504,0.271242618560791
3529,105,759,0.27108314633369446
3530,105,2225,0.27094152569770813
3531,105,2802,0.27093246579170227
3532,105,3564,0.2709319293498993
3533,105,503,0.2707440257072449
3534,105,3257,0.2705381214618683
3535,105,4373,0.27040189504623413
3536,105,3673,0.27036726474761963
3537,105,1114,0.27029886841773987
3538,105,1247,0.270291268825531
3539,105,4370,0.2702459692955017
3540,105,2299,0.27023226022720337
3541,105,574,0.2702060341835022
3542,105,67,0.2701684236526489
3543,105,4276,0.2701277732849121
3544,105,4316,0.27010321617126465
3545,105,2375,0.2700781524181366
3546,105,2800,0.27005091309547424
3547,105,585,0.27004876732826233
3548,105,4427,0.2700178921222687
3549,105,3590,0.2699132561683655
3550,105,869,0.2699001133441925
3551,105,2780,0.26986026763916016
3552,105,2275,0.26973798871040344
3553,105,2109,0.2696017324924469
3554,105,4438,0.26959723234176636
3555,105,1336,0.26958516240119934
3556,105,4101,0.26957765221595764
3557,105,881,0.2695627212524414
3558,105,32,0.2695504128932953
3559,105,220,0.2695504128932953
3560,105,94,0.26949945092201233
3561,105,448,0.2694414258003235
3562,105,789,0.2694225311279297
3563,105,176,0.26936620473861694
3564,105,4442,0.26927560567855835
3565,105,172,0.26926541328430176
3566,105,362,0.2692652642726898
3567,105,2841,0.2692634165287018
3568,105,288,0.2692207098007202
3569,105,990,0.2691660523414612
3570,105,55,0.2690025568008423
3571,105,4377,0.26879754662513733
3572,105,817,0.26864615082740784
3573,105,4229,0.26863881945610046
3574,105,3047,0.26858651638031006
3575,105,131,0.2685315012931824
3576,105,742,0.2684907615184784
3577,105,4139,0.2684367597103119
3578,105,1206,0.268391877412796
3579,105,684,0.268303245306015
3580,105,2405,0.2682573199272156
3581,105,4107,0.2681594491004944
3582,105,2399,0.26815032958984375
3583,105,3467,0.26808100938796997
3584,105,4366,0.2680807113647461
3585,105,4455,0.2679867148399353
3586,105,3550,0.2679857611656189
3587,105,3090,0.2679439187049866
3588,105,4381,0.26790425181388855
3589,105,4372,0.2679003179073334
3590,105,3621,0.2678922712802887
3591,105,3464,0.2678920328617096
3592,105,4128,0.26787081360816956
3593,105,2437,0.26784828305244446
3594,105,2345,0.2678416669368744
3595,105,3979,0.2678258419036865
3596,105,4411,0.26782113313674927
3597,105,1057,0.2677004337310791
3598,105,61,0.26763269305229187
3599,105,2049,0.26757708191871643
3600,105,2452,0.267568975687027
3601,105,1345,0.2675535976886749
3602,105,3859,0.2674581706523895
3603,105,103,0.26721540093421936
3604,105,3578,0.2672063410282135
3605,105,4001,0.26715028285980225
3606,105,613,0.2670307159423828
3607,105,4375,0.2668750286102295
3608,105,3527,0.26687002182006836
3609,105,2414,0.2668076455593109
3610,105,543,0.266753613948822
3611,105,533,0.26674216985702515
3612,105,4183,0.26660799980163574
3613,105,4242,0.2664274573326111
3614,105,3755,0.26640963554382324
3615,105,4166,0.26634159684181213
3616,105,739,0.26633453369140625
3617,105,4067,0.26619967818260193
3618,105,3070,0.266116201877594
3619,105,2082,0.2660995423793793
3620,105,3764,0.2660611569881439
3621,105,2850,0.2660442888736725
3622,105,749,0.2659112513065338
3623,105,170,0.2658928632736206
3624,105,1375,0.26579537987709045
3625,105,246,0.2656141221523285
3626,105,962,0.2655353248119354
3627,105,1122,0.2654898166656494
3628,105,1195,0.2654712498188019
3629,105,3419,0.2654247283935547
3630,105,2809,0.2654014527797699
3631,105,4133,0.265314519405365
3632,105,2589,0.2652176022529602
3633,105,3637,0.26520565152168274
3634,105,1278,0.2651417553424835
3635,105,4467,0.26511216163635254
3636,105,2776,0.26510152220726013
3637,105,49,0.2648443281650543
3638,105,779,0.2647869884967804
3639,105,4262,0.26473531126976013
3640,105,2328,0.26463398337364197
3641,105,1242,0.26460719108581543
3642,105,68,0.2645680606365204
3643,105,1014,0.26454323530197144
3644,105,3918,0.2642839252948761
3645,105,3504,0.26425984501838684
3646,105,1757,0.2642470896244049
3647,105,2891,0.26422327756881714
3648,105,279,0.2642059922218323
3649,105,4368,0.26412925124168396
3650,105,2535,0.26410001516342163
3651,105,4376,0.26405221223831177
3652,105,3030,0.2639298141002655
3653,105,1056,0.2639242112636566
3654,105,1561,0.2639107406139374
3655,105,4099,0.263897180557251
3656,105,3152,0.2638729512691498
3657,105,1730,0.2637549936771393
3658,105,1851,0.26366478204727173
3659,105,2410,0.26363375782966614
3660,105,1289,0.26353827118873596
3661,105,3436,0.26350724697113037
3662,105,2746,0.26347821950912476
3663,105,3196,0.26345720887184143
3664,105,2751,0.2634473443031311
3665,105,925,0.2633569538593292
3666,105,397,0.26326584815979004
3667,105,4081,0.26321351528167725
3668,105,4367,0.2631710171699524
3669,105,1973,0.2631707489490509
3670,105,871,0.2631608545780182
3671,105,4421,0.2631373405456543
3672,105,3516,0.2630845904350281
3673,105,3495,0.2630790174007416
3674,105,1941,0.26306480169296265
3675,105,2843,0.2629971504211426
3676,105,1245,0.26293155550956726
3677,105,480,0.2628484070301056
3678,105,2865,0.26284363865852356
3679,105,171,0.2627759277820587
3680,105,1136,0.2627331614494324
3681,105,2867,0.26265496015548706
3682,105,2181,0.26261571049690247
3683,105,1030,0.26241302490234375
3684,105,4325,0.2623935043811798
3685,105,450,0.2623670995235443
3686,105,2241,0.2623021602630615
3687,105,2832,0.2622106075286865
3688,105,818,0.26220425963401794
3689,105,2245,0.2621927261352539
3690,105,3261,0.2618764340877533
3691,105,1952,0.2616714537143707
3692,105,1338,0.2616344392299652
3693,105,3342,0.2615470588207245
3694,105,2837,0.26148873567581177
3695,105,1498,0.2613365352153778
3696,105,924,0.2612856924533844
3697,105,525,0.2612631320953369
3698,105,4425,0.26124948263168335
3699,105,2872,0.26120302081108093
3700,105,1015,0.2611994743347168
3701,105,4271,0.26110637187957764
3702,105,1909,0.261029452085495
3703,105,4326,0.26101335883140564
3704,105,2681,0.2609722912311554
3705,105,395,0.2607651650905609
3706,105,4422,0.26058486104011536
3707,105,2853,0.260551393032074
3708,105,709,0.26044031977653503
3709,105,3832,0.26041412353515625
3710,105,4135,0.2601800560951233
3711,105,2086,0.2601628601551056
3712,105,4153,0.2599451541900635
3713,105,2956,0.2599407136440277
3714,105,2059,0.25988492369651794
3715,105,3719,0.25985780358314514
3716,105,81,0.25985240936279297
3717,105,3963,0.2598496377468109
3718,105,736,0.2598172724246979
3719,105,2939,0.2598084509372711
3720,105,4176,0.2596997320652008
3721,105,4364,0.2596779465675354
3722,105,1025,0.2596767842769623
3723,105,3121,0.25964435935020447
3724,105,456,0.25963830947875977
3725,105,3352,0.25960132479667664
3726,105,225,0.25959616899490356
3727,105,2889,0.25955456495285034
3728,105,4122,0.25954654812812805
3729,105,1179,0.25952771306037903
3730,105,2874,0.2594597637653351
3731,105,3858,0.2593722939491272
3732,105,3262,0.25931358337402344
3733,105,929,0.25930824875831604
3734,105,3889,0.25926336646080017
3735,105,132,0.25924989581108093
3736,105,4465,0.25922754406929016
3737,105,1673,0.25921308994293213
3738,105,4387,0.25918182730674744
3739,105,4360,0.25917038321495056
3740,105,830,0.25904718041419983
3741,105,447,0.2590298652648926
3742,105,1012,0.2590223252773285
3743,105,753,0.25902098417282104
3744,105,2095,0.2589453160762787
3745,105,2050,0.25889864563941956
3746,105,750,0.25885820388793945
3747,105,287,0.25866925716400146
3748,105,431,0.25860217213630676
3749,105,2931,0.258444607257843
3750,105,908,0.2584165930747986
3751,105,3048,0.25840210914611816
3752,105,1157,0.2583710849285126
3753,105,2253,0.25836941599845886
3754,105,3165,0.2582758367061615
3755,105,2824,0.2582533061504364
3756,105,4369,0.2582312226295471
3757,105,2852,0.2581811249256134
3758,105,3067,0.2581588923931122
3759,105,3641,0.25810521841049194
3760,105,1483,0.25791627168655396
3761,105,3693,0.25787031650543213
3762,105,4079,0.2576946020126343
3763,105,801,0.257671982049942
3764,105,77,0.2576591372489929
3765,105,2919,0.2575586140155792
3766,105,760,0.2575104236602783
3767,105,2806,0.25725066661834717
3768,105,2659,0.2569482922554016
3769,105,441,0.2568374276161194
3770,105,4371,0.25617146492004395
3771,105,4382,0.25593310594558716
3772,105,3902,0.2559047043323517
3773,105,2512,0.25585418939590454
3774,105,12,0.2558523118495941
3775,105,2129,0.25572893023490906
3776,105,3248,0.2556328773498535
3777,105,432,0.25552722811698914
3778,105,3718,0.25548991560935974
3779,105,3264,0.2554657459259033
3780,105,4380,0.2554185092449188
3781,105,647,0.255381315946579
3782,105,1075,0.2552671432495117
3783,105,3026,0.2552223801612854
3784,105,1888,0.2551075518131256
3785,105,3739,0.2550085484981537
3786,105,3946,0.25488975644111633
3787,105,3575,0.2547591030597687
3788,105,4328,0.25463205575942993
3789,105,810,0.2545490562915802
3790,105,961,0.25454598665237427
3791,105,3163,0.25450146198272705
3792,105,2505,0.254433810710907
3793,105,1705,0.2542760968208313
3794,105,4044,0.25425484776496887
3795,105,3622,0.25418081879615784
3796,105,1005,0.25413841009140015
3797,105,2316,0.2540954053401947
3798,105,420,0.2540857195854187
3799,105,95,0.2540520131587982
3800,105,3759,0.25397104024887085
3801,105,995,0.2539013624191284
3802,105,473,0.2536906599998474
3803,105,1086,0.25354504585266113
3804,105,879,0.2534879446029663
3805,105,228,0.2533979117870331
3806,105,4090,0.25331491231918335
3807,105,3065,0.2533062994480133
3808,105,3624,0.2531781792640686
3809,105,4096,0.2531237304210663
3810,105,310,0.2527584433555603
3811,105,317,0.25270336866378784
3812,105,2315,0.25266435742378235
3813,105,2489,0.2525997757911682
3814,105,1080,0.25259411334991455
3815,105,4392,0.2525104880332947
3816,105,4478,0.25179818272590637
3817,105,419,0.2517685294151306
3818,105,2902,0.25168898701667786
3819,105,3295,0.25163939595222473
3820,105,3525,0.2515955865383148
3821,105,3830,0.2515523433685303
3822,105,2383,0.2514924108982086
3823,105,624,0.2514321506023407
3824,105,1096,0.2513090670108795
3825,105,474,0.25126174092292786
3826,105,3852,0.2512266933917999
3827,105,163,0.2510256767272949
3828,105,859,0.25100794434547424
3829,105,3044,0.2509992718696594
3830,105,675,0.2509557902812958
3831,105,1142,0.25094473361968994
3832,105,30,0.2509117126464844
3833,105,4244,0.2507205605506897
3834,105,292,0.2507111728191376
3835,105,2963,0.2505805492401123
3836,105,2846,0.2505398988723755
3837,105,93,0.25046679377555847
3838,105,286,0.2502925395965576
3839,105,3808,0.25023725628852844
3840,105,2378,0.25009506940841675
3841,105,4167,0.2500518262386322
3842,105,1251,0.25003233551979065
3843,105,2838,0.24998828768730164
3844,105,933,0.24983297288417816
3845,105,526,0.24946986138820648
3846,105,2144,0.249427929520607
3847,105,696,0.2492920607328415
3848,105,2674,0.2492164671421051
3849,105,4080,0.24911488592624664
3850,105,1097,0.24901118874549866
3851,105,2888,0.24894145131111145
3852,105,4309,0.24881689250469208
3853,105,3551,0.24865062534809113
3854,105,285,0.24857394397258759
3855,105,3225,0.24857041239738464
3856,105,2137,0.24853037297725677
3857,105,477,0.24840910732746124
3858,105,2630,0.24835391342639923
3859,105,4130,0.2482370138168335
3860,105,4093,0.24822162091732025
3861,105,2244,0.24819505214691162
3862,105,4132,0.24815158545970917
3863,105,3447,0.24779756367206573
3864,105,3046,0.24779701232910156
3865,105,2960,0.24777203798294067
3866,105,2897,0.24770015478134155
3867,105,3282,0.24764880537986755
3868,105,1420,0.24761570990085602
3869,105,4151,0.24760353565216064
3870,105,3758,0.247566357254982
3871,105,4463,0.24747151136398315
3872,105,653,0.24729126691818237
3873,105,775,0.24728398025035858
3874,105,3787,0.24725466966629028
3875,105,417,0.24725033342838287
3876,105,1932,0.24714548885822296
3877,105,4481,0.24713875353336334
3878,105,3164,0.24706506729125977
3879,105,664,0.24684083461761475
3880,105,756,0.2467925250530243
3881,105,1923,0.24674399197101593
3882,105,2342,0.2467362880706787
3883,105,3599,0.24647973477840424
3884,105,2917,0.24644599854946136
3885,105,828,0.2463807761669159
3886,105,4476,0.2461589276790619
3887,105,980,0.24599654972553253
3888,105,951,0.24593785405158997
3889,105,3057,0.24593661725521088
3890,105,4260,0.24587298929691315
3891,105,2027,0.24585242569446564
3892,105,2005,0.2457660287618637
3893,105,62,0.24568253755569458
3894,105,2116,0.24544766545295715
3895,105,607,0.24543677270412445
3896,105,1228,0.24542871117591858
3897,105,145,0.2453872263431549
3898,105,4266,0.24535474181175232
3899,105,4363,0.24533522129058838
3900,105,920,0.2452968806028366
3901,105,4188,0.2451973855495453
3902,105,229,0.2450791299343109
3903,105,4147,0.24507442116737366
3904,105,4187,0.24491384625434875
3905,105,2115,0.24482131004333496
3906,105,4458,0.2447998821735382
3907,105,3092,0.24457387626171112
3908,105,4327,0.24457141757011414
3909,105,890,0.24455267190933228
3910,105,267,0.24454379081726074
3911,105,1869,0.2445175051689148
3912,105,727,0.24440766870975494
3913,105,4131,0.24427224695682526
3914,105,2903,0.24424822628498077
3915,105,937,0.24413080513477325
3916,105,1162,0.24411863088607788
3917,105,4002,0.2439499944448471
3918,105,381,0.24380312860012054
3919,105,4070,0.24378840625286102
3920,105,2749,0.24373911321163177
3921,105,157,0.24361635744571686
3922,105,2938,0.24349050223827362
3923,105,2854,0.243451789021492
3924,105,4220,0.24342770874500275
3925,105,2128,0.24333281815052032
3926,105,754,0.2432655394077301
3927,105,678,0.2429971694946289
3928,105,1654,0.24286702275276184
3929,105,457,0.24282898008823395
3930,105,226,0.24270378053188324
3931,105,2845,0.2426009178161621
3932,105,449,0.2423618584871292
3933,105,118,0.24233244359493256
3934,105,3288,0.2423267662525177
3935,105,3506,0.24224931001663208
3936,105,580,0.2422322779893875
3937,105,2915,0.24216121435165405
3938,105,3064,0.24211885035037994
3939,105,3842,0.24211707711219788
3940,105,277,0.24210433661937714
3941,105,4170,0.24195097386837006
3942,105,1586,0.2419377863407135
3943,105,3452,0.24192680418491364
3944,105,3828,0.24187219142913818
3945,105,4144,0.24180342257022858
3946,105,2058,0.24165719747543335
3947,105,4479,0.24151308834552765
3948,105,4221,0.24150441586971283
3949,105,223,0.2413349598646164
3950,105,708,0.24116918444633484
3951,105,4461,0.24115657806396484
3952,105,3927,0.24107615649700165
3953,105,3277,0.24102866649627686
3954,105,2871,0.24096302688121796
3955,105,4347,0.2409021258354187
3956,105,1322,0.24079081416130066
3957,105,649,0.2407894879579544
3958,105,52,0.24073022603988647
3959,105,4159,0.24071483314037323
3960,105,3269,0.24062545597553253
3961,105,757,0.24052831530570984
3962,105,3544,0.2404887080192566
3963,105,2944,0.24044525623321533
3964,105,1737,0.24041390419006348
3965,105,4483,0.2403445839881897
3966,105,3868,0.2402726262807846
3967,105,853,0.24022473394870758
3968,105,511,0.24022439122200012
3969,105,3520,0.24019181728363037
3970,105,2429,0.24019092321395874
3971,105,3413,0.24015294015407562
3972,105,4459,0.24015042185783386
3973,105,278,0.2399877905845642
3974,105,2195,0.23990106582641602
3975,105,1385,0.23974905908107758
3976,105,1221,0.2396792620420456
3977,105,4453,0.2395220249891281
3978,105,600,0.23951824009418488
3979,105,3845,0.23942284286022186
3980,105,2182,0.23939508199691772
3981,105,2178,0.23930124938488007
3982,105,4075,0.23906423151493073
3983,105,2663,0.23888979852199554
3984,105,2309,0.23855754733085632
3985,105,2669,0.23813402652740479
3986,105,3804,0.2381126880645752
3987,105,3729,0.23807476460933685
3988,105,4390,0.23807160556316376
3989,105,4087,0.2379968762397766
3990,105,4384,0.23795519769191742
3991,105,4164,0.23786360025405884
3992,105,1013,0.2378554493188858
3993,105,780,0.2377636730670929
3994,105,2183,0.23772725462913513
3995,105,3662,0.23770959675312042
3996,105,2842,0.23767869174480438
3997,105,374,0.237661674618721
3998,105,3585,0.23764191567897797
3999,105,2079,0.2375316023826599
4000,105,3667,0.23749446868896484
4001,105,13,0.23738348484039307
4002,105,658,0.23731385171413422
4003,105,70,0.23715829849243164
4004,105,4474,0.2370215803384781
4005,105,2578,0.23697230219841003
4006,105,24,0.2368047535419464
4007,105,4473,0.2367604523897171
4008,105,2904,0.23673062026500702
4009,105,412,0.23660098016262054
4010,105,3883,0.2365613579750061
4011,105,3895,0.2364407628774643
4012,105,3654,0.23643818497657776
4013,105,1965,0.23633062839508057
4014,105,1026,0.23631742596626282
4015,105,683,0.23613417148590088
4016,105,4412,0.23598185181617737
4017,105,3836,0.2358417510986328
4018,105,4258,0.23562897741794586
4019,105,240,0.23558016121387482
4020,105,848,0.23552145063877106
4021,105,3805,0.23541149497032166
4022,105,2911,0.23534002900123596
4023,105,3819,0.2352534532546997
4024,105,4420,0.235137939453125
4025,105,2196,0.23484815657138824
4026,105,3260,0.2348145991563797
4027,105,987,0.23473119735717773
4028,105,3184,0.23467117547988892
4029,105,570,0.23456822335720062
4030,105,353,0.23443520069122314
4031,105,282,0.23435938358306885
4032,105,1454,0.23433828353881836
4033,105,3143,0.23428963124752045
4034,105,788,0.2342817485332489
4035,105,2033,0.2342279702425003
4036,105,406,0.234218567609787
4037,105,2145,0.23416951298713684
4038,105,501,0.2341427206993103
4039,105,671,0.23401616513729095
4040,105,78,0.23369354009628296
4041,105,3536,0.23346339166164398
4042,105,427,0.23333410918712616
4043,105,702,0.2332632690668106
4044,105,4475,0.2330353558063507
4045,105,874,0.23303133249282837
4046,105,43,0.2329622209072113
4047,105,791,0.2329157143831253
4048,105,2684,0.23287557065486908
4049,105,409,0.23274070024490356
4050,105,423,0.23251916468143463
4051,105,2961,0.23249955475330353
4052,105,2222,0.23234543204307556
4053,105,734,0.2323218435049057
4054,105,475,0.23217999935150146
4055,105,183,0.23205795884132385
4056,105,692,0.23200680315494537
4057,105,2111,0.23195499181747437
4058,105,3484,0.23184677958488464
4059,105,2900,0.23174868524074554
4060,105,3207,0.23160552978515625
4061,105,3817,0.23158694803714752
4062,105,34,0.23154687881469727
4063,105,4394,0.23139794170856476
4064,105,4222,0.23133035004138947
4065,105,3620,0.23128700256347656
4066,105,392,0.23125502467155457
4067,105,2851,0.23123684525489807
4068,105,865,0.23097646236419678
4069,105,2835,0.23090781271457672
4070,105,443,0.23085016012191772
4071,105,3987,0.2308001071214676
4072,105,856,0.23075662553310394
4073,105,3600,0.23060543835163116
4074,105,2257,0.2305603176355362
4075,105,4223,0.23046070337295532
4076,105,679,0.23030340671539307
4077,105,232,0.23015497624874115
4078,105,2719,0.2301359325647354
4079,105,568,0.23006002604961395
4080,105,1769,0.2300466150045395
4081,105,3751,0.2299673706293106
4082,105,3741,0.2299419492483139
4083,105,4265,0.2298344075679779
4084,105,2472,0.22976940870285034
4085,105,4091,0.2295820266008377
4086,105,1917,0.22952018678188324
4087,105,4379,0.22951297461986542
4088,105,31,0.22946874797344208
4089,105,1131,0.2294066846370697
4090,105,4077,0.2293151468038559
4091,105,2485,0.22924181818962097
4092,105,2873,0.22922317683696747
4093,105,944,0.22922298312187195
4094,105,500,0.22914636135101318
4095,105,19,0.22905556857585907
4096,105,470,0.2290535271167755
4097,105,3142,0.22895830869674683
4098,105,564,0.22893589735031128
4099,105,3619,0.2286902368068695
4100,105,4466,0.22862640023231506
4101,105,3647,0.228567972779274
4102,105,4464,0.2284274846315384
4103,105,2117,0.22819243371486664
4104,105,2895,0.22811535000801086
4105,105,3752,0.22800865769386292
4106,105,2127,0.22788099944591522
4107,105,3502,0.22786062955856323
4108,105,467,0.22783908247947693
4109,105,3035,0.22783347964286804
4110,105,4391,0.2277139276266098
4111,105,721,0.22764746844768524
4112,105,2786,0.2276279330253601
4113,105,4100,0.22696764767169952
4114,105,2896,0.226950004696846
4115,105,2325,0.22681236267089844
4116,105,3844,0.22653354704380035
4117,105,794,0.22639836370944977
4118,105,1046,0.2262992262840271
4119,105,639,0.2262355089187622
4120,105,3628,0.22613787651062012
4121,105,2839,0.22609196603298187
4122,105,383,0.22591909766197205
4123,105,4361,0.22572718560695648
4124,105,860,0.2256932556629181
4125,105,494,0.2256518006324768
4126,105,2825,0.22557802498340607
4127,105,1124,0.22550083696842194
4128,105,1665,0.22543814778327942
4129,105,1165,0.22536568343639374
4130,105,4134,0.22534336149692535
4131,105,4362,0.22521716356277466
4132,105,2761,0.22511284053325653
4133,105,2075,0.224948912858963
4134,105,4040,0.22462394833564758
4135,105,4083,0.22450093924999237
4136,105,497,0.22439761459827423
4137,105,1062,0.2243729680776596
4138,105,2264,0.2242337465286255
4139,105,3786,0.22412104904651642
4140,105,4154,0.22402942180633545
4141,105,370,0.22400535643100739
4142,105,3581,0.22399796545505524
4143,105,3746,0.22396762669086456
4144,105,3017,0.22396527230739594
4145,105,1291,0.22387826442718506
4146,105,1238,0.22383366525173187
4147,105,50,0.2238052636384964
4148,105,841,0.22379879653453827
4149,105,3649,0.22376124560832977
4150,105,638,0.22373463213443756
4151,105,2905,0.22361184656620026
4152,105,984,0.22349794209003448
4153,105,4264,0.22343595325946808
4154,105,847,0.22341567277908325
4155,105,2113,0.22334297001361847
4156,105,2300,0.22332194447517395
4157,105,3518,0.22322504222393036
4158,105,402,0.22315678000450134
4159,105,3661,0.22315454483032227
4160,105,4263,0.2230762094259262
4161,105,3910,0.22293365001678467
4162,105,4214,0.22281765937805176
4163,105,3777,0.2227032333612442
4164,105,4073,0.22245025634765625
4165,105,1021,0.22243058681488037
4166,105,2764,0.22230195999145508
4167,105,2364,0.22222073376178741
4168,105,640,0.22213871777057648
4169,105,251,0.2221057116985321
4170,105,2828,0.2221001237630844
4171,105,368,0.2220705896615982
4172,105,1329,0.222065731883049
4173,105,3539,0.22205717861652374
4174,105,953,0.22172367572784424
4175,105,3698,0.22160790860652924
4176,105,4418,0.2216016799211502
4177,105,2954,0.2215055376291275
4178,105,2457,0.22142381966114044
4179,105,1424,0.22134867310523987
4180,105,1342,0.22134122252464294
4181,105,1067,0.22133862972259521
4182,105,1231,0.221204474568367
4183,105,222,0.2211100459098816
4184,105,357,0.22110921144485474
4185,105,394,0.22079744935035706
4186,105,1275,0.22072593867778778
4187,105,2453,0.22054988145828247
4188,105,1520,0.22031497955322266
4189,105,4261,0.22020293772220612
4190,105,599,0.2200961410999298
4191,105,2906,0.2200339287519455
4192,105,464,0.2198706567287445
4193,105,3608,0.21980132162570953
4194,105,3439,0.21954882144927979
4195,105,1986,0.21932677924633026
4196,105,3653,0.21918985247612
4197,105,932,0.21904340386390686
4198,105,363,0.2189565747976303
4199,105,3771,0.2187260389328003
4200,105,487,0.21865341067314148
4201,105,3450,0.21855558454990387
4202,105,777,0.21839040517807007
4203,105,1718,0.2183513641357422
4204,105,3027,0.218206524848938
4205,105,5,0.21819578111171722
4206,105,1296,0.21807168424129486
4207,105,270,0.21775779128074646
4208,105,1374,0.2175685167312622
4209,105,3089,0.21755899488925934
4210,105,250,0.21735234558582306
4211,105,1694,0.21729740500450134
4212,105,4108,0.21708187460899353
4213,105,4041,0.21699045598506927
4214,105,1974,0.2169046550989151
4215,105,1263,0.21677559614181519
4216,105,4426,0.216707244515419
4217,105,1348,0.2166416049003601
4218,105,499,0.21658316254615784
4219,105,3043,0.21657885611057281
4220,105,230,0.21635645627975464
4221,105,1316,0.2163187712430954
4222,105,3505,0.216214120388031
4223,105,3247,0.21605902910232544
4224,105,3753,0.21568021178245544
4225,105,913,0.21562890708446503
4226,105,17,0.21561843156814575
4227,105,2258,0.21545830368995667
4228,105,1091,0.21517406404018402
4229,105,4089,0.21511369943618774
4230,105,616,0.21425996720790863
4231,105,4102,0.21422821283340454
4232,105,3738,0.21387960016727448
4233,105,208,0.21378038823604584
4234,105,1138,0.21344172954559326
4235,105,2941,0.21342261135578156
4236,105,1268,0.21340417861938477
4237,105,763,0.21289612352848053
4238,105,85,0.21227455139160156
4239,105,661,0.21216103434562683
4240,105,1239,0.21196690201759338
4241,105,2072,0.21190878748893738
4242,105,3103,0.2117900848388672
4243,105,2381,0.21176543831825256
4244,105,3779,0.21174797415733337
4245,105,2935,0.2115933895111084
4246,105,3598,0.2115633636713028
4247,105,1400,0.211464524269104
4248,105,3636,0.21116171777248383
4249,105,916,0.211048424243927
4250,105,1371,0.211008682847023
4251,105,4103,0.21093830466270447
4252,105,4477,0.21073848009109497
4253,105,896,0.2106923907995224
4254,105,3414,0.21064648032188416
4255,105,3795,0.21037214994430542
4256,105,3797,0.21029339730739594
4257,105,4123,0.21012099087238312
4258,105,609,0.20991407334804535
4259,105,4482,0.20980703830718994
4260,105,4277,0.2095460593700409
4261,105,594,0.20918592810630798
4262,105,4049,0.20918308198451996
4263,105,532,0.2089063674211502
4264,105,3074,0.20878461003303528
4265,105,2180,0.20872578024864197
4266,105,3187,0.20829494297504425
4267,105,3708,0.20819704234600067
4268,105,1303,0.2079746425151825
4269,105,2474,0.20789982378482819
4270,105,162,0.20774604380130768
4271,105,919,0.20771551132202148
4272,105,654,0.20720766484737396
4273,105,472,0.20714613795280457
4274,105,4121,0.2069244235754013
4275,105,4313,0.20687147974967957
4276,105,4472,0.2068457007408142
4277,105,958,0.20652282238006592
4278,105,4269,0.20640818774700165
4279,105,1140,0.20631790161132812
4280,105,3706,0.20554380118846893
4281,105,887,0.20543265342712402
4282,105,51,0.20529401302337646
4283,105,1104,0.2051359862089157
4284,105,3807,0.2050701379776001
4285,105,901,0.20478637516498566
4286,105,907,0.20477575063705444
4287,105,4097,0.20467326045036316
4288,105,1441,0.20465198159217834
4289,105,2894,0.20403717458248138
4290,105,4395,0.20383894443511963
4291,105,873,0.20374514162540436
4292,105,446,0.2036300152540207
4293,105,3870,0.20355618000030518
4294,105,493,0.20338274538516998
4295,105,415,0.20331433415412903
4296,105,2069,0.20317023992538452
4297,105,1130,0.20308835804462433
4298,105,1111,0.20308367908000946
4299,105,785,0.2030492126941681
4300,105,2514,0.20282627642154694
4301,105,4138,0.20278285443782806
4302,105,3640,0.20272567868232727
4303,105,442,0.20254658162593842
4304,105,2936,0.2023811936378479
4305,105,1003,0.20220355689525604
4306,105,3050,0.20202875137329102
4307,105,2,0.20198281109333038
4308,105,3031,0.20195728540420532
4309,105,173,0.20143626630306244
4310,105,2172,0.20135611295700073
4311,105,680,0.2009301781654358
4312,105,2810,0.2008012980222702
4313,105,1867,0.2007206678390503
4314,105,3869,0.2006479948759079
4315,105,3377,0.20028024911880493
4316,105,2511,0.2002377212047577
4317,105,4287,0.1999627947807312
4318,105,628,0.19979315996170044
4319,105,2442,0.1996840536594391
4320,105,837,0.19964677095413208
4321,105,3769,0.19964084029197693
4322,105,210,0.19944442808628082
4323,105,3794,0.19926388561725616
4324,105,4468,0.19908328354358673
4325,105,322,0.19886822998523712
4326,105,2516,0.19830851256847382
4327,105,3735,0.198087677359581
4328,105,2898,0.19771385192871094
4329,105,1353,0.19760802388191223
4330,105,3873,0.19755510985851288
4331,105,4273,0.19748736917972565
4332,105,2848,0.19748637080192566
4333,105,2840,0.19747431576251984
4334,105,1164,0.197424054145813
4335,105,4443,0.19740061461925507
4336,105,4063,0.19722826778888702
4337,105,4417,0.19716235995292664
4338,105,2310,0.1970272958278656
4339,105,3681,0.19690914452075958
4340,105,2763,0.19671551883220673
4341,105,3676,0.19663254916667938
4342,105,47,0.19642531871795654
4343,105,917,0.1963919997215271
4344,105,4315,0.19600720703601837
4345,105,1598,0.19576165080070496
4346,105,2918,0.19575190544128418
4347,105,3814,0.1957027167081833
4348,105,245,0.1955251544713974
4349,105,4033,0.19530923664569855
4350,105,1243,0.19429783523082733
4351,105,2955,0.19411267340183258
4352,105,3230,0.19394151866436005
4353,105,3016,0.19379425048828125
4354,105,2141,0.19364915788173676
4355,105,2765,0.1933603137731552
4356,105,3875,0.19320955872535706
4357,105,1187,0.19296421110630035
4358,105,2177,0.1921558529138565
4359,105,3871,0.19207307696342468
4360,105,735,0.19162987172603607
4361,105,2022,0.191328763961792
4362,105,2030,0.1912871152162552
4363,105,3887,0.1907908320426941
4364,105,4084,0.19075320661067963
4365,105,4431,0.1907125860452652
4366,105,2724,0.19044949114322662
4367,105,3062,0.19039031863212585
4368,105,1232,0.19024255871772766
4369,105,3833,0.19010163843631744
4370,105,2953,0.1899712234735489
4371,105,435,0.18985745310783386
4372,105,1108,0.18984559178352356
4373,105,3663,0.18931598961353302
4374,105,3669,0.18883022665977478
4375,105,2819,0.1885979324579239
4376,105,1202,0.1883983314037323
4377,105,4314,0.18817922472953796
4378,105,491,0.18777814507484436
4379,105,4126,0.18756714463233948
4380,105,1395,0.18756714463233948
4381,105,4225,0.18756714463233948
4382,105,2908,0.18756714463233948
4383,105,2863,0.18756714463233948
4384,105,92,0.18756714463233948
4385,105,2883,0.18756714463233948
4386,105,2769,0.18756714463233948
4387,105,2772,0.18756714463233948
4388,105,4092,0.18756714463233948
4389,105,3054,0.18756714463233948
4390,105,273,0.18756714463233948
4391,105,3412,0.18756714463233948
4392,105,2914,0.18756714463233948
4393,105,2920,0.18756714463233948
4394,105,382,0.18756714463233948
4395,105,4025,0.18756714463233948
4396,105,8,0.18756714463233948
4397,105,2122,0.1871570348739624
4398,105,1008,0.18689687550067902
4399,105,1896,0.18686746060848236
4400,105,1515,0.18671441078186035
4401,105,940,0.1864594668149948
4402,105,3690,0.186422199010849
4403,105,2951,0.18631690740585327
4404,105,3633,0.18620739877223969
4405,105,3394,0.1860094964504242
4406,105,3202,0.18581756949424744
4407,105,2909,0.1856919378042221
4408,105,3061,0.18534691631793976
4409,105,707,0.1847343146800995
4410,105,3233,0.18465377390384674
4411,105,1429,0.18460458517074585
4412,105,2827,0.1845971792936325
4413,105,492,0.18453173339366913
4414,105,4445,0.18438613414764404
4415,105,3650,0.1839924454689026
4416,105,2984,0.18397867679595947
4417,105,1381,0.1836712658405304
4418,105,2057,0.18363669514656067
4419,105,662,0.18357326090335846
4420,105,3193,0.18337590992450714
4421,105,988,0.18334177136421204
4422,105,1148,0.18313586711883545
4423,105,4232,0.1828262060880661
4424,105,578,0.18215429782867432
4425,105,2070,0.18201769888401031
4426,105,2276,0.1805720031261444
4427,105,1315,0.18028314411640167
4428,105,2814,0.17969326674938202
4429,105,1089,0.17935919761657715
4430,105,915,0.17923809587955475
4431,105,471,0.17838536202907562
4432,105,3220,0.17742231488227844
4433,105,1470,0.17687763273715973
4434,105,2256,0.17675316333770752
4435,105,3234,0.17664803564548492
4436,105,3824,0.17641302943229675
4437,105,3638,0.175143301486969
4438,105,2901,0.17470814287662506
4439,105,2298,0.1745133101940155
4440,105,430,0.17445819079875946
4441,105,4069,0.1743815392255783
4442,105,835,0.17305511236190796
4443,105,433,0.17295809090137482
4444,105,1229,0.17168843746185303
4445,105,416,0.17119325697422028
4446,105,1059,0.17087215185165405
4447,105,4072,0.17070581018924713
4448,105,1257,0.1694623976945877
4449,105,1217,0.16934369504451752
4450,105,398,0.1687864065170288
4451,105,1105,0.16868308186531067
4452,105,3244,0.16763634979724884
4453,105,2942,0.16743725538253784
4454,105,3198,0.167043998837471
4455,105,437,0.16687147319316864
4456,105,3200,0.16653597354888916
4457,105,1156,0.16496966779232025
4458,105,4446,0.16334502398967743
4459,105,3813,0.16232791543006897
4460,105,3850,0.16205771267414093
4461,105,1048,0.1620524674654007
4462,105,3122,0.16142120957374573
4463,105,1031,0.1608181595802307
4464,105,1248,0.16037608683109283
4465,105,505,0.16029338538646698
4466,105,1064,0.1596069484949112
4467,105,2886,0.1592024266719818
4468,105,1022,0.15761826932430267
4469,105,3648,0.15749581158161163
4470,105,4124,0.15731512010097504
4471,105,3401,0.15722191333770752
4472,105,3631,0.15717370808124542
4473,105,2125,0.15577344596385956
4474,105,2912,0.15570321679115295
4475,105,1073,0.15489839017391205
4476,105,659,0.14976032078266144
4477,105,2336,0.14850427210330963
4478,105,2461,0.1483583152294159
4479,105,463,0.1423819661140442
4480,105,3655,0.14135044813156128
4481,105,864,0.1376720815896988
4482,105,772,0.13531342148780823
4483,105,2267,0.1331889033317566
4484,105,1007,0.13228589296340942
