,target_num,prod_num,similarity
0,363,363,1.0
1,363,3380,0.7735427021980286
2,363,3211,0.7681153416633606
3,363,1684,0.7679821848869324
4,363,1666,0.7577719688415527
5,363,1333,0.7483171820640564
6,363,1667,0.7474973797798157
7,363,3175,0.7474837899208069
8,363,1671,0.7446463704109192
9,363,2307,0.7432428002357483
10,363,3201,0.7369729280471802
11,363,2485,0.730345606803894
12,363,2159,0.7298227548599243
13,363,3244,0.7219188213348389
14,363,1723,0.7178959250450134
15,363,522,0.7171999216079712
16,363,1673,0.7149946689605713
17,363,2002,0.7139905095100403
18,363,2183,0.7137184143066406
19,363,1692,0.7125226259231567
20,363,2224,0.7098991274833679
21,363,521,0.7096244692802429
22,363,3436,0.7086204290390015
23,363,2819,0.706999659538269
24,363,1704,0.7056654691696167
25,363,1177,0.7056469321250916
26,363,1300,0.7042899131774902
27,363,2509,0.7033764719963074
28,363,2206,0.7011347413063049
29,363,2173,0.7004608511924744
30,363,1809,0.7002999186515808
31,363,3151,0.6992179155349731
32,363,3442,0.6985083818435669
33,363,3444,0.6981077194213867
34,363,2729,0.6968401670455933
35,363,3214,0.6952018141746521
36,363,3227,0.6938029527664185
37,363,2831,0.6933825016021729
38,363,2000,0.6928502321243286
39,363,2475,0.6887665390968323
40,363,2798,0.6885358095169067
41,363,3349,0.6880664825439453
42,363,229,0.6878733038902283
43,363,3215,0.6866890788078308
44,363,2588,0.6864107847213745
45,363,2595,0.6857150197029114
46,363,3202,0.6840049624443054
47,363,3019,0.6828596591949463
48,363,1900,0.6828339695930481
49,363,3255,0.6825677156448364
50,363,3407,0.6820878386497498
51,363,1887,0.6814839839935303
52,363,3228,0.6812611818313599
53,363,3206,0.6807562112808228
54,363,1624,0.6805732250213623
55,363,1339,0.68039470911026
56,363,2528,0.6802656650543213
57,363,3096,0.6799417734146118
58,363,3397,0.6795142889022827
59,363,3217,0.6784744262695312
60,363,3377,0.6784356832504272
61,363,2193,0.678170382976532
62,363,2008,0.6781691312789917
63,363,2201,0.6780791878700256
64,363,2716,0.6771172285079956
65,363,2788,0.6770703196525574
66,363,3178,0.6766367554664612
67,363,490,0.6761464476585388
68,363,2022,0.6760135293006897
69,363,3391,0.675453782081604
70,363,2346,0.6749788522720337
71,363,2480,0.6748659610748291
72,363,1703,0.6744945645332336
73,363,2196,0.6734548807144165
74,363,3257,0.6726435422897339
75,363,3435,0.6723200678825378
76,363,1998,0.6709354519844055
77,363,3429,0.6707143187522888
78,363,481,0.6702480912208557
79,363,3159,0.6696586012840271
80,363,3246,0.6686697602272034
81,363,3583,0.6679295897483826
82,363,2762,0.6678487658500671
83,363,2493,0.6666811108589172
84,363,2483,0.6663619875907898
85,363,2103,0.6659952402114868
86,363,2670,0.6659099459648132
87,363,2479,0.6647502183914185
88,363,3394,0.664716362953186
89,363,2484,0.6633641123771667
90,363,2613,0.6627776026725769
91,363,2207,0.662270188331604
92,363,3556,0.6619982123374939
93,363,2486,0.6606758236885071
94,363,2864,0.6604598164558411
95,363,3187,0.660447895526886
96,363,2016,0.6603801846504211
97,363,1617,0.6603255271911621
98,363,867,0.6602972149848938
99,363,533,0.6601011753082275
100,363,410,0.65987628698349
101,363,3163,0.659576416015625
102,363,3125,0.6593810319900513
103,363,3342,0.659203290939331
104,363,2626,0.6587992310523987
105,363,1387,0.6586885452270508
106,363,3611,0.6586540937423706
107,363,2532,0.6585854291915894
108,363,3285,0.6584252119064331
109,363,2971,0.6581951379776001
110,363,720,0.6579942107200623
111,363,2507,0.6579888463020325
112,363,3465,0.6572136878967285
113,363,674,0.6566275358200073
114,363,2606,0.6559816002845764
115,363,3199,0.6554492712020874
116,363,286,0.6554468274116516
117,363,2565,0.6554372906684875
118,363,3115,0.6553500890731812
119,363,1167,0.6552639603614807
120,363,1384,0.6551668047904968
121,363,1621,0.6548746228218079
122,363,3432,0.65477055311203
123,363,3371,0.6541937589645386
124,363,2559,0.6540321111679077
125,363,3387,0.6539739370346069
126,363,2735,0.653841495513916
127,363,426,0.6538183689117432
128,363,2194,0.6535347104072571
129,363,3270,0.6534861326217651
130,363,2499,0.6534767150878906
131,363,3386,0.6532071232795715
132,363,3343,0.6529765725135803
133,363,3101,0.652585506439209
134,363,1373,0.6524765491485596
135,363,244,0.6524102687835693
136,363,3225,0.6513034701347351
137,363,1157,0.6510381102561951
138,363,2823,0.6506848931312561
139,363,3274,0.6503096222877502
140,363,1086,0.6502941250801086
141,363,1282,0.6497900485992432
142,363,409,0.6496626734733582
143,363,689,0.6495183110237122
144,363,2392,0.6494715809822083
145,363,762,0.6494030356407166
146,363,860,0.6493954062461853
147,363,439,0.6492300033569336
148,363,3563,0.6490337252616882
149,363,1219,0.6487528085708618
150,363,2312,0.6485601663589478
151,363,1660,0.6485200524330139
152,363,3595,0.648381233215332
153,363,2302,0.6483003497123718
154,363,751,0.6482964754104614
155,363,726,0.6482505798339844
156,363,3514,0.6474943161010742
157,363,3623,0.6474260687828064
158,363,3577,0.6471907496452332
159,363,3378,0.6471369862556458
160,363,2608,0.6470884084701538
161,363,1226,0.6465851664543152
162,363,539,0.6461348533630371
163,363,3594,0.6458406448364258
164,363,1627,0.6453835368156433
165,363,2870,0.6453507542610168
166,363,3564,0.6452965140342712
167,363,3587,0.6452568173408508
168,363,3189,0.6452199220657349
169,363,3113,0.6451906561851501
170,363,3411,0.6449916958808899
171,363,3239,0.6446732878684998
172,363,2010,0.6445595026016235
173,363,2488,0.6444756388664246
174,363,859,0.6444024443626404
175,363,865,0.6439953446388245
176,363,3197,0.6427516341209412
177,363,2293,0.6426652669906616
178,363,2496,0.6424735188484192
179,363,1336,0.6424044370651245
180,363,3184,0.6422062516212463
181,363,3441,0.6421000957489014
182,363,3401,0.641709566116333
183,363,2501,0.6414045095443726
184,363,236,0.6411262154579163
185,363,3626,0.6411250233650208
186,363,3308,0.6409311890602112
187,363,91,0.6408765912055969
188,363,3254,0.6407665610313416
189,363,1715,0.6406013369560242
190,363,3410,0.6405121088027954
191,363,1357,0.6404696702957153
192,363,3540,0.6401669979095459
193,363,445,0.6401149034500122
194,363,2868,0.6400743126869202
195,363,390,0.6399863362312317
196,363,540,0.6398482322692871
197,363,3300,0.6393699049949646
198,363,2418,0.6393285989761353
199,363,443,0.6393186450004578
200,363,3213,0.6393060684204102
201,363,526,0.6392927169799805
202,363,2580,0.6387255191802979
203,363,111,0.6384881138801575
204,363,1293,0.6375971436500549
205,363,64,0.6374697685241699
206,363,3430,0.6374448537826538
207,363,1314,0.6373637318611145
208,363,1653,0.637298047542572
209,363,3573,0.6372901797294617
210,363,2675,0.6368756890296936
211,363,3121,0.6363503336906433
212,363,1301,0.6362842917442322
213,363,1626,0.6362724304199219
214,363,2741,0.6354091763496399
215,363,679,0.6353294849395752
216,363,1668,0.6352604627609253
217,363,2203,0.6351738572120667
218,363,3190,0.634839653968811
219,363,3625,0.6348391771316528
220,363,3160,0.6348034143447876
221,363,1984,0.6346272826194763
222,363,3572,0.6344722509384155
223,363,3406,0.6340312957763672
224,363,3417,0.6337791681289673
225,363,3289,0.6336423754692078
226,363,1267,0.6336365938186646
227,363,3181,0.6335854530334473
228,363,1724,0.6331291794776917
229,363,1203,0.6330080032348633
230,363,2292,0.6326844096183777
231,363,3601,0.6326563358306885
232,363,1284,0.6326241493225098
233,363,1719,0.6325637102127075
234,363,534,0.6325536370277405
235,363,3461,0.632298469543457
236,363,2515,0.6321434378623962
237,363,3536,0.6320756077766418
238,363,3235,0.631809651851654
239,363,3185,0.6317956447601318
240,363,2458,0.6315917372703552
241,363,3554,0.6314912438392639
242,363,870,0.6314427256584167
243,363,411,0.6314009428024292
244,363,3256,0.6314008235931396
245,363,2416,0.6313936710357666
246,363,3161,0.6313160061836243
247,363,2221,0.6313156485557556
248,363,2744,0.6311782598495483
249,363,95,0.6311043500900269
250,363,489,0.631067156791687
251,363,2119,0.6310317516326904
252,363,3302,0.6308765411376953
253,363,3548,0.6308330297470093
254,363,3590,0.6307279467582703
255,363,3341,0.6305903792381287
256,363,3512,0.6303886771202087
257,363,2187,0.6302920579910278
258,363,2329,0.6302226781845093
259,363,2529,0.6299774646759033
260,363,3580,0.6299318075180054
261,363,2216,0.6298507452011108
262,363,1122,0.6297236680984497
263,363,501,0.6296991109848022
264,363,1638,0.6296656131744385
265,363,2208,0.6296615600585938
266,363,2802,0.62959223985672
267,363,3516,0.6295868754386902
268,363,1084,0.6295038461685181
269,363,3273,0.6295033693313599
270,363,3392,0.6292961239814758
271,363,362,0.6290708780288696
272,363,515,0.6289573311805725
273,363,709,0.6288840174674988
274,363,1233,0.6284255385398865
275,363,2578,0.6283897757530212
276,363,3120,0.6282100677490234
277,363,2583,0.6281182169914246
278,363,3434,0.6279686093330383
279,363,2168,0.6278502941131592
280,363,3152,0.6277704834938049
281,363,3210,0.6277004480361938
282,363,704,0.6271257996559143
283,363,1329,0.6270226836204529
284,363,3232,0.6268233060836792
285,363,3117,0.6268011927604675
286,363,3248,0.6264529824256897
287,363,606,0.626430332660675
288,363,3586,0.6262579560279846
289,363,1575,0.6261255741119385
290,363,2334,0.6258265376091003
291,363,1180,0.6257351040840149
292,363,1944,0.625310480594635
293,363,2469,0.6252046823501587
294,363,1574,0.6251604557037354
295,363,3336,0.6248854398727417
296,363,869,0.6247378587722778
297,363,2941,0.6245517730712891
298,363,3555,0.624407947063446
299,363,3112,0.6243477463722229
300,363,89,0.6243027448654175
301,363,615,0.6243016123771667
302,363,1573,0.6242257952690125
303,363,1612,0.6239464282989502
304,363,437,0.6236758232116699
305,363,1341,0.6236744523048401
306,363,2666,0.6236642003059387
307,363,3390,0.6236229538917542
308,363,2313,0.6233940124511719
309,363,2730,0.6233741044998169
310,363,491,0.6230857372283936
311,363,868,0.6226083040237427
312,363,1908,0.6225963234901428
313,363,1928,0.622445821762085
314,363,1842,0.6222206950187683
315,363,2160,0.6221669316291809
316,363,3116,0.6221278309822083
317,363,1676,0.6220975518226624
318,363,1699,0.6220716238021851
319,363,1052,0.6218924522399902
320,363,719,0.6218777894973755
321,363,1308,0.6218550205230713
322,363,3425,0.621662974357605
323,363,3265,0.621431827545166
324,363,724,0.6211961507797241
325,363,2657,0.6210500597953796
326,363,3264,0.6209696531295776
327,363,3272,0.6208895444869995
328,363,3523,0.6208879947662354
329,363,1850,0.6208627820014954
330,363,2213,0.6203526258468628
331,363,2668,0.6201642751693726
332,363,3402,0.6199879050254822
333,363,3547,0.6199032068252563
334,363,3453,0.619874894618988
335,363,3617,0.6196816563606262
336,363,3172,0.6195074319839478
337,363,441,0.6192128658294678
338,363,1680,0.6189820170402527
339,363,1903,0.6189249157905579
340,363,525,0.6185006499290466
341,363,1613,0.6184444427490234
342,363,3338,0.6178737282752991
343,363,3198,0.617841899394989
344,363,2925,0.6177033185958862
345,363,3236,0.6174209117889404
346,363,1107,0.617409884929657
347,363,3603,0.6173252463340759
348,363,2584,0.617077112197876
349,363,3423,0.6170614957809448
350,363,1128,0.616950511932373
351,363,1108,0.6168330311775208
352,363,2936,0.6167727708816528
353,363,3569,0.6165005564689636
354,363,2717,0.6164627075195312
355,363,1034,0.6163246035575867
356,363,2586,0.6162696480751038
357,363,431,0.6161006093025208
358,363,3628,0.6160279512405396
359,363,3627,0.6159700155258179
360,363,2014,0.6159113645553589
361,363,3619,0.6157279014587402
362,363,2450,0.615628719329834
363,363,1216,0.6156148910522461
364,363,3519,0.6156039834022522
365,363,1271,0.6155655384063721
366,363,1983,0.6155619025230408
367,363,2505,0.6153717637062073
368,363,345,0.6153083443641663
369,363,2841,0.6148695349693298
370,363,3205,0.6147392392158508
371,363,94,0.6146938800811768
372,363,2678,0.6146395206451416
373,363,2638,0.6145203113555908
374,363,537,0.6144554018974304
375,363,1297,0.6143869161605835
376,363,3203,0.6143035888671875
377,363,117,0.6140425205230713
378,363,1144,0.6139599680900574
379,363,3596,0.6139252781867981
380,363,1099,0.6138195395469666
381,363,462,0.6136453151702881
382,363,2582,0.6135740876197815
383,363,3578,0.6134656667709351
384,363,3645,0.6130300164222717
385,363,3641,0.6118913888931274
386,363,1189,0.611787736415863
387,363,2013,0.6117433309555054
388,363,469,0.6117332577705383
389,363,3640,0.6116676330566406
390,363,2748,0.6116621494293213
391,363,1936,0.6114559769630432
392,363,1997,0.6113898158073425
393,363,427,0.6113255620002747
394,363,3395,0.6112604141235352
395,363,1959,0.6111970543861389
396,363,3176,0.6109288334846497
397,363,419,0.6108809113502502
398,363,2566,0.6107863783836365
399,363,3332,0.6106457114219666
400,363,265,0.6104224324226379
401,363,2434,0.6103456616401672
402,363,3385,0.6102967262268066
403,363,1361,0.6102554798126221
404,363,3520,0.6101786494255066
405,363,1312,0.6100717186927795
406,363,468,0.6100105047225952
407,363,424,0.6099860668182373
408,363,2340,0.6099272966384888
409,363,1381,0.6099069714546204
410,363,1244,0.6098634600639343
411,363,3412,0.6097909808158875
412,363,3182,0.609748363494873
413,363,3204,0.6095498204231262
414,363,231,0.6092960238456726
415,363,3260,0.6091935634613037
416,363,699,0.6090126037597656
417,363,70,0.6089631915092468
418,363,2327,0.6089489459991455
419,363,1628,0.6089392304420471
420,363,3173,0.6089153289794922
421,363,1852,0.6084128618240356
422,363,607,0.6083530187606812
423,363,3180,0.6082869172096252
424,363,3648,0.6081764698028564
425,363,2564,0.6081655025482178
426,363,1683,0.6080718636512756
427,363,2597,0.6079777479171753
428,363,1390,0.6078287959098816
429,363,3243,0.6078015565872192
430,363,1854,0.6073929667472839
431,363,3653,0.6073517799377441
432,363,1315,0.607327401638031
433,363,238,0.6071669459342957
434,363,748,0.6071316599845886
435,363,3316,0.6071051359176636
436,363,63,0.6070327758789062
437,363,1320,0.6069296002388
438,363,3304,0.6068418622016907
439,363,3642,0.6068339347839355
440,363,2215,0.6066188216209412
441,363,470,0.60605788230896
442,363,2445,0.6059864163398743
443,363,2718,0.6058726906776428
444,363,1103,0.6058715581893921
445,363,1044,0.6058177351951599
446,363,3650,0.6053563356399536
447,363,1882,0.6051456332206726
448,363,538,0.6050889492034912
449,363,2535,0.6050662994384766
450,363,1625,0.6050347685813904
451,363,493,0.6049966812133789
452,363,3200,0.6048890948295593
453,363,2824,0.6048380136489868
454,363,1634,0.6041985154151917
455,363,1369,0.6038831472396851
456,363,3281,0.6034177541732788
457,363,2673,0.6032598614692688
458,363,3570,0.6032590270042419
459,363,2853,0.6032112836837769
460,363,725,0.6031495332717896
461,363,3346,0.6030791401863098
462,363,2669,0.6030223369598389
463,363,1162,0.6028994917869568
464,363,3325,0.6028610467910767
465,363,1278,0.6028401851654053
466,363,2972,0.6027354598045349
467,363,1112,0.6027183532714844
468,363,2482,0.6026821732521057
469,363,1979,0.6026506423950195
470,363,3339,0.6024024486541748
471,363,2702,0.6023948192596436
472,363,3544,0.6022673845291138
473,363,3284,0.6021939516067505
474,363,2125,0.6018380522727966
475,363,1031,0.6017535924911499
476,363,1975,0.6016837954521179
477,363,3604,0.6016045212745667
478,363,1303,0.6013560891151428
479,363,1569,0.6011544466018677
480,363,421,0.6007916927337646
481,363,3097,0.6007237434387207
482,363,3291,0.6006972789764404
483,363,1073,0.6006470322608948
484,363,2491,0.6006091833114624
485,363,2517,0.6004915237426758
486,363,1243,0.6004399061203003
487,363,562,0.6004330515861511
488,363,1334,0.6003816723823547
489,363,2454,0.6003655791282654
490,363,634,0.6001775860786438
491,363,3119,0.6001732349395752
492,363,2867,0.6001210808753967
493,363,2577,0.6001176834106445
494,363,1714,0.5998010039329529
495,363,2227,0.5990764498710632
496,363,2109,0.5988326668739319
497,363,3340,0.5987497568130493
498,363,3303,0.5986567735671997
499,363,3327,0.5986221432685852
500,363,3589,0.5985739231109619
501,363,1616,0.598310649394989
502,363,40,0.5982715487480164
503,363,2472,0.5982425212860107
504,363,3286,0.5982383489608765
505,363,1200,0.5982176065444946
506,363,3023,0.5982118844985962
507,363,2545,0.5980446338653564
508,363,1252,0.5979573130607605
509,363,428,0.5978921055793762
510,363,3133,0.5978880524635315
511,363,2296,0.5977691411972046
512,363,1380,0.5977250337600708
513,363,1207,0.5975826382637024
514,363,2474,0.5975494980812073
515,363,3639,0.5974869728088379
516,363,2745,0.5974764227867126
517,363,1883,0.5974247455596924
518,363,465,0.5973774790763855
519,363,2332,0.5972230434417725
520,363,517,0.597191572189331
521,363,1218,0.5970368981361389
522,363,3174,0.5959286093711853
523,363,2377,0.5959035158157349
524,363,3305,0.5958791375160217
525,363,763,0.5958669781684875
526,363,1581,0.5957874059677124
527,363,524,0.5957295894622803
528,363,1886,0.5955736637115479
529,363,2524,0.5954965949058533
530,363,2344,0.5952856540679932
531,363,1080,0.5952279567718506
532,363,1707,0.5950960516929626
533,363,2667,0.5950896143913269
534,363,1105,0.5948849320411682
535,363,3242,0.5947264432907104
536,363,2492,0.5946207046508789
537,363,3328,0.5945729613304138
538,363,1136,0.5945553779602051
539,363,1069,0.59453284740448
540,363,3646,0.5944805145263672
541,363,3633,0.5943191051483154
542,363,1803,0.5939509868621826
543,363,1296,0.5938528776168823
544,363,2212,0.5938509106636047
545,363,228,0.5938231945037842
546,363,37,0.5937966704368591
547,363,106,0.5937162637710571
548,363,1700,0.5936509370803833
549,363,3099,0.5935828685760498
550,363,484,0.5931649208068848
551,363,1693,0.5931424498558044
552,363,3396,0.5930482149124146
553,363,2396,0.5929914712905884
554,363,3162,0.5928725004196167
555,363,2779,0.5927883982658386
556,363,1943,0.5927488207817078
557,363,1857,0.5927357077598572
558,363,1929,0.5926814675331116
559,363,2106,0.5924621224403381
560,363,1055,0.5922876000404358
561,363,1097,0.5921736359596252
562,363,710,0.591907262802124
563,363,3613,0.5918771028518677
564,363,2018,0.591443657875061
565,363,3216,0.5911344885826111
566,363,3233,0.59096759557724
567,363,1163,0.5906941294670105
568,363,3370,0.5906760692596436
569,363,1977,0.5906104445457458
570,363,3135,0.5905758738517761
571,363,812,0.5905547142028809
572,363,2339,0.5905332565307617
573,363,62,0.5903736352920532
574,363,3539,0.5902945399284363
575,363,2998,0.5902790427207947
576,363,1126,0.5902758836746216
577,363,367,0.5901756882667542
578,363,3124,0.5901585221290588
579,363,3279,0.5900320410728455
580,363,81,0.5900250673294067
581,363,1382,0.5899962186813354
582,363,2837,0.5899405479431152
583,363,1272,0.5899054408073425
584,363,1654,0.5898938775062561
585,363,440,0.5898000597953796
586,363,3538,0.5897476077079773
587,363,1111,0.5896885395050049
588,363,3118,0.5894498825073242
589,363,1241,0.5894309282302856
590,363,1082,0.589404284954071
591,363,3218,0.5893062353134155
592,363,3400,0.589271068572998
593,363,3298,0.5891610383987427
594,363,1273,0.5891318321228027
595,363,1150,0.589107871055603
596,363,1732,0.5890533924102783
597,363,1504,0.5889694690704346
598,363,2852,0.5888909101486206
599,363,536,0.5887447595596313
600,363,535,0.5887401103973389
601,363,436,0.5886392593383789
602,363,1118,0.5885778665542603
603,363,2210,0.5885014533996582
604,363,2531,0.588202178478241
605,363,3542,0.5880613327026367
606,363,555,0.5879963636398315
607,363,712,0.5879806876182556
608,363,2863,0.5879389643669128
609,363,3111,0.5879053473472595
610,363,2548,0.5878911018371582
611,363,2913,0.5878681540489197
612,363,3521,0.5878478288650513
613,363,1330,0.5877963304519653
614,363,2749,0.5877031683921814
615,363,3618,0.5876968502998352
616,363,856,0.5873647332191467
617,363,1117,0.5871313214302063
618,363,1722,0.5870904326438904
619,363,3114,0.5870495438575745
620,363,3588,0.5869486331939697
621,363,2300,0.5869269967079163
622,363,1147,0.5867859721183777
623,363,3222,0.586701512336731
624,363,2614,0.5865240097045898
625,363,3546,0.5865137577056885
626,363,2374,0.5863437652587891
627,363,1142,0.5863171815872192
628,363,2803,0.586276113986969
629,363,1725,0.5862392783164978
630,363,2318,0.5860629081726074
631,363,3528,0.586056649684906
632,363,3428,0.586000382900238
633,363,1183,0.585999071598053
634,363,1709,0.5859187841415405
635,363,2449,0.5859047770500183
636,363,678,0.5855349898338318
637,363,1678,0.5854942202568054
638,363,3535,0.5854616165161133
639,363,2869,0.585447371006012
640,363,1246,0.5853861570358276
641,363,3592,0.5851330161094666
642,363,2075,0.5850903987884521
643,363,1184,0.5850590467453003
644,363,1701,0.5850339531898499
645,363,414,0.5850143432617188
646,363,2623,0.5847055912017822
647,363,3229,0.5846108198165894
648,363,3605,0.584291398525238
649,363,444,0.5842036008834839
650,363,1137,0.5841991901397705
651,363,765,0.5841020345687866
652,363,2537,0.5840111970901489
653,363,608,0.5839425921440125
654,363,707,0.5837939381599426
655,363,1298,0.5837640762329102
656,363,2574,0.5837637782096863
657,363,2349,0.5836489200592041
658,363,360,0.5834999084472656
659,363,71,0.5833726525306702
660,363,2198,0.5833242535591125
661,363,2525,0.5833045244216919
662,363,464,0.5831051468849182
663,363,700,0.5823640823364258
664,363,1841,0.5820022225379944
665,363,3221,0.5816070437431335
666,363,463,0.5815416574478149
667,363,3188,0.5815266370773315
668,363,1134,0.5814691781997681
669,363,2152,0.5813766121864319
670,363,2645,0.5813479423522949
671,363,502,0.581282913684845
672,363,3226,0.5809696912765503
673,363,1110,0.5808258652687073
674,363,549,0.5804188847541809
675,363,2938,0.5803432464599609
676,363,3283,0.5802127718925476
677,363,1899,0.5801377296447754
678,363,3581,0.580050528049469
679,363,1721,0.5799387693405151
680,363,3638,0.5798903703689575
681,363,3262,0.5796242356300354
682,363,2860,0.5796193480491638
683,363,610,0.5795775651931763
684,363,383,0.5791551470756531
685,363,861,0.5789697170257568
686,363,3177,0.5789006352424622
687,363,2825,0.5788171887397766
688,363,2731,0.5788130760192871
689,363,227,0.5785946249961853
690,363,113,0.5785279870033264
691,363,438,0.5784481763839722
692,363,2855,0.578441858291626
693,363,408,0.5784347057342529
694,363,3306,0.5781227350234985
695,363,3345,0.5779324769973755
696,363,391,0.5777969360351562
697,363,3532,0.5777628421783447
698,363,2836,0.5775243043899536
699,363,3454,0.5773283839225769
700,363,3451,0.5770747065544128
701,363,1708,0.5770375728607178
702,363,2121,0.5769890546798706
703,363,3654,0.5769820213317871
704,363,1115,0.5768109560012817
705,363,1969,0.576662540435791
706,363,1295,0.5764132142066956
707,363,3593,0.5761185884475708
708,363,1145,0.5760707259178162
709,363,3531,0.5760402679443359
710,363,413,0.5759321451187134
711,363,600,0.5759316682815552
712,363,649,0.5758870840072632
713,363,2154,0.5758740305900574
714,363,1311,0.5758441090583801
715,363,2405,0.5757872462272644
716,363,1194,0.5757274627685547
717,363,1140,0.5755259394645691
718,363,1035,0.5755243897438049
719,363,1151,0.5754892826080322
720,363,3614,0.575462281703949
721,363,2188,0.5754587650299072
722,363,2594,0.5754052996635437
723,363,1980,0.5748463273048401
724,363,3643,0.5747783184051514
725,363,3644,0.5747154951095581
726,363,735,0.5746038556098938
727,363,3652,0.574550211429596
728,363,2550,0.5745010375976562
729,363,3574,0.5741407871246338
730,363,686,0.5741310119628906
731,363,1100,0.5738236904144287
732,363,2129,0.5736284255981445
733,363,3533,0.5734236240386963
734,363,3295,0.5732520818710327
735,363,677,0.57301926612854
736,363,3384,0.5729928016662598
737,363,1235,0.5728564858436584
738,363,1181,0.5728464126586914
739,363,1158,0.5727680325508118
740,363,2536,0.5727221965789795
741,363,3656,0.572690486907959
742,363,3329,0.5722652077674866
743,363,2220,0.5721359252929688
744,363,1955,0.5720939636230469
745,363,1677,0.5720512866973877
746,363,1075,0.5716933012008667
747,363,1050,0.5715786814689636
748,363,3515,0.5715559124946594
749,363,13,0.5714728236198425
750,363,697,0.5712848901748657
751,363,1247,0.5711082816123962
752,363,2554,0.5710633993148804
753,363,2773,0.570905327796936
754,363,1196,0.5708616375923157
755,363,1679,0.5708235502243042
756,363,2338,0.570469856262207
757,363,3517,0.5704270005226135
758,363,243,0.5703403949737549
759,363,2348,0.5703153610229492
760,363,2359,0.570266604423523
761,363,3537,0.5702400803565979
762,363,1359,0.570225179195404
763,363,24,0.5699885487556458
764,363,22,0.5698791742324829
765,363,1690,0.569822371006012
766,363,3269,0.5697582960128784
767,363,2603,0.5694690346717834
768,363,1576,0.5694618821144104
769,363,1891,0.5694468021392822
770,363,3420,0.5692873597145081
771,363,1411,0.5692585110664368
772,363,2930,0.5691831707954407
773,363,2818,0.5690942406654358
774,363,651,0.5690569281578064
775,363,3529,0.5689750909805298
776,363,2616,0.5689544081687927
777,363,654,0.5689507722854614
778,363,694,0.5689507722854614
779,363,85,0.5688507556915283
780,363,1717,0.5688276290893555
781,363,1049,0.5685561895370483
782,363,3615,0.5684847235679626
783,363,39,0.5683012008666992
784,363,100,0.5682686567306519
785,363,2777,0.5681027173995972
786,363,1065,0.5680916905403137
787,363,1637,0.5680019855499268
788,363,708,0.5679222345352173
789,363,761,0.5678025484085083
790,363,1231,0.5677095651626587
791,363,3337,0.567554771900177
792,363,1902,0.5674986243247986
793,363,1913,0.5672289729118347
794,363,3403,0.5671988725662231
795,363,599,0.5671884417533875
796,363,3466,0.5671119093894958
797,363,3347,0.5671000480651855
798,363,520,0.5670378804206848
799,363,3212,0.5669539570808411
800,363,2314,0.566811203956604
801,363,3326,0.5668061971664429
802,363,1635,0.5665290355682373
803,363,3301,0.5664725303649902
804,363,2838,0.5664287209510803
805,363,1239,0.566408097743988
806,363,1656,0.5662684440612793
807,363,676,0.5661816596984863
808,363,1688,0.566094696521759
809,363,2811,0.56600022315979
810,363,18,0.5657958388328552
811,363,1062,0.5657892227172852
812,363,20,0.565755307674408
813,363,266,0.5657212138175964
814,363,616,0.5655444860458374
815,363,1641,0.5655299425125122
816,363,2726,0.5653705596923828
817,363,1171,0.5650457739830017
818,363,2001,0.5649658441543579
819,363,642,0.5648717284202576
820,363,297,0.5648103356361389
821,363,3416,0.5643766522407532
822,363,3350,0.5642791986465454
823,363,2968,0.564233660697937
824,363,1276,0.5641410946846008
825,363,2199,0.5640775561332703
826,363,3408,0.5639985799789429
827,363,2310,0.5638730525970459
828,363,2720,0.5638273358345032
829,363,1104,0.5638210773468018
830,363,2197,0.5636780858039856
831,363,717,0.5635862946510315
832,363,2123,0.5635625720024109
833,363,3330,0.5634175539016724
834,363,2225,0.5633116960525513
835,363,2858,0.5632434487342834
836,363,1127,0.5632374882698059
837,363,2378,0.5629606246948242
838,363,1161,0.5627745389938354
839,363,2476,0.5626988410949707
840,363,3534,0.5625364780426025
841,363,1907,0.5624264478683472
842,363,760,0.5622710585594177
843,363,2371,0.56187903881073
844,363,1508,0.561755359172821
845,363,3183,0.5617303848266602
846,363,1328,0.5613786578178406
847,363,2375,0.5613594651222229
848,363,1317,0.5612323880195618
849,363,1081,0.56108558177948
850,363,1914,0.5610539317131042
851,363,1661,0.5609779953956604
852,363,1342,0.5609299540519714
853,363,2350,0.5606281161308289
854,363,2877,0.5604190826416016
855,363,2400,0.5603960156440735
856,363,3565,0.5603650808334351
857,363,3126,0.5603201985359192
858,363,2462,0.5602596402168274
859,363,2832,0.5602133274078369
860,363,2148,0.5599974393844604
861,363,523,0.5598006248474121
862,363,2411,0.5597761273384094
863,363,432,0.5595576167106628
864,363,723,0.5595502853393555
865,363,2791,0.5593308806419373
866,363,3450,0.5591161251068115
867,363,121,0.5588164329528809
868,363,3632,0.5586680173873901
869,363,1313,0.5586399435997009
870,363,1188,0.5584275722503662
871,363,1096,0.5580494403839111
872,363,1164,0.5579688549041748
873,363,1043,0.5579253435134888
874,363,1584,0.5578621029853821
875,363,2185,0.5577148795127869
876,363,2467,0.5576110482215881
877,363,3261,0.5572710633277893
878,363,2511,0.5569314360618591
879,363,12,0.5568194389343262
880,363,805,0.5567131638526917
881,363,619,0.5567064881324768
882,363,473,0.5566772818565369
883,363,2369,0.5566177368164062
884,363,2966,0.5564146041870117
885,363,2223,0.5563639402389526
886,363,2787,0.5563430190086365
887,363,3399,0.5562148690223694
888,363,564,0.5560911893844604
889,363,2457,0.5560001730918884
890,363,3224,0.5556119084358215
891,363,2176,0.5554551482200623
892,363,2379,0.5554242730140686
893,363,1098,0.5554026961326599
894,363,3381,0.5553309321403503
895,363,2117,0.5552461743354797
896,363,2746,0.555235743522644
897,363,41,0.5550824999809265
898,363,2520,0.5548158288002014
899,363,1669,0.554808497428894
900,363,1225,0.5545608997344971
901,363,2734,0.5545429587364197
902,363,1866,0.5541573762893677
903,363,32,0.5540112853050232
904,363,3230,0.5539692640304565
905,363,258,0.5539657473564148
906,363,2821,0.553878664970398
907,363,1316,0.5537244081497192
908,363,3624,0.5536947846412659
909,363,1206,0.5535967350006104
910,363,3559,0.5535961985588074
911,363,504,0.5535405278205872
912,363,2186,0.5534977912902832
913,363,3296,0.5533139705657959
914,363,647,0.5532277822494507
915,363,3636,0.5531771183013916
916,363,3320,0.5530834794044495
917,363,1304,0.5529463887214661
918,363,2570,0.5529112815856934
919,363,1481,0.5527094602584839
920,363,2190,0.5526654124259949
921,363,3322,0.5526467561721802
922,363,1695,0.5525744557380676
923,363,2466,0.552568793296814
924,363,2200,0.5524150133132935
925,363,3355,0.5521197319030762
926,363,395,0.5519136190414429
927,363,3576,0.5518949031829834
928,363,2827,0.5518491268157959
929,363,3543,0.5515838265419006
930,363,2636,0.5515052080154419
931,363,716,0.5512653589248657
932,363,2410,0.5509921312332153
933,363,727,0.5509516000747681
934,363,1623,0.5508895516395569
935,363,1821,0.5508512854576111
936,363,281,0.5508407950401306
937,363,2533,0.5508068799972534
938,363,3629,0.5507172346115112
939,363,1254,0.5505799651145935
940,363,1074,0.5504741072654724
941,363,1114,0.5503193736076355
942,363,3237,0.5502234697341919
943,363,2962,0.5501744747161865
944,363,1199,0.5501300096511841
945,363,2298,0.5500952005386353
946,363,1261,0.5499486327171326
947,363,2202,0.5496461987495422
948,363,2135,0.5495421886444092
949,363,69,0.5493285059928894
950,363,474,0.5492844581604004
951,363,90,0.5491510033607483
952,363,2217,0.5490396618843079
953,363,1833,0.5490350127220154
954,363,260,0.5490322709083557
955,363,2180,0.5489393472671509
956,363,2150,0.5489034056663513
957,363,684,0.5487505793571472
958,363,1187,0.5487232208251953
959,363,2722,0.5486212372779846
960,363,3649,0.5484674572944641
961,363,1869,0.5484469532966614
962,363,1366,0.5482544302940369
963,363,346,0.5481547117233276
964,363,1051,0.5480634570121765
965,363,1698,0.5480000376701355
966,363,2923,0.5479941964149475
967,363,1643,0.5479723215103149
968,363,672,0.5478768944740295
969,363,3335,0.5478349328041077
970,363,1085,0.5477887988090515
971,363,2181,0.547691285610199
972,363,3551,0.5476510524749756
973,363,1109,0.5476070642471313
974,363,1571,0.5475835204124451
975,363,2,0.547527015209198
976,363,1332,0.5474841594696045
977,363,3568,0.5474766492843628
978,363,1893,0.5473565459251404
979,363,1175,0.5472744703292847
980,363,35,0.5469931364059448
981,363,2020,0.5464651584625244
982,363,1064,0.5464634895324707
983,363,1775,0.5460371375083923
984,363,475,0.5459511280059814
985,363,1995,0.5458898544311523
986,363,2167,0.5458143949508667
987,363,3591,0.5458066463470459
988,363,1046,0.5452569127082825
989,363,2781,0.5451691150665283
990,363,1160,0.5450864434242249
991,363,2404,0.5450432896614075
992,363,1675,0.5446775555610657
993,363,2291,0.5444157123565674
994,363,3,0.5443099141120911
995,363,1343,0.5442169308662415
996,363,3258,0.544154703617096
997,363,1409,0.5440954566001892
998,363,2104,0.5439988970756531
999,363,1240,0.54355388879776
1000,363,2118,0.5435132384300232
1001,363,2311,0.5432088375091553
1002,363,592,0.5430676937103271
1003,363,68,0.5429524183273315
1004,363,1720,0.5429210066795349
1005,363,2205,0.5428135395050049
1006,363,2453,0.5427862405776978
1007,363,2448,0.5426217317581177
1008,363,235,0.5425416231155396
1009,363,42,0.5424928665161133
1010,363,1892,0.5424026250839233
1011,363,3621,0.5422323942184448
1012,363,1832,0.5421556234359741
1013,363,2422,0.5420364737510681
1014,363,2211,0.5418119430541992
1015,363,3647,0.5418006181716919
1016,363,482,0.5417552590370178
1017,363,519,0.541732132434845
1018,363,261,0.541604220867157
1019,363,1888,0.541601300239563
1020,363,2471,0.5415619015693665
1021,363,1141,0.5415328741073608
1022,363,1338,0.5413632988929749
1023,363,1570,0.5413598418235779
1024,363,2523,0.5410608649253845
1025,363,254,0.5410387516021729
1026,363,1942,0.5410361886024475
1027,363,2686,0.540781557559967
1028,363,3369,0.5405380129814148
1029,363,435,0.5405058264732361
1030,363,466,0.5403642654418945
1031,363,1933,0.5403260588645935
1032,363,862,0.5402259826660156
1033,363,3314,0.5402202010154724
1034,363,1898,0.5402003526687622
1035,363,1275,0.5401748418807983
1036,363,1400,0.5401027798652649
1037,363,1191,0.5400768518447876
1038,363,696,0.5399349331855774
1039,363,1067,0.5397878289222717
1040,363,2429,0.5397685170173645
1041,363,1048,0.539535641670227
1042,363,2172,0.5395353436470032
1043,363,2142,0.5394625067710876
1044,363,2444,0.5394610166549683
1045,363,1978,0.5392972230911255
1046,363,3364,0.5391698479652405
1047,363,16,0.5389928817749023
1048,363,1215,0.5389697551727295
1049,363,547,0.5388500690460205
1050,363,401,0.538796067237854
1051,363,2905,0.5386297702789307
1052,363,416,0.5384796261787415
1053,363,2228,0.5383672714233398
1054,363,2324,0.5380568504333496
1055,363,8,0.5375732779502869
1056,363,1847,0.5375375151634216
1057,363,2635,0.5374653935432434
1058,363,3599,0.5373542308807373
1059,363,51,0.5372850894927979
1060,363,1726,0.537223219871521
1061,363,1202,0.5371381044387817
1062,363,415,0.5368400812149048
1063,363,2884,0.5367067456245422
1064,363,2786,0.5365346670150757
1065,363,2425,0.5363517999649048
1066,363,2754,0.5363444089889526
1067,363,2430,0.5362364053726196
1068,363,1094,0.5362169742584229
1069,363,1578,0.5360085964202881
1070,363,3567,0.5358021855354309
1071,363,1078,0.535798966884613
1072,363,3560,0.5357155203819275
1073,363,2676,0.5357048511505127
1074,363,1930,0.5354293584823608
1075,363,1378,0.5352979302406311
1076,363,2796,0.5351356267929077
1077,363,1918,0.535127580165863
1078,363,3319,0.5351148247718811
1079,363,1041,0.5350489020347595
1080,363,3655,0.5350430011749268
1081,363,1407,0.5350140333175659
1082,363,590,0.5346419215202332
1083,363,442,0.5340662002563477
1084,363,1790,0.5338241457939148
1085,363,2390,0.5338144302368164
1086,363,3277,0.533562421798706
1087,363,19,0.5335415601730347
1088,363,66,0.5334932208061218
1089,363,3459,0.5334841012954712
1090,363,2541,0.5331500172615051
1091,363,1123,0.532930850982666
1092,363,1742,0.5327794551849365
1093,363,643,0.5326362252235413
1094,363,1032,0.5325835347175598
1095,363,3597,0.532478392124176
1096,363,1132,0.5322402715682983
1097,363,1264,0.5321445465087891
1098,363,2495,0.5321059226989746
1099,363,1294,0.5319454073905945
1100,363,1404,0.5316337943077087
1101,363,425,0.5315189957618713
1102,363,483,0.5315095782279968
1103,363,2047,0.5314760804176331
1104,363,2435,0.5312637686729431
1105,363,1849,0.5311806797981262
1106,363,467,0.5311188101768494
1107,363,2380,0.530939519405365
1108,363,631,0.5308788418769836
1109,363,3276,0.5307705998420715
1110,363,1697,0.5306950807571411
1111,363,3508,0.5306684374809265
1112,363,1237,0.5306602716445923
1113,363,3616,0.5306506156921387
1114,363,3238,0.5305162668228149
1115,363,1120,0.530513346195221
1116,363,2184,0.5304911136627197
1117,363,1579,0.5300378203392029
1118,363,3354,0.5297839045524597
1119,363,14,0.5297588109970093
1120,363,548,0.5297473669052124
1121,363,2112,0.5296924114227295
1122,363,1614,0.5295965075492859
1123,363,602,0.529564619064331
1124,363,3310,0.5294961333274841
1125,363,705,0.5294391512870789
1126,363,423,0.5289691686630249
1127,363,814,0.5289191007614136
1128,363,2421,0.5289028882980347
1129,363,1376,0.5287312269210815
1130,363,552,0.5284978747367859
1131,363,2398,0.5284078121185303
1132,363,488,0.5283790826797485
1133,363,1386,0.5283571481704712
1134,363,3134,0.5282080173492432
1135,363,2830,0.5281816124916077
1136,363,1904,0.5281104445457458
1137,363,1362,0.5280869603157043
1138,363,2549,0.5279078483581543
1139,363,650,0.527876079082489
1140,363,1305,0.5272902250289917
1141,363,3022,0.5272465348243713
1142,363,2590,0.52708899974823
1143,363,313,0.526945173740387
1144,363,3098,0.5267831683158875
1145,363,3602,0.526733934879303
1146,363,1851,0.5263985395431519
1147,363,2691,0.5260292887687683
1148,363,617,0.5260095596313477
1149,363,1178,0.5260070562362671
1150,363,660,0.5259177684783936
1151,363,45,0.5256184935569763
1152,363,3263,0.5255623459815979
1153,363,97,0.5254030823707581
1154,363,1976,0.5251673460006714
1155,363,1070,0.5250698924064636
1156,363,1968,0.5250186920166016
1157,363,3312,0.5249278545379639
1158,363,2387,0.5249107480049133
1159,363,33,0.5248340368270874
1160,363,2568,0.5247940421104431
1161,363,2902,0.5245012044906616
1162,363,2382,0.5244309306144714
1163,363,2437,0.5242161750793457
1164,363,2388,0.5241286158561707
1165,363,3440,0.5240962505340576
1166,363,506,0.5240645408630371
1167,363,1441,0.5240358710289001
1168,363,2460,0.5237959623336792
1169,363,1125,0.5237885117530823
1170,363,2372,0.5236398577690125
1171,363,3333,0.5235720872879028
1172,363,1214,0.5235719680786133
1173,363,2399,0.5234276652336121
1174,363,2964,0.5232037305831909
1175,363,1071,0.5231977701187134
1176,363,3561,0.5231279134750366
1177,363,2023,0.5230067372322083
1178,363,1687,0.522972583770752
1179,363,1572,0.5229112505912781
1180,363,3398,0.5228386521339417
1181,363,1321,0.5228174328804016
1182,363,1039,0.5226508378982544
1183,363,2134,0.5226467847824097
1184,363,1413,0.5223894119262695
1185,363,2736,0.5218281149864197
1186,363,2401,0.5217315554618835
1187,363,2695,0.5217203497886658
1188,363,2204,0.5216204524040222
1189,363,1597,0.5216017961502075
1190,363,1205,0.5215637683868408
1191,363,1681,0.5213114619255066
1192,363,1040,0.5212982892990112
1193,363,2701,0.5212803483009338
1194,363,2861,0.5210468769073486
1195,363,2094,0.520993709564209
1196,363,3530,0.520956814289093
1197,363,1649,0.5209172368049622
1198,363,2438,0.5208672285079956
1199,363,2970,0.520840048789978
1200,363,743,0.5208194851875305
1201,363,222,0.5207949876785278
1202,363,1268,0.5207089185714722
1203,363,2771,0.5207052230834961
1204,363,6,0.5205131769180298
1205,363,99,0.520273745059967
1206,363,1053,0.5201192498207092
1207,363,2330,0.520064115524292
1208,363,2556,0.5199971199035645
1209,363,1915,0.5199035406112671
1210,363,3476,0.5195436477661133
1211,363,1152,0.5195321440696716
1212,363,2447,0.5195100903511047
1213,363,2370,0.5194828510284424
1214,363,713,0.5194475650787354
1215,363,1347,0.519397497177124
1216,363,92,0.5193347930908203
1217,363,181,0.5193326473236084
1218,363,1245,0.5189384818077087
1219,363,2415,0.5187860131263733
1220,363,2503,0.5186066627502441
1221,363,2024,0.5183218717575073
1222,363,2828,0.5182137489318848
1223,363,2820,0.5181880593299866
1224,363,2386,0.5180838704109192
1225,363,2620,0.5180802941322327
1226,363,1682,0.5180073380470276
1227,363,2309,0.5177314281463623
1228,363,518,0.5177021622657776
1229,363,2543,0.5176928639411926
1230,363,1063,0.5176858305931091
1231,363,1238,0.5176814794540405
1232,363,1651,0.5176249742507935
1233,363,459,0.517391562461853
1234,363,2539,0.5171763300895691
1235,363,1456,0.5171128511428833
1236,363,1138,0.516477108001709
1237,363,563,0.5164169073104858
1238,363,3610,0.5164124965667725
1239,363,3585,0.516405463218689
1240,363,605,0.5160821676254272
1241,363,3545,0.5160527229309082
1242,363,789,0.5158898234367371
1243,363,2544,0.515796959400177
1244,363,2833,0.5155785083770752
1245,363,298,0.5155651569366455
1246,363,2758,0.5155631899833679
1247,363,2689,0.5155494213104248
1248,363,104,0.5154686570167542
1249,363,15,0.5153961181640625
1250,363,2409,0.5152357220649719
1251,363,1379,0.5149009823799133
1252,363,2171,0.5148367285728455
1253,363,1706,0.5148019790649414
1254,363,2816,0.5147243142127991
1255,363,3612,0.5146660208702087
1256,363,3582,0.5145516395568848
1257,363,2412,0.5144955515861511
1258,363,1938,0.5143994688987732
1259,363,3609,0.5143327713012695
1260,363,1901,0.5142337083816528
1261,363,823,0.5140878558158875
1262,363,3622,0.5139880776405334
1263,363,766,0.5139418840408325
1264,363,1119,0.5137325525283813
1265,363,405,0.5136895775794983
1266,363,711,0.5136814713478088
1267,363,1288,0.5136674642562866
1268,363,2384,0.5136326551437378
1269,363,618,0.5135887861251831
1270,363,407,0.5135033130645752
1271,363,3241,0.5135005116462708
1272,363,2470,0.5134230852127075
1273,363,2326,0.5132652521133423
1274,363,3290,0.513093113899231
1275,363,2713,0.5130839943885803
1276,363,2928,0.5130770206451416
1277,363,2806,0.512982964515686
1278,363,7,0.5128832459449768
1279,363,3321,0.5128695964813232
1280,363,2857,0.5128583312034607
1281,363,2105,0.5127768516540527
1282,363,1789,0.5127381086349487
1283,363,2175,0.512596845626831
1284,363,17,0.5124308466911316
1285,363,2243,0.5123870968818665
1286,363,2826,0.5121884346008301
1287,363,2381,0.5120688080787659
1288,363,2650,0.5119574069976807
1289,363,1348,0.511785626411438
1290,363,693,0.5117379426956177
1291,363,2963,0.5116660594940186
1292,363,1877,0.5115405321121216
1293,363,1702,0.5112332701683044
1294,363,1958,0.5111804008483887
1295,363,3240,0.5111219882965088
1296,363,2591,0.511121392250061
1297,363,2290,0.5110635161399841
1298,363,1186,0.5109363794326782
1299,363,1391,0.5108365416526794
1300,363,1837,0.510457456111908
1301,363,3562,0.5104554891586304
1302,363,636,0.5101420879364014
1303,363,118,0.5101417303085327
1304,363,1148,0.5101381540298462
1305,363,1764,0.5099400877952576
1306,363,53,0.5099170804023743
1307,363,96,0.5098834037780762
1308,363,1405,0.5097378492355347
1309,363,2866,0.5097187757492065
1310,363,2111,0.509676992893219
1311,363,1095,0.5094162821769714
1312,363,123,0.5093845129013062
1313,363,3315,0.5092025399208069
1314,363,620,0.5091931223869324
1315,363,2502,0.5091384053230286
1316,363,2682,0.5091363191604614
1317,363,598,0.509100615978241
1318,363,1377,0.5090796947479248
1319,363,2719,0.5090322494506836
1320,363,2497,0.5089390277862549
1321,363,1639,0.5088794827461243
1322,363,1212,0.5086188316345215
1323,363,2133,0.508347749710083
1324,363,225,0.5081701278686523
1325,363,2817,0.508007824420929
1326,363,633,0.5077505111694336
1327,363,2328,0.5076606273651123
1328,363,2846,0.5075781941413879
1329,363,1777,0.5075345039367676
1330,363,1696,0.5074313879013062
1331,363,246,0.5074272155761719
1332,363,452,0.5074187517166138
1333,363,1337,0.5073930025100708
1334,363,1229,0.5072648525238037
1335,363,271,0.5070726275444031
1336,363,2751,0.5070706009864807
1337,363,648,0.507043182849884
1338,363,1166,0.5069544911384583
1339,363,839,0.506524920463562
1340,363,1580,0.5063738226890564
1341,363,2286,0.5063624978065491
1342,363,1277,0.5063167810440063
1343,363,1949,0.5062289834022522
1344,363,1863,0.5061696171760559
1345,363,2546,0.5061078667640686
1346,363,153,0.5061009526252747
1347,363,3068,0.5059158205986023
1348,363,1149,0.505887508392334
1349,363,2214,0.5057922601699829
1350,363,497,0.5057339668273926
1351,363,2530,0.5055995583534241
1352,363,224,0.5055708885192871
1353,363,2446,0.5054449439048767
1354,363,1210,0.505193293094635
1355,363,508,0.5051031708717346
1356,363,1620,0.5050214529037476
1357,363,1346,0.5048680901527405
1358,363,200,0.5048447251319885
1359,363,2021,0.5048206448554993
1360,363,2295,0.5048116445541382
1361,363,1270,0.5047251582145691
1362,363,2041,0.5045242309570312
1363,363,2331,0.5043249726295471
1364,363,1662,0.5043052434921265
1365,363,2308,0.5042168498039246
1366,363,2477,0.5041720867156982
1367,363,2305,0.5039218068122864
1368,363,1307,0.5038549304008484
1369,363,1209,0.5038522481918335
1370,363,2170,0.5038349032402039
1371,363,1345,0.5037943124771118
1372,363,3334,0.503596305847168
1373,363,1840,0.5034622550010681
1374,363,638,0.5033378601074219
1375,363,557,0.5033296942710876
1376,363,1047,0.5032004714012146
1377,363,621,0.503052830696106
1378,363,2464,0.5029906630516052
1379,363,2960,0.502944827079773
1380,363,1323,0.5028043389320374
1381,363,38,0.50278240442276
1382,363,61,0.5026656985282898
1383,363,1846,0.5025916695594788
1384,363,26,0.5024741291999817
1385,363,3525,0.502418041229248
1386,363,1227,0.5022057890892029
1387,363,1716,0.5021787285804749
1388,363,807,0.5020918250083923
1389,363,2389,0.5018627047538757
1390,363,83,0.5018168687820435
1391,363,2219,0.5018122792243958
1392,363,1173,0.5018027424812317
1393,363,3431,0.5017580986022949
1394,363,1434,0.5017450451850891
1395,363,1981,0.5017138123512268
1396,363,3575,0.501363217830658
1397,363,397,0.5013504028320312
1398,363,2538,0.5013327598571777
1399,363,734,0.5012544989585876
1400,363,1992,0.5009709000587463
1401,363,1393,0.5009679198265076
1402,363,430,0.5009562373161316
1403,363,1973,0.5009111762046814
1404,363,3259,0.5008329153060913
1405,363,3552,0.5007927417755127
1406,363,1658,0.5007230043411255
1407,363,2704,0.5005714297294617
1408,363,510,0.5005696415901184
1409,363,2455,0.5005633234977722
1410,363,1285,0.5004974007606506
1411,363,2131,0.500383198261261
1412,363,2552,0.5002408027648926
1413,363,46,0.5000031590461731
1414,363,2581,0.49981725215911865
1415,363,3297,0.4997456669807434
1416,363,657,0.49969372153282166
1417,363,614,0.49955490231513977
1418,363,1318,0.49950110912323
1419,363,3352,0.4993952512741089
1420,363,3606,0.4993385374546051
1421,363,1718,0.4992730915546417
1422,363,561,0.4991249740123749
1423,363,1738,0.4990929663181305
1424,363,2297,0.4990047812461853
1425,363,1640,0.4989813268184662
1426,363,3414,0.4989369213581085
1427,363,635,0.4989088773727417
1428,363,2343,0.498647540807724
1429,363,2607,0.4985544681549072
1430,363,2563,0.4985456168651581
1431,363,2234,0.49840331077575684
1432,363,30,0.49820780754089355
1433,363,1349,0.4981522560119629
1434,363,494,0.4980950653553009
1435,363,3318,0.4978899657726288
1436,363,781,0.4978090226650238
1437,363,722,0.4976315498352051
1438,363,52,0.4975261092185974
1439,363,1250,0.4974776804447174
1440,363,1190,0.4973123371601105
1441,363,1630,0.4972477853298187
1442,363,505,0.4972010850906372
1443,363,279,0.497124582529068
1444,363,3122,0.4970913231372833
1445,363,1421,0.4970676600933075
1446,363,1619,0.4969741404056549
1447,363,2456,0.4967998266220093
1448,363,498,0.49653390049934387
1449,363,107,0.49646276235580444
1450,363,3620,0.49615177512168884
1451,363,1371,0.4959495961666107
1452,363,2750,0.49593955278396606
1453,363,2229,0.4957237243652344
1454,363,3522,0.49570900201797485
1455,363,1326,0.495580792427063
1456,363,1182,0.4954419434070587
1457,363,627,0.4953975975513458
1458,363,2169,0.4953298270702362
1459,363,826,0.4952891767024994
1460,363,1129,0.4951772093772888
1461,363,1629,0.4951162338256836
1462,363,1360,0.4951002299785614
1463,363,503,0.4950813949108124
1464,363,2931,0.49498313665390015
1465,363,2394,0.4948084354400635
1466,363,878,0.4947785437107086
1467,363,3323,0.49474647641181946
1468,363,1217,0.49463221430778503
1469,363,2138,0.49448704719543457
1470,363,1972,0.4943675398826599
1471,363,1102,0.4943010210990906
1472,363,3157,0.49425604939460754
1473,363,1467,0.4942271411418915
1474,363,456,0.4942092299461365
1475,363,2304,0.4941716492176056
1476,363,527,0.4941149652004242
1477,363,1608,0.4940822720527649
1478,363,2865,0.49400556087493896
1479,363,2793,0.4939793646335602
1480,363,1672,0.49397149682044983
1481,363,384,0.4939359128475189
1482,363,2192,0.49390241503715515
1483,363,2011,0.4936564266681671
1484,363,1281,0.4935986399650574
1485,363,688,0.49354633688926697
1486,363,2506,0.4935199022293091
1487,363,2414,0.4934576451778412
1488,363,3007,0.49328896403312683
1489,363,3607,0.49316656589508057
1490,363,1890,0.4931260645389557
1491,363,3001,0.4931202828884125
1492,363,2619,0.49264904856681824
1493,363,131,0.4925970137119293
1494,363,3220,0.49254313111305237
1495,363,461,0.4924493730068207
1496,363,2443,0.4922007918357849
1497,363,1310,0.49206510186195374
1498,363,2721,0.4920172691345215
1499,363,2420,0.4917813539505005
1500,363,639,0.491780161857605
1501,363,2906,0.491642564535141
1502,363,737,0.49126043915748596
1503,363,453,0.4910721182823181
1504,363,3464,0.4909396767616272
1505,363,2815,0.4908740520477295
1506,363,1340,0.4907950758934021
1507,363,122,0.4907107353210449
1508,363,101,0.4904159605503082
1509,363,2161,0.4902927279472351
1510,363,2428,0.49025198817253113
1511,363,544,0.4901883900165558
1512,363,992,0.48996299505233765
1513,363,2937,0.4898337721824646
1514,363,2465,0.48980697989463806
1515,363,808,0.48973628878593445
1516,363,1926,0.48952364921569824
1517,363,366,0.4895024001598358
1518,363,11,0.4893394410610199
1519,363,154,0.4889073967933655
1520,363,1335,0.48886826634407043
1521,363,2733,0.4887084364891052
1522,363,1322,0.4886004328727722
1523,363,771,0.48848795890808105
1524,363,1174,0.48833030462265015
1525,363,1982,0.48793208599090576
1526,363,3471,0.48791348934173584
1527,363,471,0.4878838062286377
1528,363,108,0.48786622285842896
1529,363,257,0.4877789616584778
1530,363,2287,0.487637460231781
1531,363,114,0.487635999917984
1532,363,472,0.48763254284858704
1533,363,25,0.48739567399024963
1534,363,2881,0.48731258511543274
1535,363,2519,0.4869717061519623
1536,363,656,0.48670321702957153
1537,363,2957,0.48669368028640747
1538,363,1083,0.4866635203361511
1539,363,2555,0.48662054538726807
1540,363,2601,0.48648741841316223
1541,363,1192,0.4863697588443756
1542,363,2432,0.48629018664360046
1543,363,2127,0.4862125813961029
1544,363,889,0.4858858585357666
1545,363,721,0.4855671226978302
1546,363,3504,0.4854990839958191
1547,363,1354,0.48544415831565857
1548,363,412,0.4853493869304657
1549,363,259,0.48526686429977417
1550,363,994,0.4852267801761627
1551,363,337,0.4851178228855133
1552,363,1889,0.4850197732448578
1553,363,226,0.4848781228065491
1554,363,1139,0.48479127883911133
1555,363,2703,0.4847489893436432
1556,363,1838,0.48468732833862305
1557,363,9,0.48464131355285645
1558,363,1283,0.4845207929611206
1559,363,1807,0.48423054814338684
1560,363,303,0.48411688208580017
1561,363,2393,0.48410409688949585
1562,363,2107,0.4839327037334442
1563,363,1079,0.4839319586753845
1564,363,72,0.4839318096637726
1565,363,2812,0.48321324586868286
1566,363,2005,0.4832128584384918
1567,363,21,0.4830653965473175
1568,363,3249,0.48302751779556274
1569,363,29,0.48280495405197144
1570,363,2651,0.48277565836906433
1571,363,5,0.4826122522354126
1572,363,3413,0.48251670598983765
1573,363,3179,0.4824525713920593
1574,363,528,0.48241177201271057
1575,363,3485,0.4824068546295166
1576,363,580,0.48235705494880676
1577,363,2553,0.4823295474052429
1578,363,189,0.48212730884552
1579,363,2790,0.48182398080825806
1580,363,2700,0.48160406947135925
1581,363,112,0.481574684381485
1582,363,3066,0.4811265468597412
1583,363,529,0.4808776378631592
1584,363,1121,0.4808471202850342
1585,363,454,0.48067063093185425
1586,363,2433,0.4806039035320282
1587,363,1586,0.48057928681373596
1588,363,392,0.480511873960495
1589,363,3419,0.4804847538471222
1590,363,1588,0.48046600818634033
1591,363,1729,0.4803307354450226
1592,363,138,0.4803100824356079
1593,363,1452,0.48022228479385376
1594,363,1251,0.48014673590660095
1595,363,2468,0.4800958037376404
1596,363,165,0.47998347878456116
1597,363,2904,0.479869544506073
1598,363,2065,0.4798477590084076
1599,363,2672,0.479663223028183
1600,363,193,0.47947004437446594
1601,363,429,0.4794408082962036
1602,363,1168,0.4791766405105591
1603,363,929,0.4789993166923523
1604,363,1392,0.4788074791431427
1605,363,2182,0.478750079870224
1606,363,3389,0.4785606563091278
1607,363,2752,0.478476345539093
1608,363,641,0.4784647226333618
1609,363,2783,0.4784303307533264
1610,363,1030,0.47834381461143494
1611,363,2916,0.47827962040901184
1612,363,2829,0.4782235324382782
1613,363,2218,0.47821107506752014
1614,363,2933,0.4781913161277771
1615,363,2179,0.4781052768230438
1616,363,2871,0.4779934585094452
1617,363,2162,0.47798478603363037
1618,363,234,0.4779725968837738
1619,363,2805,0.4779292345046997
1620,363,2922,0.47785642743110657
1621,363,205,0.47784894704818726
1622,363,1424,0.47764185070991516
1623,363,2019,0.47745805978775024
1624,363,0,0.47742128372192383
1625,363,255,0.4773920476436615
1626,363,3549,0.47714531421661377
1627,363,819,0.47710704803466797
1628,363,2320,0.4770594537258148
1629,363,386,0.47704774141311646
1630,363,2108,0.4767749011516571
1631,363,420,0.4767431318759918
1632,363,1093,0.4766334295272827
1633,363,530,0.4764547049999237
1634,363,604,0.4764178693294525
1635,363,1685,0.4763582646846771
1636,363,1372,0.47623521089553833
1637,363,512,0.4761093258857727
1638,363,1734,0.47609251737594604
1639,363,1499,0.4760900139808655
1640,363,2233,0.47603920102119446
1641,363,2032,0.4759342670440674
1642,363,1618,0.47590968012809753
1643,363,1710,0.4758533239364624
1644,363,1058,0.4757004976272583
1645,363,565,0.4756547212600708
1646,363,3317,0.4756520688533783
1647,363,451,0.47555068135261536
1648,363,2355,0.4753737449645996
1649,363,56,0.47529861330986023
1650,363,183,0.47505345940589905
1651,363,1664,0.47501543164253235
1652,363,1731,0.4748454689979553
1653,363,2794,0.4744985103607178
1654,363,2945,0.4744887351989746
1655,363,2724,0.47444969415664673
1656,363,646,0.4742043614387512
1657,363,145,0.4739890396595001
1658,363,277,0.47378355264663696
1659,363,1358,0.4737507402896881
1660,363,645,0.4737183451652527
1661,363,2090,0.4736504852771759
1662,363,446,0.4734293818473816
1663,363,2755,0.4733479917049408
1664,363,434,0.47333967685699463
1665,363,2303,0.47327402234077454
1666,363,58,0.47319018840789795
1667,363,1185,0.47307243943214417
1668,363,1403,0.4729381799697876
1669,363,691,0.472637802362442
1670,363,1397,0.47245848178863525
1671,363,612,0.4724077880382538
1672,363,3481,0.47235873341560364
1673,363,811,0.4723193645477295
1674,363,1836,0.4723043441772461
1675,363,1450,0.4722694158554077
1676,363,3366,0.4722547233104706
1677,363,2373,0.4722050428390503
1678,363,2935,0.47168537974357605
1679,363,1459,0.4716147780418396
1680,363,2674,0.4715732932090759
1681,363,1263,0.4714588224887848
1682,363,1170,0.47143322229385376
1683,363,162,0.47125837206840515
1684,363,2681,0.4712149202823639
1685,363,3048,0.4712119400501251
1686,363,832,0.4707077145576477
1687,363,1325,0.4706871211528778
1688,363,1812,0.47067832946777344
1689,363,2728,0.4706772267818451
1690,363,3541,0.4706183671951294
1691,363,2431,0.47055384516716003
1692,363,44,0.47051116824150085
1693,363,1858,0.4703146517276764
1694,363,55,0.4702325463294983
1695,363,2385,0.4700966775417328
1696,363,500,0.46977412700653076
1697,363,75,0.4695114195346832
1698,363,2848,0.4693654179573059
1699,363,2822,0.46911436319351196
1700,363,1242,0.46907076239585876
1701,363,2395,0.4688810110092163
1702,363,3463,0.46882393956184387
1703,363,670,0.46877235174179077
1704,363,545,0.4686952829360962
1705,363,1274,0.4685162305831909
1706,363,2909,0.46839141845703125
1707,363,844,0.468180388212204
1708,363,1897,0.4681502878665924
1709,363,2061,0.4681008458137512
1710,363,531,0.4680931568145752
1711,363,714,0.4680321514606476
1712,363,613,0.4680134654045105
1713,363,3058,0.46799078583717346
1714,363,2478,0.4678500294685364
1715,363,3324,0.4678405523300171
1716,363,1319,0.4675280749797821
1717,363,1045,0.46740230917930603
1718,363,2333,0.46731361746788025
1719,363,817,0.46706798672676086
1720,363,217,0.4670322835445404
1721,363,3245,0.4669992923736572
1722,363,27,0.4669124186038971
1723,363,2646,0.4668363332748413
1724,363,2498,0.4667406976222992
1725,363,3356,0.466609925031662
1726,363,3584,0.46648579835891724
1727,363,1442,0.46632739901542664
1728,363,2323,0.46626636385917664
1729,363,2924,0.46592414379119873
1730,363,2708,0.4656772017478943
1731,363,1845,0.4656215310096741
1732,363,2110,0.46550753712654114
1733,363,1477,0.4655073583126068
1734,363,1598,0.465164452791214
1735,363,2178,0.4651457369327545
1736,363,1859,0.46514299511909485
1737,363,1286,0.465116411447525
1738,363,3383,0.46485182642936707
1739,363,554,0.4646652340888977
1740,363,1089,0.4646415412425995
1741,363,253,0.4645457863807678
1742,363,731,0.4644222855567932
1743,363,1648,0.46442195773124695
1744,363,74,0.46436628699302673
1745,363,2628,0.4641401469707489
1746,363,353,0.4640246331691742
1747,363,1848,0.4638961851596832
1748,363,1259,0.46361687779426575
1749,363,1862,0.46357178688049316
1750,363,3129,0.46354541182518005
1751,363,736,0.46350085735321045
1752,363,2012,0.46324214339256287
1753,363,3443,0.4631534218788147
1754,363,48,0.46305519342422485
1755,363,23,0.46282368898391724
1756,363,1970,0.4628086984157562
1757,363,683,0.4627724587917328
1758,363,1468,0.46271082758903503
1759,363,2540,0.46259739995002747
1760,363,662,0.46242353320121765
1761,363,2557,0.46241292357444763
1762,363,3292,0.4621284008026123
1763,363,3382,0.46199607849121094
1764,363,2209,0.4618501663208008
1765,363,685,0.46183139085769653
1766,363,1398,0.4617013931274414
1767,363,2769,0.4616542458534241
1768,363,2266,0.4613789916038513
1769,363,1804,0.4613276720046997
1770,363,543,0.4612727761268616
1771,363,1146,0.46120819449424744
1772,363,857,0.46086305379867554
1773,363,1974,0.4607517123222351
1774,363,3348,0.46064919233322144
1775,363,851,0.46056482195854187
1776,363,2516,0.46043631434440613
1777,363,1776,0.4604211747646332
1778,363,1728,0.4603726863861084
1779,363,777,0.46032169461250305
1780,363,1292,0.4601762890815735
1781,363,1327,0.4601522982120514
1782,363,3079,0.4601156711578369
1783,363,1941,0.45997515320777893
1784,363,2353,0.4599585235118866
1785,363,3608,0.45987066626548767
1786,363,1356,0.4596530497074127
1787,363,3415,0.4593593180179596
1788,363,2690,0.45931336283683777
1789,363,815,0.45922425389289856
1790,363,644,0.4589247703552246
1791,363,1948,0.45889201760292053
1792,363,3141,0.45863303542137146
1793,363,1951,0.45860621333122253
1794,363,3278,0.45852935314178467
1795,363,1350,0.4585036337375641
1796,363,1418,0.4584203064441681
1797,363,2738,0.4583953320980072
1798,363,252,0.4583882689476013
1799,363,2166,0.45830073952674866
1800,363,3635,0.45803359150886536
1801,363,1793,0.4577770531177521
1802,363,2518,0.45777639746665955
1803,363,2714,0.4575982987880707
1804,363,1655,0.4574863910675049
1805,363,3571,0.45740610361099243
1806,363,2907,0.45717763900756836
1807,363,179,0.45694050192832947
1808,363,632,0.45681360363960266
1809,363,2232,0.45679593086242676
1810,363,1172,0.45667994022369385
1811,363,740,0.45648568868637085
1812,363,204,0.4564129710197449
1813,363,566,0.4563056528568268
1814,363,3060,0.45626208186149597
1815,363,1220,0.4561927616596222
1816,363,2231,0.45618942379951477
1817,363,611,0.4561691880226135
1818,363,1266,0.4560664892196655
1819,363,3069,0.45599672198295593
1820,363,2996,0.4558418393135071
1821,363,1828,0.45581933856010437
1822,363,417,0.45555397868156433
1823,363,487,0.45551979541778564
1824,363,1422,0.45546185970306396
1825,363,2288,0.4554082751274109
1826,363,289,0.45535025000572205
1827,363,2944,0.45531725883483887
1828,363,1855,0.4552960693836212
1829,363,203,0.45528560876846313
1830,363,78,0.4552396535873413
1831,363,3393,0.45512744784355164
1832,363,1606,0.45505213737487793
1833,363,1248,0.4546331465244293
1834,363,780,0.4545168876647949
1835,363,1265,0.45411521196365356
1836,363,230,0.4539555311203003
1837,363,3462,0.45382094383239746
1838,363,587,0.4538135528564453
1839,363,809,0.45366472005844116
1840,363,2653,0.4533158838748932
1841,363,3630,0.4531562626361847
1842,363,841,0.45310741662979126
1843,363,2764,0.453056275844574
1844,363,2222,0.4530182480812073
1845,363,1874,0.4529532790184021
1846,363,928,0.4527929425239563
1847,363,2596,0.4527820348739624
1848,363,496,0.4527243971824646
1849,363,947,0.4524146318435669
1850,363,240,0.45231112837791443
1851,363,178,0.45180901885032654
1852,363,2625,0.4518040716648102
1853,363,675,0.45173731446266174
1854,363,354,0.4515644609928131
1855,363,3253,0.4515431225299835
1856,363,133,0.45152580738067627
1857,363,1234,0.45131975412368774
1858,363,800,0.45116549730300903
1859,363,2680,0.4511289596557617
1860,363,1954,0.45085039734840393
1861,363,198,0.4508262276649475
1862,363,3251,0.4505794644355774
1863,363,2835,0.45055684447288513
1864,363,1834,0.4504817724227905
1865,363,2727,0.4503690302371979
1866,363,2195,0.45023778080940247
1867,363,1895,0.45007389783859253
1868,363,1176,0.45000559091567993
1869,363,219,0.449998676776886
1870,363,3447,0.44996923208236694
1871,363,2264,0.449927419424057
1872,363,1451,0.44988933205604553
1873,363,2679,0.4498889446258545
1874,363,2789,0.44980502128601074
1875,363,418,0.44958868622779846
1876,363,1383,0.448983758687973
1877,363,733,0.44888371229171753
1878,363,2610,0.44887661933898926
1879,363,3426,0.4487581253051758
1880,363,1324,0.44870442152023315
1881,363,1633,0.44868674874305725
1882,363,1059,0.44868654012680054
1883,363,447,0.44860756397247314
1884,363,215,0.448546439409256
1885,363,2624,0.44840937852859497
1886,363,653,0.4481601417064667
1887,363,687,0.4481571912765503
1888,363,1042,0.447704553604126
1889,363,305,0.44768697023391724
1890,363,1113,0.44766369462013245
1891,363,1881,0.4474811851978302
1892,363,1872,0.4472794234752655
1893,363,327,0.44678980112075806
1894,363,2900,0.4467123746871948
1895,363,170,0.44666725397109985
1896,363,1813,0.44633379578590393
1897,363,364,0.44590768218040466
1898,363,2814,0.4457519054412842
1899,363,1768,0.44568926095962524
1900,363,3102,0.44565895199775696
1901,363,1036,0.44517678022384644
1902,363,918,0.44493138790130615
1903,363,2808,0.44490042328834534
1904,363,308,0.4448941648006439
1905,363,3313,0.44484320282936096
1906,363,3275,0.4446796178817749
1907,363,2847,0.4444907009601593
1908,363,167,0.44447600841522217
1909,363,2880,0.4444665014743805
1910,363,532,0.4443751275539398
1911,363,1761,0.444343239068985
1912,363,2927,0.44423651695251465
1913,363,866,0.44423288106918335
1914,363,2575,0.4441983997821808
1915,363,3067,0.4441114664077759
1916,363,2658,0.4439094364643097
1917,363,577,0.44354739785194397
1918,363,173,0.44335928559303284
1919,363,216,0.4433172941207886
1920,363,1631,0.44330263137817383
1921,363,1417,0.4432292580604553
1922,363,3052,0.44321197271347046
1923,363,1179,0.4432090222835541
1924,363,2772,0.4429028034210205
1925,363,1224,0.44268783926963806
1926,363,2512,0.4426863491535187
1927,363,990,0.442499577999115
1928,363,1652,0.44215127825737
1929,363,1154,0.4420704245567322
1930,363,1256,0.44204002618789673
1931,363,3194,0.442026823759079
1932,363,185,0.44195061922073364
1933,363,1820,0.4418193995952606
1934,363,2352,0.4418017268180847
1935,363,2097,0.4414929151535034
1936,363,2943,0.44131696224212646
1937,363,275,0.44126221537590027
1938,363,837,0.441236674785614
1939,363,433,0.4408426284790039
1940,363,601,0.4407433867454529
1941,363,1971,0.44072166085243225
1942,363,2737,0.44045883417129517
1943,363,1964,0.44045108556747437
1944,363,1514,0.440231055021286
1945,363,1528,0.4401468336582184
1946,363,2561,0.44012975692749023
1947,363,3219,0.4400160610675812
1948,363,596,0.4400002062320709
1949,363,1896,0.43963366746902466
1950,363,1363,0.43945571780204773
1951,363,3047,0.43937796354293823
1952,363,1496,0.4392068386077881
1953,363,842,0.43894901871681213
1954,363,1462,0.438615620136261
1955,363,2859,0.43861499428749084
1956,363,2071,0.43834319710731506
1957,363,575,0.4382109045982361
1958,363,1432,0.4379905164241791
1959,363,336,0.43781593441963196
1960,363,2683,0.43760064244270325
1961,363,764,0.4374057352542877
1962,363,3137,0.43733617663383484
1963,363,581,0.4373156428337097
1964,363,2147,0.4372338056564331
1965,363,300,0.4371429681777954
1966,363,2756,0.43713465332984924
1967,363,1037,0.4368284344673157
1968,363,34,0.4368084669113159
1969,363,1198,0.436786025762558
1970,363,1739,0.43661776185035706
1971,363,1999,0.4365115165710449
1972,363,702,0.436393141746521
1973,363,3092,0.4363503158092499
1974,363,54,0.43622007966041565
1975,363,3132,0.436210960149765
1976,363,2282,0.43615081906318665
1977,363,569,0.4360746443271637
1978,363,47,0.43595194816589355
1979,363,2844,0.43587175011634827
1980,363,2237,0.43547314405441284
1981,363,1124,0.4354708194732666
1982,363,3460,0.4354460537433624
1983,363,1644,0.4354330003261566
1984,363,174,0.4352808892726898
1985,363,3469,0.4352545738220215
1986,363,1076,0.4350484311580658
1987,363,1433,0.4349406957626343
1988,363,268,0.43475040793418884
1989,363,3379,0.4346376061439514
1990,363,673,0.43452346324920654
1991,363,88,0.4345172345638275
1992,363,981,0.43449467420578003
1993,363,1444,0.434233158826828
1994,363,824,0.43422451615333557
1995,363,1010,0.4340038001537323
1996,363,2099,0.4339750409126282
1997,363,629,0.4336724877357483
1998,363,2760,0.4334981441497803
1999,363,746,0.4334504008293152
2000,363,2082,0.4334239661693573
2001,363,3510,0.4334181547164917
2002,363,1927,0.43336835503578186
2003,363,1169,0.4333082437515259
2004,363,3376,0.43326935172080994
2005,363,603,0.43324875831604004
2006,363,2874,0.4332202076911926
2007,363,1894,0.4330567717552185
2008,363,1165,0.43296942114830017
2009,363,3437,0.4326851963996887
2010,363,3307,0.4325708746910095
2011,363,742,0.432409405708313
2012,363,715,0.4323224127292633
2013,363,2698,0.4322349429130554
2014,363,3095,0.43211880326271057
2015,363,1884,0.43211784958839417
2016,363,2605,0.4320608675479889
2017,363,2504,0.4320608675479889
2018,363,3477,0.4319416582584381
2019,363,1090,0.43135806918144226
2020,363,3062,0.43122920393943787
2021,363,2354,0.43113911151885986
2022,363,661,0.43109914660453796
2023,363,3600,0.43102964758872986
2024,363,792,0.43100202083587646
2025,363,3372,0.4309050738811493
2026,363,2341,0.4308164417743683
2027,363,1910,0.43073928356170654
2028,363,1299,0.43053725361824036
2029,363,2132,0.4305206537246704
2030,363,2740,0.4304412305355072
2031,363,2932,0.43034660816192627
2032,363,2235,0.43031421303749084
2033,363,2351,0.4302375912666321
2034,363,2856,0.4300399422645569
2035,363,1871,0.43001589179039
2036,363,3030,0.4297899305820465
2037,363,2165,0.4296571612358093
2038,363,1465,0.42955970764160156
2039,363,3207,0.42954832315444946
2040,363,2137,0.42934200167655945
2041,363,2671,0.42925500869750977
2042,363,1994,0.429182767868042
2043,363,3057,0.4291217029094696
2044,363,882,0.4290619194507599
2045,363,3250,0.42905759811401367
2046,363,3550,0.42900174856185913
2047,363,982,0.42894411087036133
2048,363,818,0.4289412498474121
2049,363,835,0.4289094805717468
2050,363,2120,0.42888590693473816
2051,363,556,0.42873749136924744
2052,363,3553,0.42851653695106506
2053,363,2360,0.4284778833389282
2054,363,2366,0.42829155921936035
2055,363,2279,0.4281843602657318
2056,363,2489,0.4279763996601105
2057,363,659,0.42797037959098816
2058,363,3651,0.42793896794319153
2059,363,2306,0.4277099668979645
2060,363,342,0.4275768995285034
2061,363,2325,0.42733222246170044
2062,363,182,0.4271731376647949
2063,363,1909,0.427167683839798
2064,363,449,0.4271452724933624
2065,363,2739,0.42712289094924927
2066,363,830,0.4269082546234131
2067,363,202,0.4268712103366852
2068,363,2547,0.4267878532409668
2069,363,2767,0.4266829788684845
2070,363,3252,0.42665088176727295
2071,363,2911,0.4265953302383423
2072,363,2705,0.4263686239719391
2073,363,1996,0.426338255405426
2074,363,2236,0.42625316977500916
2075,363,810,0.4262288510799408
2076,363,701,0.42621174454689026
2077,363,1061,0.42617541551589966
2078,363,213,0.4261181652545929
2079,363,2775,0.4260295629501343
2080,363,1827,0.42572882771492004
2081,363,1406,0.4255583882331848
2082,363,2990,0.42532801628112793
2083,363,2419,0.4252162575721741
2084,363,850,0.4252077639102936
2085,363,361,0.42485445737838745
2086,363,1289,0.4247739017009735
2087,363,3282,0.4247453212738037
2088,363,2025,0.424686461687088
2089,363,1221,0.4244244396686554
2090,363,378,0.42441385984420776
2091,363,1116,0.4239937365055084
2092,363,971,0.423852801322937
2093,363,1375,0.42383354902267456
2094,363,76,0.42377984523773193
2095,363,3051,0.423635870218277
2096,363,1023,0.42355284094810486
2097,363,282,0.4234270453453064
2098,363,3637,0.42321133613586426
2099,363,3288,0.42315003275871277
2100,363,3475,0.42313575744628906
2101,363,448,0.4227302372455597
2102,363,1931,0.42263808846473694
2103,363,3498,0.4225449562072754
2104,363,3064,0.42246824502944946
2105,363,886,0.42244380712509155
2106,363,164,0.42236530780792236
2107,363,389,0.4221837520599365
2108,363,49,0.4221477210521698
2109,363,1143,0.42213746905326843
2110,363,796,0.42212343215942383
2111,363,3015,0.4220050573348999
2112,363,970,0.4219052493572235
2113,363,2230,0.42173466086387634
2114,363,681,0.42169293761253357
2115,363,2851,0.4214753210544586
2116,363,1022,0.4213556945323944
2117,363,223,0.42124733328819275
2118,363,925,0.4212278127670288
2119,363,2080,0.4211583733558655
2120,363,2780,0.42110201716423035
2121,363,458,0.42108961939811707
2122,363,1355,0.4210853576660156
2123,363,2037,0.4209194779396057
2124,363,2993,0.4209098517894745
2125,363,176,0.4207765758037567
2126,363,2618,0.4206801950931549
2127,363,1919,0.4206738770008087
2128,363,3598,0.4205467998981476
2129,363,908,0.42045217752456665
2130,363,2743,0.42037320137023926
2131,363,936,0.42025384306907654
2132,363,1060,0.4201156795024872
2133,363,2981,0.42009589076042175
2134,363,1249,0.42007744312286377
2135,363,197,0.42001834511756897
2136,363,269,0.41983693838119507
2137,363,1795,0.41954293847084045
2138,363,2587,0.4195083677768707
2139,363,1255,0.4192829132080078
2140,363,1156,0.41920962929725647
2141,363,2929,0.4189753532409668
2142,363,1650,0.4188239574432373
2143,363,3140,0.4187575578689575
2144,363,3020,0.418689101934433
2145,363,1057,0.41856470704078674
2146,363,1737,0.4184776246547699
2147,363,1745,0.4184724986553192
2148,363,1368,0.4184660315513611
2149,363,1611,0.4183824956417084
2150,363,1811,0.41832152009010315
2151,363,2571,0.41824111342430115
2152,363,3271,0.4180779755115509
2153,363,3311,0.4180331826210022
2154,363,403,0.417936772108078
2155,363,2294,0.4179312586784363
2156,363,2301,0.4179288148880005
2157,363,1686,0.4177336096763611
2158,363,495,0.4177092909812927
2159,363,894,0.41768553853034973
2160,363,2049,0.4176667034626007
2161,363,1748,0.4176390469074249
2162,363,2055,0.41753271222114563
2163,363,2086,0.4173891842365265
2164,363,2763,0.417277067899704
2165,363,2774,0.417276531457901
2166,363,2627,0.41727328300476074
2167,363,2514,0.41727328300476074
2168,363,2862,0.41726434230804443
2169,363,791,0.4172085225582123
2170,363,2226,0.41707828640937805
2171,363,2315,0.4170491397380829
2172,363,196,0.41696691513061523
2173,363,690,0.4168051779270172
2174,363,2795,0.4167855381965637
2175,363,1589,0.41667845845222473
2176,363,2017,0.4165334403514862
2177,363,86,0.4164970815181732
2178,363,320,0.41644105315208435
2179,363,637,0.41635099053382874
2180,363,1399,0.4162936210632324
2181,363,2066,0.41628319025039673
2182,363,2051,0.416272908449173
2183,363,902,0.4161759912967682
2184,363,3579,0.41614028811454773
2185,363,2654,0.41596150398254395
2186,363,1783,0.41594788432121277
2187,363,954,0.41591325402259827
2188,363,1817,0.41567403078079224
2189,363,1544,0.4156462550163269
2190,363,3100,0.4155760109424591
2191,363,1694,0.41544148325920105
2192,363,2038,0.41539275646209717
2193,363,567,0.4152240753173828
2194,363,380,0.41504234075546265
2195,363,109,0.41498225927352905
2196,363,1028,0.4149731695652008
2197,363,1956,0.4147091805934906
2198,363,671,0.41470834612846375
2199,363,1594,0.4145562946796417
2200,363,139,0.41452300548553467
2201,363,2918,0.41441699862480164
2202,363,147,0.4142923951148987
2203,363,1007,0.41410601139068604
2204,363,3171,0.4140908122062683
2205,363,372,0.4140408933162689
2206,363,3484,0.4138145446777344
2207,363,1476,0.4137986898422241
2208,363,3153,0.41377103328704834
2209,363,3042,0.41348204016685486
2210,363,1364,0.41341090202331543
2211,363,1412,0.41335687041282654
2212,363,2920,0.4133274555206299
2213,363,2800,0.41319137811660767
2214,363,609,0.4131806790828705
2215,363,2034,0.4130435883998871
2216,363,1568,0.4127451479434967
2217,363,295,0.4127205014228821
2218,363,3505,0.4125695526599884
2219,363,1766,0.4123225212097168
2220,363,2189,0.4121828079223633
2221,363,2995,0.4120504558086395
2222,363,855,0.4119948148727417
2223,363,951,0.4119376242160797
2224,363,3196,0.41190019249916077
2225,363,3040,0.41176941990852356
2226,363,3156,0.4115614593029022
2227,363,958,0.41136467456817627
2228,363,739,0.4113379418849945
2229,363,1257,0.4113141596317291
2230,363,2177,0.4113110303878784
2231,363,379,0.41124555468559265
2232,363,658,0.4112326502799988
2233,363,93,0.4111962616443634
2234,363,3294,0.41115203499794006
2235,363,568,0.41108766198158264
2236,363,2979,0.4110701382160187
2237,363,3139,0.4110468924045563
2238,363,913,0.4110310971736908
2239,363,2191,0.41092589497566223
2240,363,2101,0.4106731116771698
2241,363,1599,0.4106149971485138
2242,363,1068,0.410396933555603
2243,363,2761,0.41032835841178894
2244,363,256,0.41019049286842346
2245,363,134,0.41011056303977966
2246,363,2098,0.4098493158817291
2247,363,348,0.4098380208015442
2248,363,2427,0.40968501567840576
2249,363,1746,0.4096657335758209
2250,363,986,0.4096035361289978
2251,363,1824,0.4094238877296448
2252,363,157,0.40935078263282776
2253,363,516,0.409198135137558
2254,363,339,0.4091717302799225
2255,363,28,0.4090692698955536
2256,363,3041,0.40891775488853455
2257,363,10,0.4088245928287506
2258,363,3527,0.4086884558200836
2259,363,831,0.40861937403678894
2260,363,1967,0.4085320234298706
2261,363,893,0.4083286225795746
2262,363,730,0.40832754969596863
2263,363,3150,0.40829184651374817
2264,363,513,0.40809184312820435
2265,363,2842,0.4080875515937805
2266,363,129,0.4079537093639374
2267,363,2163,0.4078335762023926
2268,363,3145,0.4078001379966736
2269,363,898,0.40742945671081543
2270,363,2095,0.4073869287967682
2271,363,127,0.40725499391555786
2272,363,1962,0.4071819484233856
2273,363,3452,0.40709012746810913
2274,363,963,0.4070378541946411
2275,363,3108,0.40692275762557983
2276,363,628,0.40691938996315
2277,363,267,0.40655529499053955
2278,363,1577,0.40650543570518494
2279,363,184,0.40647828578948975
2280,363,934,0.40640363097190857
2281,363,3158,0.40634605288505554
2282,363,1805,0.40631014108657837
2283,363,1763,0.4062265455722809
2284,363,3280,0.4062137305736542
2285,363,589,0.4060826301574707
2286,363,2949,0.4059516489505768
2287,363,2799,0.4058952033519745
2288,363,2045,0.4057962894439697
2289,363,3427,0.40574511885643005
2290,363,302,0.40568697452545166
2291,363,2376,0.4056672751903534
2292,363,2363,0.4054505228996277
2293,363,2426,0.405245840549469
2294,363,3123,0.40523186326026917
2295,363,795,0.40511587262153625
2296,363,1794,0.40508535504341125
2297,363,1344,0.40450483560562134
2298,363,1130,0.4044782519340515
2299,363,98,0.40446600317955017
2300,363,903,0.4043962359428406
2301,363,455,0.40421533584594727
2302,363,3421,0.40415120124816895
2303,363,1781,0.4040575921535492
2304,363,1542,0.4038572311401367
2305,363,2604,0.40383490920066833
2306,363,1472,0.4037913978099823
2307,363,3077,0.40366655588150024
2308,363,2362,0.40356096625328064
2309,363,1749,0.40343138575553894
2310,363,80,0.40335962176322937
2311,363,1705,0.4032256007194519
2312,363,962,0.403190940618515
2313,363,2256,0.40317583084106445
2314,363,1592,0.40312695503234863
2315,363,2253,0.4030092656612396
2316,363,3148,0.40286985039711
2317,363,3492,0.4028037190437317
2318,363,3186,0.4024529755115509
2319,363,3154,0.4022073745727539
2320,363,1262,0.4021490812301636
2321,363,3086,0.40207237005233765
2322,363,2337,0.40203186869621277
2323,363,1865,0.40192490816116333
2324,363,931,0.40184786915779114
2325,363,110,0.40168100595474243
2326,363,2778,0.4015394151210785
2327,363,3223,0.40129560232162476
2328,363,879,0.40102294087409973
2329,363,3458,0.40102046728134155
2330,363,1490,0.4009888768196106
2331,363,1784,0.40079575777053833
2332,363,2463,0.4006880223751068
2333,363,2977,0.4006210267543793
2334,363,2062,0.4006076157093048
2335,363,900,0.400594562292099
2336,363,1423,0.4005375802516937
2337,363,2174,0.40047740936279297
2338,363,692,0.40030351281166077
2339,363,3070,0.40020379424095154
2340,363,1396,0.3997739255428314
2341,363,969,0.3997536301612854
2342,363,319,0.3997367024421692
2343,363,2961,0.3996904492378235
2344,363,559,0.3996579647064209
2345,363,3309,0.3996572196483612
2346,363,2573,0.3995715379714966
2347,363,2948,0.39956918358802795
2348,363,3418,0.39934462308883667
2349,363,3526,0.39928022027015686
2350,363,2096,0.3992621600627899
2351,363,192,0.399140864610672
2352,363,838,0.3989813029766083
2353,363,1445,0.39895957708358765
2354,363,3360,0.39890068769454956
2355,363,1159,0.39887019991874695
2356,363,782,0.39864417910575867
2357,363,2102,0.39862585067749023
2358,363,2569,0.3985415995121002
2359,363,2361,0.39841917157173157
2360,363,350,0.3984052538871765
2361,363,1306,0.39828041195869446
2362,363,156,0.39825430512428284
2363,363,2247,0.39823418855667114
2364,363,1953,0.39815330505371094
2365,363,1988,0.3980894386768341
2366,363,813,0.3980681300163269
2367,363,2908,0.3979545831680298
2368,363,2006,0.39777734875679016
2369,363,2143,0.3977348804473877
2370,363,978,0.3977184295654297
2371,363,1269,0.39769646525382996
2372,363,3033,0.39748120307922363
2373,363,1527,0.397377610206604
2374,363,896,0.39737528562545776
2375,363,2242,0.39719581604003906
2376,363,1879,0.3970774710178375
2377,363,985,0.3969215750694275
2378,363,1646,0.39690694212913513
2379,363,2843,0.3968903124332428
2380,363,273,0.39678892493247986
2381,363,2994,0.39663371443748474
2382,363,2757,0.39662376046180725
2383,363,2406,0.39637812972068787
2384,363,3368,0.3962216079235077
2385,363,1906,0.39616039395332336
2386,363,1353,0.39609295129776
2387,363,190,0.3960469961166382
2388,363,1088,0.3959357440471649
2389,363,152,0.3958076238632202
2390,363,250,0.39580315351486206
2391,363,2983,0.39577028155326843
2392,363,799,0.3956665098667145
2393,363,3468,0.39566364884376526
2394,363,377,0.3955950438976288
2395,363,2647,0.39559081196784973
2396,363,1985,0.3953190743923187
2397,363,1780,0.39522531628608704
2398,363,3631,0.3951854705810547
2399,363,460,0.39509639143943787
2400,363,1087,0.39501628279685974
2401,363,909,0.39498135447502136
2402,363,623,0.39496809244155884
2403,363,3138,0.39496520161628723
2404,363,1587,0.3949497640132904
2405,363,2246,0.39492368698120117
2406,363,1415,0.3948836922645569
2407,363,499,0.39480748772621155
2408,363,116,0.39478355646133423
2409,363,3405,0.39468619227409363
2410,363,2116,0.39459675550460815
2411,363,2081,0.39424988627433777
2412,363,450,0.3941294252872467
2413,363,50,0.39402666687965393
2414,363,591,0.3939875066280365
2415,363,1730,0.39386409521102905
2416,363,967,0.39380308985710144
2417,363,2776,0.39373594522476196
2418,363,3054,0.3937250077724457
2419,363,3031,0.3936123251914978
2420,363,158,0.3933545649051666
2421,363,1622,0.39308637380599976
2422,363,2878,0.39305779337882996
2423,363,3404,0.39305442571640015
2424,363,3131,0.39304476976394653
2425,363,778,0.39300936460494995
2426,363,1453,0.3928775489330292
2427,363,2688,0.39274081587791443
2428,363,2345,0.39208662509918213
2429,363,2980,0.3920055329799652
2430,363,897,0.39182546734809875
2431,363,1017,0.3917989134788513
2432,363,274,0.39172089099884033
2433,363,3359,0.39170846343040466
2434,363,794,0.39145734906196594
2435,363,1258,0.3913382291793823
2436,363,3127,0.3913136124610901
2437,363,3008,0.3911280035972595
2438,363,2677,0.3910052180290222
2439,363,3287,0.39094462990760803
2440,363,883,0.3908878266811371
2441,363,1765,0.3907962441444397
2442,363,2576,0.3904641270637512
2443,363,622,0.390460729598999
2444,363,1033,0.39040547609329224
2445,363,3191,0.3903766870498657
2446,363,729,0.3903503119945526
2447,363,323,0.39028021693229675
2448,363,3483,0.39018362760543823
2449,363,132,0.39014407992362976
2450,363,1674,0.3899666666984558
2451,363,2007,0.3899594247341156
2452,363,1603,0.38995909690856934
2453,363,770,0.38994431495666504
2454,363,588,0.3899083137512207
2455,363,194,0.3898587226867676
2456,363,394,0.38984307646751404
2457,363,2255,0.3897668719291687
2458,363,3128,0.38975465297698975
2459,363,1461,0.38973453640937805
2460,363,3038,0.38970819115638733
2461,363,738,0.389651894569397
2462,363,2069,0.389548659324646
2463,363,2598,0.38952603936195374
2464,363,2015,0.38944271206855774
2465,363,2258,0.38934415578842163
2466,363,135,0.3892073929309845
2467,363,3146,0.3891919255256653
2468,363,1482,0.38917604088783264
2469,363,2490,0.3890799283981323
2470,363,1912,0.38905224204063416
2471,363,977,0.3890218436717987
2472,363,2664,0.3889549970626831
2473,363,3049,0.388802707195282
2474,363,1740,0.3887132406234741
2475,363,1503,0.38862577080726624
2476,363,2087,0.38855430483818054
2477,363,2589,0.3884897828102112
2478,363,776,0.3884759545326233
2479,363,2797,0.3883633613586426
2480,363,2250,0.3883380591869354
2481,363,3088,0.3882659375667572
2482,363,1923,0.3882521390914917
2483,363,404,0.388226181268692
2484,363,1555,0.38806459307670593
2485,363,1208,0.3879481256008148
2486,363,3165,0.38793280720710754
2487,363,1002,0.38789963722229004
2488,363,2696,0.3878948390483856
2489,363,2358,0.3876814842224121
2490,363,2356,0.3876814842224121
2491,363,283,0.3876095414161682
2492,363,1038,0.38752827048301697
2493,363,187,0.3874649405479431
2494,363,166,0.387451171875
2495,363,2782,0.38739898800849915
2496,363,1012,0.38735929131507874
2497,363,1952,0.3871390223503113
2498,363,3367,0.3869667947292328
2499,363,2319,0.3868684470653534
2500,363,2562,0.3866414725780487
2501,363,3055,0.3865622878074646
2502,363,2723,0.3863849639892578
2503,363,3358,0.3862967789173126
2504,363,248,0.38616347312927246
2505,363,1385,0.3861594498157501
2506,363,630,0.386134535074234
2507,363,3110,0.3860909342765808
2508,363,875,0.38608452677726746
2509,363,1810,0.3858989477157593
2510,363,3478,0.3857405185699463
2511,363,211,0.3853364586830139
2512,363,3375,0.3852398097515106
2513,363,137,0.38514265418052673
2514,363,595,0.38507264852523804
2515,363,79,0.3850397765636444
2516,363,2249,0.38491615653038025
2517,363,355,0.38489052653312683
2518,363,1741,0.38470008969306946
2519,363,2989,0.384625643491745
2520,363,2158,0.3843342959880829
2521,363,1937,0.38421574234962463
2522,363,1213,0.38413044810295105
2523,363,3013,0.3840695023536682
2524,363,956,0.38400349020957947
2525,363,3046,0.3838706910610199
2526,363,1419,0.3838300108909607
2527,363,2473,0.38380131125450134
2528,363,2245,0.38365858793258667
2529,363,2156,0.383585125207901
2530,363,201,0.3832606375217438
2531,363,3247,0.3831958770751953
2532,363,2441,0.38303133845329285
2533,363,2611,0.38298746943473816
2534,363,1006,0.3829802870750427
2535,363,998,0.38269662857055664
2536,363,3467,0.3826117515563965
2537,363,863,0.3825605511665344
2538,363,195,0.3825017809867859
2539,363,965,0.382498562335968
2540,363,1291,0.38243722915649414
2541,363,1388,0.38241341710090637
2542,363,1960,0.38201624155044556
2543,363,1791,0.3817872405052185
2544,363,239,0.3815757632255554
2545,363,895,0.38130348920822144
2546,363,1302,0.3811838626861572
2547,363,1008,0.3810257613658905
2548,363,2600,0.3808310627937317
2549,363,2299,0.380796879529953
2550,363,1518,0.3807832598686218
2551,363,3446,0.3804255425930023
2552,363,151,0.3803517520427704
2553,363,3445,0.38029760122299194
2554,363,2336,0.3802431523799896
2555,363,2241,0.380129337310791
2556,363,2999,0.37999165058135986
2557,363,1565,0.3799577057361603
2558,363,2059,0.37992167472839355
2559,363,1204,0.3798573315143585
2560,363,999,0.37982112169265747
2561,363,3474,0.37981581687927246
2562,363,1,0.3798030614852905
2563,363,2252,0.379794716835022
2564,363,2888,0.3797946870326996
2565,363,2407,0.37961241602897644
2566,363,899,0.3796113431453705
2567,363,180,0.37941303849220276
2568,363,542,0.3793213963508606
2569,363,382,0.37902960181236267
2570,363,2085,0.37902215123176575
2571,363,3496,0.37892210483551025
2572,363,2693,0.3787142038345337
2573,363,3083,0.37861016392707825
2574,363,1228,0.37860676646232605
2575,363,820,0.37854254245758057
2576,363,1431,0.3784444332122803
2577,363,1657,0.37821051478385925
2578,363,1201,0.377999871969223
2579,363,1056,0.377902626991272
2580,363,1549,0.3778859078884125
2581,363,698,0.3778730630874634
2582,363,3518,0.37780895829200745
2583,363,906,0.3777552545070648
2584,363,3143,0.3774624466896057
2585,363,3634,0.3773842453956604
2586,363,2912,0.37724238634109497
2587,363,1131,0.37708696722984314
2588,363,930,0.37703076004981995
2589,363,3482,0.3769308626651764
2590,363,1844,0.37682661414146423
2591,363,65,0.37682533264160156
2592,363,3109,0.37656262516975403
2593,363,582,0.3763720691204071
2594,363,2784,0.37630441784858704
2595,363,1921,0.3762050271034241
2596,363,1510,0.37616726756095886
2597,363,772,0.3760134279727936
2598,363,1009,0.3759038746356964
2599,363,2440,0.3758990168571472
2600,363,1236,0.37585169076919556
2601,363,3455,0.37580904364585876
2602,363,2003,0.3757946491241455
2603,363,2973,0.3755481541156769
2604,363,1792,0.37552863359451294
2605,363,2262,0.3753877580165863
2606,363,1835,0.37537410855293274
2607,363,3091,0.3753500282764435
2608,363,2648,0.375277578830719
2609,363,905,0.37524762749671936
2610,363,358,0.3751910626888275
2611,363,3093,0.37515270709991455
2612,363,2046,0.3751152455806732
2613,363,1770,0.37501949071884155
2614,363,3449,0.3749973177909851
2615,363,2322,0.37495070695877075
2616,363,59,0.37494057416915894
2617,363,2417,0.37478554248809814
2618,363,2622,0.37473198771476746
2619,363,1374,0.37464696168899536
2620,363,976,0.37462031841278076
2621,363,845,0.3745819628238678
2622,363,3424,0.37447306513786316
2623,363,960,0.3743928372859955
2624,363,2579,0.37425681948661804
2625,363,280,0.3741973042488098
2626,363,2053,0.37414950132369995
2627,363,626,0.374113529920578
2628,363,3353,0.37388747930526733
2629,363,1106,0.37382370233535767
2630,363,874,0.3736732602119446
2631,363,2898,0.37330952286720276
2632,363,550,0.37319743633270264
2633,363,242,0.37295645475387573
2634,363,669,0.3729257583618164
2635,363,2839,0.37280401587486267
2636,363,3193,0.37268584966659546
2637,363,385,0.3726496696472168
2638,363,586,0.3725753128528595
2639,363,718,0.37254631519317627
2640,363,3155,0.37252599000930786
2641,363,949,0.37249353528022766
2642,363,1990,0.37247225642204285
2643,363,829,0.3723583221435547
2644,363,1494,0.37232697010040283
2645,363,3061,0.3714652955532074
2646,363,3166,0.3711714744567871
2647,363,247,0.3711661398410797
2648,363,2572,0.37112006545066833
2649,363,155,0.37106814980506897
2650,363,3029,0.3710624873638153
2651,363,797,0.37105289101600647
2652,363,768,0.3710448145866394
2653,363,141,0.3708028793334961
2654,363,2239,0.3707118630409241
2655,363,511,0.37043309211730957
2656,363,388,0.37023109197616577
2657,363,1478,0.3701717257499695
2658,363,2662,0.36989325284957886
2659,363,2899,0.36985477805137634
2660,363,1101,0.3698005676269531
2661,363,1401,0.3697591722011566
2662,363,3073,0.3696101903915405
2663,363,290,0.36958786845207214
2664,363,2487,0.3695157468318939
2665,363,594,0.3695109188556671
2666,363,1436,0.36938461661338806
2667,363,571,0.36929768323898315
2668,363,2521,0.3691575229167938
2669,363,2240,0.3690694570541382
2670,363,359,0.3690072000026703
2671,363,3056,0.3688753545284271
2672,363,2271,0.3688525855541229
2673,363,890,0.36883777379989624
2674,363,854,0.36873167753219604
2675,363,3130,0.3686552047729492
2676,363,2124,0.3686129152774811
2677,363,2655,0.36858972907066345
2678,363,3506,0.3684351444244385
2679,363,579,0.368218332529068
2680,363,3136,0.3681451678276062
2681,363,393,0.36790868639945984
2682,363,2114,0.3675277531147003
2683,363,3025,0.3675209581851959
2684,363,480,0.3672643303871155
2685,363,1290,0.3672236502170563
2686,363,2403,0.3672223687171936
2687,363,188,0.36716192960739136
2688,363,2052,0.3671590983867645
2689,363,1000,0.3671504259109497
2690,363,828,0.36705684661865234
2691,363,593,0.3669649660587311
2692,363,2145,0.3667468726634979
2693,363,3268,0.3667241334915161
2694,363,848,0.36671292781829834
2695,363,2263,0.3666938841342926
2696,363,3500,0.3665223717689514
2697,363,2074,0.3663637936115265
2698,363,82,0.3662930428981781
2699,363,3021,0.36603567004203796
2700,363,920,0.36583027243614197
2701,363,3164,0.36582085490226746
2702,363,2633,0.36581242084503174
2703,363,1516,0.3656688630580902
2704,363,3344,0.36564427614212036
2705,363,479,0.3656277060508728
2706,363,1018,0.3654184937477112
2707,363,668,0.3650808334350586
2708,363,1876,0.365020751953125
2709,363,3010,0.3649836778640747
2710,363,2661,0.36489707231521606
2711,363,1934,0.36475855112075806
2712,363,2684,0.3645291030406952
2713,363,1021,0.36451125144958496
2714,363,2849,0.36443278193473816
2715,363,1092,0.3644006550312042
2716,363,3409,0.36437809467315674
2717,363,2602,0.36431553959846497
2718,363,1826,0.3642365038394928
2719,363,1712,0.3640875518321991
2720,363,1522,0.36403414607048035
2721,363,1689,0.36395102739334106
2722,363,3006,0.3639064133167267
2723,363,1823,0.3636895716190338
2724,363,3144,0.36364299058914185
2725,363,2048,0.3635469079017639
2726,363,2238,0.3634163439273834
2727,363,371,0.3633684813976288
2728,363,2975,0.36330917477607727
2729,363,1011,0.36317604780197144
2730,363,3299,0.3631615936756134
2731,363,2141,0.36312738060951233
2732,363,927,0.3630523383617401
2733,363,316,0.36294880509376526
2734,363,3050,0.362872838973999
2735,363,991,0.36284953355789185
2736,363,984,0.3628036379814148
2737,363,1395,0.36269864439964294
2738,363,124,0.36264142394065857
2739,363,2526,0.36254289746284485
2740,363,1352,0.3625284731388092
2741,363,1755,0.3625178933143616
2742,363,2694,0.36247625946998596
2743,363,1801,0.3622923791408539
2744,363,1733,0.36218199133872986
2745,363,953,0.3619680404663086
2746,363,3043,0.3617997169494629
2747,363,932,0.36158299446105957
2748,363,2709,0.36156323552131653
2749,363,1222,0.36154311895370483
2750,363,2093,0.3614407479763031
2751,363,1963,0.3613465428352356
2752,363,148,0.3611162602901459
2753,363,309,0.3610229194164276
2754,363,2711,0.3608454167842865
2755,363,2130,0.3608251214027405
2756,363,1253,0.36072880029678345
2757,363,2643,0.36047303676605225
2758,363,682,0.3604605197906494
2759,363,3107,0.3603651821613312
2760,363,790,0.36035510897636414
2761,363,955,0.36032530665397644
2762,363,3491,0.36019396781921387
2763,363,1853,0.3601202964782715
2764,363,924,0.36009544134140015
2765,363,2917,0.3597314655780792
2766,363,2365,0.3595699667930603
2767,363,3168,0.35937735438346863
2768,363,2276,0.35928037762641907
2769,363,2753,0.3591625392436981
2770,363,2997,0.35904839634895325
2771,363,1711,0.35889917612075806
2772,363,2527,0.3588336706161499
2773,363,1750,0.35863715410232544
2774,363,3266,0.358627051115036
2775,363,1839,0.3585984408855438
2776,363,1547,0.3585769534111023
2777,363,2113,0.35857337713241577
2778,363,979,0.3585071563720703
2779,363,1864,0.35845714807510376
2780,363,3456,0.3584517538547516
2781,363,968,0.35841965675354004
2782,363,1437,0.3583453595638275
2783,363,3195,0.35818395018577576
2784,363,2044,0.3577871024608612
2785,363,3094,0.35777437686920166
2786,363,3032,0.3577599823474884
2787,363,758,0.35775864124298096
2788,363,2946,0.3576047122478485
2789,363,1543,0.35747843980789185
2790,363,1513,0.3574258089065552
2791,363,1860,0.3574103116989136
2792,363,2126,0.35712113976478577
2793,363,892,0.3569807708263397
2794,363,802,0.3568533957004547
2795,363,858,0.3568533957004547
2796,363,492,0.356454998254776
2797,363,175,0.35639333724975586
2798,363,3557,0.3562706410884857
2799,363,2652,0.3561292588710785
2800,363,1515,0.35607948899269104
2801,363,1015,0.3560256361961365
2802,363,1861,0.3559392988681793
2803,363,1013,0.3559325933456421
2804,363,3472,0.35590654611587524
2805,363,959,0.3559037148952484
2806,363,2079,0.35584887862205505
2807,363,2244,0.3557797372341156
2808,363,3170,0.3556404709815979
2809,363,2260,0.35558629035949707
2810,363,2585,0.35534679889678955
2811,363,381,0.35528990626335144
2812,363,3053,0.3552352786064148
2813,363,2335,0.35509413480758667
2814,363,989,0.3550783097743988
2815,363,1873,0.3550751805305481
2816,363,1474,0.3549991548061371
2817,363,3017,0.3549540936946869
2818,363,2631,0.35470935702323914
2819,363,3076,0.35466405749320984
2820,363,1091,0.3545728623867035
2821,363,706,0.35451459884643555
2822,363,901,0.3545036315917969
2823,363,3024,0.35449352860450745
2824,363,2632,0.3544715940952301
2825,363,3078,0.35441863536834717
2826,363,2759,0.3544059097766876
2827,363,232,0.3543277084827423
2828,363,749,0.3540826141834259
2829,363,2029,0.35380303859710693
2830,363,375,0.35374715924263
2831,363,915,0.35352393984794617
2832,363,1991,0.35342562198638916
2833,363,2965,0.3533422350883484
2834,363,3003,0.3533268868923187
2835,363,1925,0.3530934751033783
2836,363,1798,0.35300812125205994
2837,363,3085,0.3529249429702759
2838,363,1197,0.3528815805912018
2839,363,3075,0.352779358625412
2840,363,2508,0.3525649905204773
2841,363,2706,0.35253238677978516
2842,363,1025,0.35247325897216797
2843,363,2317,0.35245490074157715
2844,363,2919,0.35230445861816406
2845,363,2921,0.3522872030735016
2846,363,2402,0.35221296548843384
2847,363,2955,0.35218214988708496
2848,363,2765,0.3521222174167633
2849,363,1600,0.35207587480545044
2850,363,207,0.3517824411392212
2851,363,237,0.351761132478714
2852,363,218,0.3516559600830078
2853,363,935,0.3516521453857422
2854,363,940,0.3515097498893738
2855,363,1642,0.35148757696151733
2856,363,942,0.3514208495616913
2857,363,560,0.3514114022254944
2858,363,570,0.35120031237602234
2859,363,759,0.3511379063129425
2860,363,191,0.35109075903892517
2861,363,3365,0.35101717710494995
2862,363,262,0.3510005474090576
2863,363,251,0.35099032521247864
2864,363,2289,0.350955992937088
2865,363,1760,0.35092759132385254
2866,363,1778,0.35068392753601074
2867,363,1054,0.35065311193466187
2868,363,939,0.3506412208080292
2869,363,73,0.35062336921691895
2870,363,3103,0.3504303991794586
2871,363,301,0.35032421350479126
2872,363,2882,0.3501201570034027
2873,363,2854,0.35008737444877625
2874,363,983,0.3500593602657318
2875,363,1602,0.3499302566051483
2876,363,2267,0.3498275578022003
2877,363,3034,0.34981170296669006
2878,363,957,0.34971851110458374
2879,363,888,0.3496842384338379
2880,363,2659,0.34968051314353943
2881,363,1924,0.3496284484863281
2882,363,3438,0.3492586612701416
2883,363,541,0.3489711284637451
2884,363,847,0.3489220440387726
2885,363,351,0.3488403856754303
2886,363,3558,0.3487752676010132
2887,363,3486,0.34872448444366455
2888,363,330,0.3486713469028473
2889,363,974,0.34866443276405334
2890,363,2078,0.3485838770866394
2891,363,334,0.34853512048721313
2892,363,2122,0.3484041690826416
2893,363,2712,0.3483509123325348
2894,363,3071,0.34832561016082764
2895,363,741,0.34811222553253174
2896,363,2031,0.34810444712638855
2897,363,2452,0.34804028272628784
2898,363,3473,0.3479175865650177
2899,363,1566,0.3477492928504944
2900,363,168,0.3477448523044586
2901,363,3192,0.3477019667625427
2902,363,1429,0.34769532084465027
2903,363,2885,0.34763103723526
2904,363,2967,0.34757885336875916
2905,363,220,0.34747159481048584
2906,363,3507,0.3474414348602295
2907,363,1479,0.3473755717277527
2908,363,457,0.34735867381095886
2909,363,2248,0.3468545973300934
2910,363,3012,0.3467976152896881
2911,363,1492,0.34673136472702026
2912,363,2269,0.346684068441391
2913,363,1464,0.3466030955314636
2914,363,2897,0.346578449010849
2915,363,2883,0.3465571105480194
2916,363,1788,0.34652677178382874
2917,363,964,0.3465251624584198
2918,363,3509,0.3465012311935425
2919,363,374,0.34650087356567383
2920,363,2699,0.34648364782333374
2921,363,1607,0.34629207849502563
2922,363,1425,0.34621378779411316
2923,363,2043,0.34620562195777893
2924,363,169,0.34609782695770264
2925,363,1279,0.3460947275161743
2926,363,1517,0.3458244502544403
2927,363,891,0.34560635685920715
2928,363,2887,0.345540851354599
2929,363,1797,0.3455165922641754
2930,363,43,0.3454960584640503
2931,363,60,0.34538954496383667
2932,363,2383,0.3453143239021301
2933,363,2072,0.345314085483551
2934,363,2494,0.3452714681625366
2935,363,1365,0.3452531695365906
2936,363,2732,0.3452024757862091
2937,363,1020,0.34507331252098083
2938,363,3026,0.3449386954307556
2939,363,2408,0.3448776602745056
2940,363,3231,0.344787061214447
2941,363,1868,0.3447742462158203
2942,363,2894,0.3446820378303528
2943,363,2644,0.34464216232299805
2944,363,2612,0.34461885690689087
2945,363,1389,0.3441614508628845
2946,363,476,0.34393325448036194
2947,363,667,0.3436611592769623
2948,363,2915,0.343637615442276
2949,363,2766,0.3434860408306122
2950,363,2807,0.3433053195476532
2951,363,125,0.3432115912437439
2952,363,1986,0.34314778447151184
2953,363,3074,0.34292879700660706
2954,363,2063,0.34290122985839844
2955,363,2058,0.34287527203559875
2956,363,3448,0.34279173612594604
2957,363,4,0.3427869379520416
2958,363,1905,0.3426086902618408
2959,363,142,0.34251636266708374
2960,363,3488,0.3424561619758606
2961,363,206,0.34230807423591614
2962,363,312,0.3422728478908539
2963,363,1024,0.3422496020793915
2964,363,2397,0.34220626950263977
2965,363,919,0.34217971563339233
2966,363,2947,0.3420928716659546
2967,363,921,0.34189197421073914
2968,363,3044,0.3418780267238617
2969,363,2939,0.34187716245651245
2970,363,1488,0.34187111258506775
2971,363,573,0.34182578325271606
2972,363,2621,0.3417739272117615
2973,363,558,0.34173619747161865
2974,363,3080,0.3415966033935547
2975,363,3331,0.34156328439712524
2976,363,357,0.3414725959300995
2977,363,1743,0.3413578271865845
2978,363,2423,0.34135323762893677
2979,363,2451,0.34104663133621216
2980,363,952,0.340745210647583
2981,363,2522,0.34071028232574463
2982,363,1529,0.3406836986541748
2983,363,585,0.34056273102760315
2984,363,680,0.34049734473228455
2985,363,199,0.3404320478439331
2986,363,1153,0.3403470516204834
2987,363,877,0.3402407169342041
2988,363,2146,0.3398856818675995
2989,363,1539,0.3394715487957001
2990,363,400,0.339371919631958
2991,363,1822,0.339186429977417
2992,363,1532,0.33905738592147827
2993,363,3009,0.33903220295906067
2994,363,973,0.3390076458454132
2995,363,3489,0.33893418312072754
2996,363,1280,0.3388214111328125
2997,363,2889,0.33877891302108765
2998,363,3104,0.33877286314964294
2999,363,2663,0.3386895954608917
3000,363,944,0.338481068611145
3001,363,2500,0.3383215069770813
3002,363,2634,0.3382563591003418
3003,363,2875,0.33823809027671814
3004,363,873,0.3381551504135132
3005,363,910,0.3378604054450989
3006,363,553,0.3376059830188751
3007,363,2988,0.3374575972557068
3008,363,695,0.33745384216308594
3009,363,876,0.33711203932762146
3010,363,2984,0.33707860112190247
3011,363,2004,0.3367542326450348
3012,363,2513,0.33656907081604004
3013,363,2876,0.3365640342235565
3014,363,2115,0.33645689487457275
3015,363,788,0.3364410102367401
3016,363,3457,0.3364117443561554
3017,363,2064,0.33634036779403687
3018,363,806,0.3362897038459778
3019,363,2442,0.3362797498703003
3020,363,2251,0.33626464009284973
3021,363,1601,0.3361488878726959
3022,363,1495,0.3361413776874542
3023,363,1659,0.3359304964542389
3024,363,2890,0.3359034061431885
3025,363,373,0.33588385581970215
3026,363,1754,0.335867315530777
3027,363,1561,0.3357105851173401
3028,363,1026,0.33569735288619995
3029,363,2077,0.3356967270374298
3030,363,1552,0.3356854021549225
3031,363,1799,0.33565887808799744
3032,363,993,0.33548054099082947
3033,363,177,0.3353048264980316
3034,363,3487,0.33525368571281433
3035,363,1818,0.3349608778953552
3036,363,335,0.33481210470199585
3037,363,2510,0.3347761332988739
3038,363,2649,0.334749311208725
3039,363,732,0.33471354842185974
3040,363,1590,0.33466288447380066
3041,363,485,0.33436134457588196
3042,363,767,0.33431127667427063
3043,363,2987,0.33427417278289795
3044,363,325,0.33423012495040894
3045,363,572,0.33421358466148376
3046,363,2845,0.3341420888900757
3047,363,368,0.3341081738471985
3048,363,128,0.33402615785598755
3049,363,2026,0.33401522040367126
3050,363,2954,0.33390164375305176
3051,363,338,0.3339010179042816
3052,363,287,0.3338223099708557
3053,363,1911,0.33370837569236755
3054,363,1947,0.3335730731487274
3055,363,3037,0.3334479033946991
3056,363,3065,0.33338409662246704
3057,363,1885,0.3332379460334778
3058,363,911,0.33317330479621887
3059,363,827,0.33299970626831055
3060,363,1870,0.33272939920425415
3061,363,509,0.33262643218040466
3062,363,3142,0.3326100707054138
3063,363,1922,0.3325363099575043
3064,363,2685,0.3325267732143402
3065,363,1815,0.33246588706970215
3066,363,1831,0.33244046568870544
3067,363,972,0.33243441581726074
3068,363,584,0.3322890102863312
3069,363,2810,0.3322547972202301
3070,363,3106,0.3321257531642914
3071,363,3014,0.33195802569389343
3072,363,2959,0.3318846821784973
3073,363,576,0.33185964822769165
3074,363,2560,0.33133625984191895
3075,363,652,0.3313232362270355
3076,363,1223,0.33127841353416443
3077,363,149,0.3311908543109894
3078,363,655,0.3311455249786377
3079,363,214,0.3310885727405548
3080,363,2164,0.331086128950119
3081,363,3169,0.3308458626270294
3082,363,907,0.33078306913375854
3083,363,2656,0.33075281977653503
3084,363,1370,0.33065181970596313
3085,363,2976,0.3304968774318695
3086,363,1785,0.33040761947631836
3087,363,1756,0.33027493953704834
3088,363,349,0.33016371726989746
3089,363,2033,0.3301233649253845
3090,363,288,0.3300289213657379
3091,363,2891,0.32985931634902954
3092,363,946,0.32983922958374023
3093,363,3149,0.32965654134750366
3094,363,2710,0.3295895755290985
3095,363,399,0.32948487997055054
3096,363,849,0.3294675648212433
3097,363,1814,0.3294549286365509
3098,363,3293,0.32908278703689575
3099,363,103,0.32900935411453247
3100,363,3063,0.3288794755935669
3101,363,3004,0.32882437109947205
3102,363,1735,0.328777551651001
3103,363,2558,0.32848039269447327
3104,363,1663,0.32845592498779297
3105,363,975,0.3279452323913574
3106,363,115,0.32766279578208923
3107,363,126,0.32764241099357605
3108,363,1987,0.3276272714138031
3109,363,3433,0.32750770449638367
3110,363,1993,0.32744723558425903
3111,363,1932,0.32737642526626587
3112,363,3209,0.3273410201072693
3113,363,1526,0.32684770226478577
3114,363,1455,0.3267606496810913
3115,363,119,0.3267556428909302
3116,363,1287,0.32665756344795227
3117,363,836,0.3266450762748718
3118,363,2609,0.32647570967674255
3119,363,3208,0.3264634907245636
3120,363,2617,0.32635462284088135
3121,363,2391,0.32634803652763367
3122,363,745,0.3263188302516937
3123,363,1019,0.3263067305088043
3124,363,757,0.32619112730026245
3125,363,2367,0.3261702060699463
3126,363,2368,0.32586541771888733
3127,363,779,0.3257704973220825
3128,363,1309,0.32568269968032837
3129,363,2956,0.32555460929870605
3130,363,546,0.3255411386489868
3131,363,406,0.3253084123134613
3132,363,1965,0.3253067433834076
3133,363,2413,0.3252202272415161
3134,363,1808,0.32520750164985657
3135,363,574,0.3252009451389313
3136,363,804,0.3251067101955414
3137,363,294,0.32509902119636536
3138,363,329,0.3248538672924042
3139,363,3005,0.324811190366745
3140,363,221,0.3247254490852356
3141,363,943,0.32459643483161926
3142,363,1767,0.3245786726474762
3143,363,2641,0.3242533802986145
3144,363,1558,0.3242325782775879
3145,363,1428,0.32414132356643677
3146,363,2036,0.32400378584861755
3147,363,2958,0.32391971349716187
3148,363,3016,0.32370802760124207
3149,363,208,0.3236036002635956
3150,363,130,0.32356226444244385
3151,363,1772,0.32351791858673096
3152,363,2950,0.3234860897064209
3153,363,3081,0.32330217957496643
3154,363,210,0.3232969045639038
3155,363,916,0.3231557309627533
3156,363,2140,0.3228949010372162
3157,363,904,0.3228301405906677
3158,363,3000,0.322751522064209
3159,363,1604,0.32272782921791077
3160,363,477,0.3226672410964966
3161,363,1762,0.3225952982902527
3162,363,478,0.3223852515220642
3163,363,245,0.32200929522514343
3164,363,84,0.32190829515457153
3165,363,834,0.3217615783214569
3166,363,578,0.32173269987106323
3167,363,2092,0.32172510027885437
3168,363,1878,0.32162246108055115
3169,363,2665,0.32160788774490356
3170,363,2100,0.3214418292045593
3171,363,2801,0.3213864266872406
3172,363,1029,0.3211715519428253
3173,363,2057,0.3211362361907959
3174,363,3363,0.3209666907787323
3175,363,2357,0.32085174322128296
3176,363,1632,0.3208421766757965
3177,363,3035,0.3206513822078705
3178,363,933,0.3206213116645813
3179,363,821,0.32055237889289856
3180,363,159,0.32054126262664795
3181,363,160,0.32049834728240967
3182,363,948,0.32019516825675964
3183,363,1564,0.32014939188957214
3184,363,1367,0.31984177231788635
3185,363,146,0.31980088353157043
3186,363,102,0.31950655579566956
3187,363,783,0.31949669122695923
3188,363,1856,0.3190999925136566
3189,363,398,0.31900736689567566
3190,363,2840,0.31888964772224426
3191,363,161,0.31882694363594055
3192,363,3147,0.31867364048957825
3193,363,2792,0.3186239004135132
3194,363,3493,0.3185322880744934
3195,363,263,0.3180711269378662
3196,363,2144,0.3179650902748108
3197,363,787,0.3179650902748108
3198,363,2896,0.3179650902748108
3199,363,1524,0.3179650902748108
3200,363,3497,0.3179650902748108
3201,363,1485,0.3179650902748108
3202,363,1486,0.3179650902748108
3203,363,1946,0.3179650902748108
3204,363,2265,0.3179650902748108
3205,363,1491,0.3179650902748108
3206,363,2060,0.3179650902748108
3207,363,171,0.3179650902748108
3208,363,2969,0.3179650902748108
3209,363,322,0.3179650902748108
3210,363,2149,0.3179650902748108
3211,363,747,0.3179650902748108
3212,363,2153,0.3179650902748108
3213,363,744,0.3179650902748108
3214,363,769,0.3179650902748108
3215,363,2273,0.3179650902748108
3216,363,822,0.3179650902748108
3217,363,1553,0.3179650902748108
3218,363,1439,0.3179650902748108
3219,363,1523,0.3179650902748108
3220,363,1463,0.3179650902748108
3221,363,1843,0.3179650902748108
3222,363,1506,0.3179650902748108
3223,363,2342,0.3179650902748108
3224,363,3479,0.3179650902748108
3225,363,1435,0.3179650902748108
3226,363,3499,0.3179650902748108
3227,363,3566,0.3179650902748108
3228,363,2070,0.3179650902748108
3229,363,1744,0.3179650902748108
3230,363,1475,0.3179650902748108
3231,363,3502,0.3179650902748108
3232,363,1535,0.3179650902748108
3233,363,703,0.3179650902748108
3234,363,3501,0.3179650902748108
3235,363,1470,0.3179650902748108
3236,363,1966,0.3179650902748108
3237,363,2274,0.3179650902748108
3238,363,2910,0.3179650902748108
3239,363,887,0.317639023065567
3240,363,1077,0.31740304827690125
3241,363,961,0.3171260356903076
3242,363,2151,0.3170587718486786
3243,363,846,0.31684982776641846
3244,363,2285,0.31679996848106384
3245,363,3036,0.3167819082736969
3246,363,750,0.316672682762146
3247,363,212,0.31644681096076965
3248,363,1867,0.3164406716823578
3249,363,1713,0.31637465953826904
3250,363,2813,0.31634342670440674
3251,363,369,0.3162650763988495
3252,363,3234,0.316022127866745
3253,363,3351,0.3159720003604889
3254,363,1609,0.31585368514060974
3255,363,980,0.31579867005348206
3256,363,3105,0.31578224897384644
3257,363,209,0.31537726521492004
3258,363,2639,0.3151588439941406
3259,363,284,0.3151302933692932
3260,363,2347,0.3150593638420105
3261,363,2089,0.31492897868156433
3262,363,3439,0.31490808725357056
3263,363,291,0.3147958219051361
3264,363,987,0.3146571218967438
3265,363,914,0.31464850902557373
3266,363,402,0.31463274359703064
3267,363,1480,0.31457647681236267
3268,363,36,0.3142961263656616
3269,363,3167,0.3142828643321991
3270,363,1950,0.3141944408416748
3271,363,1416,0.3140254318714142
3272,363,923,0.31399109959602356
3273,363,825,0.31398648023605347
3274,363,1548,0.3138004243373871
3275,363,3059,0.31369951367378235
3276,363,144,0.31362688541412354
3277,363,3028,0.3136199414730072
3278,363,2073,0.31357574462890625
3279,363,3373,0.3135417103767395
3280,363,3513,0.3135409951210022
3281,363,1066,0.31343621015548706
3282,363,1004,0.3134070038795471
3283,363,3361,0.31339457631111145
3284,363,3388,0.3128170669078827
3285,363,120,0.31278711557388306
3286,363,1554,0.31277310848236084
3287,363,1786,0.3124881088733673
3288,363,315,0.3124012053012848
3289,363,299,0.31225526332855225
3290,363,2892,0.31207579374313354
3291,363,756,0.3118375837802887
3292,363,1520,0.31136777997016907
3293,363,754,0.31129077076911926
3294,363,2067,0.31111958622932434
3295,363,1595,0.3109036386013031
3296,363,1533,0.31071728467941284
3297,363,1583,0.31052637100219727
3298,363,2257,0.3102898895740509
3299,363,2834,0.30998560786247253
3300,363,941,0.30996665358543396
3301,363,1016,0.3097712993621826
3302,363,1875,0.3096984922885895
3303,363,1500,0.30966517329216003
3304,363,1557,0.30963408946990967
3305,363,2692,0.30949440598487854
3306,363,3002,0.3093213737010956
3307,363,551,0.30898112058639526
3308,363,3524,0.30897489190101624
3309,363,1498,0.3085714876651764
3310,363,3089,0.3084230124950409
3311,363,752,0.30824896693229675
3312,363,2076,0.3082456886768341
3313,363,2725,0.3081226944923401
3314,363,583,0.30809205770492554
3315,363,2040,0.3079928755760193
3316,363,2592,0.30797097086906433
3317,363,1989,0.30777955055236816
3318,363,3018,0.3076830208301544
3319,363,3027,0.3073279857635498
3320,363,333,0.3072196841239929
3321,363,1502,0.3071538209915161
3322,363,1636,0.3071134090423584
3323,363,352,0.30707022547721863
3324,363,1133,0.3066162168979645
3325,363,1447,0.30660727620124817
3326,363,1830,0.3065858781337738
3327,363,2940,0.30650433897972107
3328,363,1155,0.30638155341148376
3329,363,1796,0.30599507689476013
3330,363,1806,0.3058716654777527
3331,363,2599,0.3058694303035736
3332,363,186,0.3058210611343384
3333,363,3072,0.3057731091976166
3334,363,296,0.3057681620121002
3335,363,1072,0.3055734932422638
3336,363,997,0.3055649399757385
3337,363,328,0.30508503317832947
3338,363,2785,0.30507969856262207
3339,363,321,0.304999440908432
3340,363,150,0.30484193563461304
3341,363,143,0.3047061562538147
3342,363,1483,0.30460965633392334
3343,363,2083,0.30450350046157837
3344,363,1615,0.30449923872947693
3345,363,67,0.30442798137664795
3346,363,2481,0.3044246435165405
3347,363,1610,0.3039698898792267
3348,363,87,0.3038593530654907
3349,363,1545,0.3036631643772125
3350,363,1550,0.30364173650741577
3351,363,307,0.30327343940734863
3352,363,755,0.3032432198524475
3353,363,3362,0.30311334133148193
3354,363,2567,0.3030301630496979
3355,363,3267,0.30275392532348633
3356,363,233,0.30266839265823364
3357,363,1961,0.3024372458457947
3358,363,728,0.3023088276386261
3359,363,3422,0.3022177517414093
3360,363,2707,0.3022087812423706
3361,363,1957,0.30206045508384705
3362,363,318,0.3016242980957031
3363,363,314,0.30134454369544983
3364,363,1351,0.30116769671440125
3365,363,922,0.3011476695537567
3366,363,1605,0.30107802152633667
3367,363,881,0.3008839786052704
3368,363,3480,0.30081799626350403
3369,363,317,0.30063462257385254
3370,363,1591,0.3003923296928406
3371,363,1484,0.3003248870372772
3372,363,270,0.3002784848213196
3373,363,2157,0.30025601387023926
3374,363,1531,0.2992532253265381
3375,363,2155,0.29904210567474365
3376,363,1560,0.29903504252433777
3377,363,1880,0.29896610975265503
3378,363,2903,0.29884302616119385
3379,363,2593,0.29877737164497375
3380,363,370,0.29859480261802673
3381,363,241,0.29847052693367004
3382,363,2914,0.2984652519226074
3383,363,1691,0.29834121465682983
3384,363,2809,0.2980142831802368
3385,363,1260,0.29746174812316895
3386,363,1487,0.29718461632728577
3387,363,1457,0.29689040780067444
3388,363,2893,0.29685652256011963
3389,363,3490,0.2967812120914459
3390,363,3470,0.296648234128952
3391,363,803,0.2965937554836273
3392,363,2277,0.2965041995048523
3393,363,2272,0.29647019505500793
3394,363,1408,0.29642966389656067
3395,363,249,0.29625895619392395
3396,363,1774,0.296197772026062
3397,363,1771,0.2961917221546173
3398,363,1530,0.29618293046951294
3399,363,3511,0.2959612309932709
3400,363,663,0.29594191908836365
3401,363,2424,0.2956949472427368
3402,363,2316,0.2956215739250183
3403,363,3045,0.2955876886844635
3404,363,2283,0.29556867480278015
3405,363,1819,0.2955676019191742
3406,363,2534,0.2953960597515106
3407,363,1935,0.2951686978340149
3408,363,1027,0.2949559688568115
3409,363,2872,0.2946942448616028
3410,363,2901,0.2946845591068268
3411,363,2715,0.2945805788040161
3412,363,1920,0.2944074273109436
3413,363,2321,0.2942265272140503
3414,363,1454,0.29408204555511475
3415,363,1014,0.29384028911590576
3416,363,1003,0.29361286759376526
3417,363,77,0.29358339309692383
3418,363,2439,0.2935674488544464
3419,363,105,0.2935350239276886
3420,363,365,0.2933274805545807
3421,363,1567,0.2932153642177582
3422,363,2629,0.2930161952972412
3423,363,1536,0.29276636242866516
3424,363,3090,0.29271888732910156
3425,363,2030,0.2925988733768463
3426,363,2054,0.2923257052898407
3427,363,293,0.29230329394340515
3428,363,331,0.29230138659477234
3429,363,2895,0.2922365665435791
3430,363,3082,0.29200279712677
3431,363,3494,0.2919926345348358
3432,363,1647,0.29196321964263916
3433,363,2364,0.29194438457489014
3434,363,1782,0.2918805480003357
3435,363,332,0.2918553352355957
3436,363,1443,0.29175621271133423
3437,363,2660,0.29162532091140747
3438,363,2084,0.29144859313964844
3439,363,1193,0.2912157475948334
3440,363,966,0.2909057140350342
3441,363,640,0.29049402475357056
3442,363,1410,0.2902105748653412
3443,363,2974,0.29010123014450073
3444,363,833,0.2899884581565857
3445,363,2992,0.28977805376052856
3446,363,2042,0.2896657884120941
3447,363,2850,0.2894347012042999
3448,363,2009,0.28928837180137634
3449,363,1001,0.28902801871299744
3450,363,880,0.2889406979084015
3451,363,1945,0.28879082202911377
3452,363,1758,0.28868603706359863
3453,363,1585,0.2886200547218323
3454,363,1427,0.28844502568244934
3455,363,172,0.2882716953754425
3456,363,2461,0.2881864607334137
3457,363,1460,0.28795352578163147
3458,363,1916,0.28787335753440857
3459,363,2985,0.28763386607170105
3460,363,1501,0.2864052355289459
3461,363,624,0.2859877049922943
3462,363,2953,0.2853674292564392
3463,363,1753,0.2853161096572876
3464,363,2068,0.2848159074783325
3465,363,1593,0.28461527824401855
3466,363,304,0.28431737422943115
3467,363,872,0.283433735370636
3468,363,396,0.28337007761001587
3469,363,816,0.2832677662372589
3470,363,1940,0.2831984758377075
3471,363,2942,0.28318479657173157
3472,363,995,0.28315305709838867
3473,363,3084,0.2827001214027405
3474,363,2039,0.28260621428489685
3475,363,2637,0.2822510898113251
3476,363,3374,0.28201746940612793
3477,363,2873,0.28185760974884033
3478,363,2747,0.2816888988018036
3479,363,2259,0.28168565034866333
3480,363,840,0.2816164791584015
3481,363,1440,0.2814512252807617
3482,363,1519,0.2814195156097412
3483,363,1559,0.2813853621482849
3484,363,774,0.2809086740016937
3485,363,1802,0.2808491885662079
3486,363,1556,0.2804718315601349
3487,363,1787,0.28013840317726135
3488,363,387,0.27998432517051697
3489,363,2952,0.27991363406181335
3490,363,1751,0.2793166935443878
3491,363,2091,0.2792167365550995
3492,363,2268,0.2789510488510132
3493,363,2136,0.2786148488521576
3494,363,1230,0.2783055603504181
3495,363,356,0.2782600224018097
3496,363,1469,0.2778269350528717
3497,363,2630,0.2776459753513336
3498,363,2640,0.2770761251449585
3499,363,1939,0.2766263782978058
3500,363,1430,0.2765667140483856
3501,363,945,0.27654212713241577
3502,363,1757,0.27642086148262024
3503,363,2254,0.2758905589580536
3504,363,311,0.2756726145744324
3505,363,1211,0.27550703287124634
3506,363,2128,0.27528101205825806
3507,363,2642,0.27517279982566833
3508,363,912,0.27501243352890015
3509,363,2028,0.27497801184654236
3510,363,798,0.27497580647468567
3511,363,1195,0.27456584572792053
3512,363,1493,0.274488240480423
3513,363,310,0.27443453669548035
3514,363,666,0.27433913946151733
3515,363,1752,0.27417054772377014
3516,363,347,0.2738876938819885
3517,363,1769,0.27380630373954773
3518,363,324,0.27359235286712646
3519,363,340,0.27340760827064514
3520,363,2088,0.2733945846557617
3521,363,344,0.2733796238899231
3522,363,2275,0.2730601131916046
3523,363,2281,0.27286744117736816
3524,363,864,0.2726071774959564
3525,363,2270,0.27213725447654724
3526,363,801,0.2715299129486084
3527,363,2050,0.2714506685733795
3528,363,2035,0.27144894003868103
3529,363,996,0.2714115381240845
3530,363,2261,0.2711887061595917
3531,363,853,0.27105826139450073
3532,363,938,0.2708243131637573
3533,363,773,0.27064475417137146
3534,363,1582,0.27044209837913513
3535,363,1563,0.27035093307495117
3536,363,597,0.2702120244503021
3537,363,1540,0.2698085904121399
3538,363,1448,0.269679993391037
3539,363,786,0.26948487758636475
3540,363,3011,0.2688145935535431
3541,363,3087,0.2686214745044708
3542,363,486,0.26842695474624634
3543,363,885,0.26829296350479126
3544,363,1546,0.26814478635787964
3545,363,292,0.26791912317276
3546,363,2770,0.2673184871673584
3547,363,2551,0.2670954763889313
3548,363,1779,0.26595696806907654
3549,363,278,0.265640527009964
3550,363,2459,0.26561301946640015
3551,363,1466,0.2655109465122223
3552,363,163,0.2650129795074463
3553,363,343,0.2646681070327759
3554,363,1829,0.26457691192626953
3555,363,1471,0.26415419578552246
3556,363,2278,0.26384902000427246
3557,363,1538,0.26323267817497253
3558,363,2280,0.26307135820388794
3559,363,3357,0.2627125084400177
3560,363,2615,0.26253393292427063
3561,363,1551,0.2623909115791321
3562,363,3503,0.2622404992580414
3563,363,2436,0.2621513605117798
3564,363,1331,0.2621419429779053
3565,363,2284,0.26157018542289734
3566,363,1420,0.26145461201667786
3567,363,2804,0.2609279155731201
3568,363,988,0.26051294803619385
3569,363,1562,0.2601473033428192
3570,363,926,0.25943541526794434
3571,363,1497,0.25941142439842224
3572,363,1773,0.25937318801879883
3573,363,2991,0.25910866260528564
3574,363,1232,0.25885021686553955
3575,363,514,0.2585734724998474
3576,363,775,0.2584605813026428
3577,363,917,0.25834932923316956
3578,363,785,0.2579079866409302
3579,363,843,0.25785204768180847
3580,363,2742,0.25733548402786255
3581,363,1917,0.25730353593826294
3582,363,1473,0.2571777105331421
3583,363,950,0.25716570019721985
3584,363,2687,0.25714531540870667
3585,363,57,0.25708821415901184
3586,363,1509,0.2566905915737152
3587,363,326,0.2560514807701111
3588,363,1800,0.25590869784355164
3589,363,1534,0.25545981526374817
3590,363,422,0.2553497850894928
3591,363,1521,0.2552430331707001
3592,363,1512,0.2548413872718811
3593,363,1458,0.2547575831413269
3594,363,2982,0.2546710968017578
3595,363,1645,0.25455230474472046
3596,363,2886,0.25440865755081177
3597,363,264,0.25414568185806274
3598,363,625,0.2525593042373657
3599,363,884,0.251737117767334
3600,363,341,0.2516784965991974
3601,363,784,0.2513045072555542
3602,363,2139,0.25122538208961487
3603,363,136,0.2504635155200958
3604,363,1446,0.250312477350235
3605,363,2951,0.2501022219657898
3606,363,1438,0.24940374493598938
3607,363,1816,0.24929845333099365
3608,363,1402,0.24853725731372833
3609,363,2056,0.2482149302959442
3610,363,1665,0.24815571308135986
3611,363,1541,0.2480710744857788
3612,363,1537,0.24793413281440735
3613,363,1005,0.24747556447982788
3614,363,2978,0.24743512272834778
3615,363,306,0.2473202347755432
3616,363,1736,0.24640586972236633
3617,363,1596,0.2456672191619873
3618,363,1670,0.24561336636543274
3619,363,1759,0.24527066946029663
3620,363,753,0.24519386887550354
3621,363,1525,0.24478712677955627
3622,363,1747,0.24473875761032104
3623,363,1727,0.2442886233329773
3624,363,2027,0.24397070705890656
3625,363,664,0.2430328130722046
3626,363,1135,0.2430194467306137
3627,363,1825,0.2429322749376297
3628,363,852,0.24212338030338287
3629,363,3039,0.24172745645046234
3630,363,665,0.24142107367515564
3631,363,272,0.24029123783111572
3632,363,2879,0.23995374143123627
3633,363,376,0.2397686392068863
3634,363,2926,0.23921270668506622
3635,363,1489,0.23901042342185974
3636,363,1414,0.23484200239181519
3637,363,285,0.23435480892658234
3638,363,2768,0.2342205047607422
3639,363,140,0.23362231254577637
3640,363,1426,0.23313802480697632
3641,363,276,0.23269058763980865
3642,363,2697,0.23089644312858582
3643,363,2986,0.2308640480041504
3644,363,507,0.2294072061777115
3645,363,2934,0.22801487147808075
3646,363,1511,0.22622446715831757
3647,363,31,0.22240060567855835
3648,363,793,0.21488428115844727
3649,363,1449,0.2144959568977356
3650,363,937,0.21208274364471436
3651,363,1505,0.21110990643501282
3652,363,1507,0.2059427797794342
3653,363,1394,0.2056882679462433
3654,363,871,0.20220504701137543
3655,363,2542,0.19868020713329315
3656,363,3495,0.19659294188022614
