,target_num,prod_num,similarity
0,1236,1236,1.0000001192092896
1,1236,1224,0.7682653665542603
2,1236,2662,0.727260947227478
3,1236,2682,0.718786358833313
4,1236,3389,0.7148395776748657
5,1236,1256,0.6983347535133362
6,1236,3234,0.6789822578430176
7,1236,2677,0.6757910847663879
8,1236,1963,0.6725563406944275
9,1236,3123,0.6690963506698608
10,1236,702,0.665795087814331
11,1236,1514,0.6605175137519836
12,1236,451,0.6597275137901306
13,1236,3315,0.6564621329307556
14,1236,556,0.6555150747299194
15,1236,662,0.6551265120506287
16,1236,739,0.6537745594978333
17,1236,557,0.652377188205719
18,1236,736,0.6509251594543457
19,1236,653,0.6446806788444519
20,1236,3025,0.6404756903648376
21,1236,488,0.6347275972366333
22,1236,3177,0.6346942186355591
23,1236,692,0.6343696117401123
24,1236,2234,0.633906364440918
25,1236,745,0.6333435773849487
26,1236,746,0.6330631375312805
27,1236,3238,0.6313884854316711
28,1236,68,0.6310591697692871
29,1236,722,0.6289004683494568
30,1236,1934,0.6278674006462097
31,1236,737,0.6255936622619629
32,1236,691,0.6255155801773071
33,1236,1450,0.6250666379928589
34,1236,579,0.624640166759491
35,1236,681,0.6181175112724304
36,1236,454,0.617901623249054
37,1236,446,0.6171982884407043
38,1236,715,0.6163146495819092
39,1236,1291,0.6157757639884949
40,1236,512,0.6153564453125
41,1236,1572,0.615267813205719
42,1236,1228,0.6131680607795715
43,1236,661,0.6124128699302673
44,1236,3258,0.6082150936126709
45,1236,453,0.6080873012542725
46,1236,3040,0.6068726778030396
47,1236,1431,0.6035413146018982
48,1236,3054,0.6025434136390686
49,1236,257,0.6021795868873596
50,1236,590,0.6009877324104309
51,1236,578,0.6005685925483704
52,1236,3032,0.5995841026306152
53,1236,1616,0.5993897914886475
54,1236,1637,0.5977721214294434
55,1236,1564,0.5972961187362671
56,1236,1453,0.5972785949707031
57,1236,1698,0.596207857131958
58,1236,3031,0.5961503982543945
59,1236,2949,0.5960134863853455
60,1236,3226,0.5958258509635925
61,1236,452,0.5956719517707825
62,1236,1459,0.595643162727356
63,1236,658,0.5953174233436584
64,1236,449,0.5949369668960571
65,1236,1456,0.5944240093231201
66,1236,3030,0.5936049222946167
67,1236,1822,0.5934268236160278
68,1236,1949,0.5928577184677124
69,1236,247,0.592211127281189
70,1236,3058,0.5920448303222656
71,1236,544,0.5917790532112122
72,1236,855,0.5917476415634155
73,1236,3368,0.5913026928901672
74,1236,246,0.5911450982093811
75,1236,589,0.5906155109405518
76,1236,2316,0.5902469754219055
77,1236,1467,0.5898197293281555
78,1236,517,0.589556872844696
79,1236,2923,0.5894484519958496
80,1236,656,0.5892281532287598
81,1236,1895,0.588965654373169
82,1236,854,0.5887899398803711
83,1236,806,0.5887861251831055
84,1236,2233,0.5886662006378174
85,1236,1317,0.5884340405464172
86,1236,1488,0.5876466631889343
87,1236,3353,0.5873491168022156
88,1236,3183,0.5859041810035706
89,1236,3057,0.5857096314430237
90,1236,3369,0.5848777294158936
91,1236,1099,0.584121584892273
92,1236,767,0.5838755965232849
93,1236,3024,0.5834066867828369
94,1236,821,0.5831066370010376
95,1236,2250,0.5819110870361328
96,1236,447,0.5814784169197083
97,1236,716,0.58147132396698
98,1236,687,0.5808613896369934
99,1236,2269,0.5808572769165039
100,1236,461,0.5805034041404724
101,1236,647,0.5795690417289734
102,1236,554,0.5789459943771362
103,1236,777,0.5779871344566345
104,1236,1452,0.5772643089294434
105,1236,2929,0.5758330225944519
106,1236,1386,0.5746897459030151
107,1236,3162,0.5743309855461121
108,1236,2231,0.5739445686340332
109,1236,3047,0.5736327767372131
110,1236,3100,0.5725898742675781
111,1236,1918,0.5722026228904724
112,1236,705,0.5718082785606384
113,1236,628,0.5715980529785156
114,1236,3271,0.5715925097465515
115,1236,734,0.5714932084083557
116,1236,1468,0.5701361298561096
117,1236,1295,0.5699529647827148
118,1236,588,0.5694171786308289
119,1236,3033,0.5691056847572327
120,1236,3280,0.568289577960968
121,1236,1311,0.5682187676429749
122,1236,1231,0.568213939666748
123,1236,3045,0.5681803226470947
124,1236,641,0.5681596398353577
125,1236,1329,0.5679386258125305
126,1236,1859,0.5666316151618958
127,1236,2943,0.566382884979248
128,1236,3331,0.566336989402771
129,1236,1377,0.5663126111030579
130,1236,1650,0.565793514251709
131,1236,1867,0.5656940340995789
132,1236,936,0.5653131604194641
133,1236,3136,0.565284013748169
134,1236,763,0.5647450089454651
135,1236,697,0.5641533136367798
136,1236,55,0.5631940364837646
137,1236,450,0.5631834268569946
138,1236,1922,0.5626999139785767
139,1236,1237,0.5624558925628662
140,1236,684,0.5623973608016968
141,1236,592,0.5622008442878723
142,1236,675,0.5618571043014526
143,1236,1948,0.5616127848625183
144,1236,3245,0.5613904595375061
145,1236,2243,0.5611037015914917
146,1236,3049,0.5605878233909607
147,1236,441,0.5604892373085022
148,1236,1476,0.5603592991828918
149,1236,1000,0.5600844621658325
150,1236,2478,0.5600448846817017
151,1236,1569,0.5594791173934937
152,1236,717,0.5592165589332581
153,1236,442,0.5590651631355286
154,1236,2777,0.5589032769203186
155,1236,243,0.5588895082473755
156,1236,3029,0.5588791966438293
157,1236,503,0.5588522553443909
158,1236,1871,0.558760404586792
159,1236,3348,0.5586772561073303
160,1236,3354,0.5585938096046448
161,1236,460,0.5585136413574219
162,1236,458,0.5585088133811951
163,1236,423,0.5584032535552979
164,1236,714,0.5581211447715759
165,1236,3450,0.5579805374145508
166,1236,3338,0.5578354001045227
167,1236,429,0.5578152537345886
168,1236,2738,0.5569902062416077
169,1236,491,0.5569543242454529
170,1236,1737,0.5568909049034119
171,1236,1739,0.5565589666366577
172,1236,2869,0.5561540126800537
173,1236,738,0.5557147264480591
174,1236,1886,0.5553490519523621
175,1236,1424,0.5552377104759216
176,1236,228,0.5549249053001404
177,1236,1543,0.5545774698257446
178,1236,3055,0.554530680179596
179,1236,1052,0.5539929866790771
180,1236,701,0.5538321137428284
181,1236,2302,0.5537194013595581
182,1236,3356,0.5535566806793213
183,1236,1259,0.5534386038780212
184,1236,2898,0.5532304048538208
185,1236,3148,0.5531035661697388
186,1236,2719,0.5530074834823608
187,1236,3093,0.5527568459510803
188,1236,265,0.5527514219284058
189,1236,660,0.5527416467666626
190,1236,3282,0.5527073740959167
191,1236,1879,0.5525524020195007
192,1236,630,0.5524523854255676
193,1236,2944,0.5523762702941895
194,1236,3051,0.5522288680076599
195,1236,3116,0.5516058802604675
196,1236,706,0.5515270233154297
197,1236,1318,0.5513269901275635
198,1236,1254,0.5508835911750793
199,1236,2548,0.5508447885513306
200,1236,3124,0.55035799741745
201,1236,2763,0.5503213405609131
202,1236,3072,0.5497753620147705
203,1236,448,0.5494723320007324
204,1236,1997,0.5494188666343689
205,1236,3322,0.5493413209915161
206,1236,1274,0.548943042755127
207,1236,727,0.5489236116409302
208,1236,2935,0.5489013195037842
209,1236,2877,0.5487905740737915
210,1236,632,0.5486330389976501
211,1236,2644,0.5483386516571045
212,1236,2051,0.5481119155883789
213,1236,1531,0.5475377440452576
214,1236,3150,0.5473418831825256
215,1236,2236,0.5473246574401855
216,1236,1226,0.5471994280815125
217,1236,1741,0.5469083189964294
218,1236,1392,0.5468893647193909
219,1236,3141,0.5468417406082153
220,1236,128,0.5468170642852783
221,1236,3077,0.5461334586143494
222,1236,781,0.5456161499023438
223,1236,2255,0.5455760359764099
224,1236,741,0.5454468131065369
225,1236,1861,0.5448290109634399
226,1236,1995,0.5446609258651733
227,1236,1717,0.5446286201477051
228,1236,3056,0.5443366169929504
229,1236,1472,0.5441262125968933
230,1236,459,0.544111430644989
231,1236,2248,0.5435194969177246
232,1236,2932,0.5435040593147278
233,1236,3365,0.5434787273406982
234,1236,413,0.5434236526489258
235,1236,1334,0.5432835817337036
236,1236,1017,0.5432127714157104
237,1236,1936,0.5432018041610718
238,1236,676,0.5430532097816467
239,1236,1225,0.5429896116256714
240,1236,334,0.542769193649292
241,1236,3370,0.5426846742630005
242,1236,2249,0.5424763560295105
243,1236,3458,0.5424255132675171
244,1236,651,0.5422157645225525
245,1236,3163,0.5418893098831177
246,1236,1321,0.5416929721832275
247,1236,3277,0.5416684746742249
248,1236,3347,0.5414626002311707
249,1236,2858,0.5412235856056213
250,1236,419,0.5408242344856262
251,1236,1987,0.5407232046127319
252,1236,2487,0.5386300086975098
253,1236,1902,0.5385977625846863
254,1236,611,0.5383884310722351
255,1236,967,0.5382478833198547
256,1236,2633,0.5380779504776001
257,1236,2739,0.5379924178123474
258,1236,83,0.5377629399299622
259,1236,1445,0.5377201437950134
260,1236,1304,0.5377090573310852
261,1236,301,0.537685751914978
262,1236,1522,0.5375806093215942
263,1236,510,0.5371792316436768
264,1236,428,0.5371683835983276
265,1236,2700,0.5370460152626038
266,1236,2572,0.5369792580604553
267,1236,1929,0.5361813306808472
268,1236,3371,0.5360975861549377
269,1236,2541,0.5359545350074768
270,1236,3042,0.5357968211174011
271,1236,3290,0.5356912016868591
272,1236,234,0.5355624556541443
273,1236,1973,0.5354819893836975
274,1236,3382,0.5354400277137756
275,1236,2347,0.5351164937019348
276,1236,2815,0.5346676111221313
277,1236,430,0.5345761179924011
278,1236,644,0.5345291495323181
279,1236,2723,0.5342676639556885
280,1236,3516,0.5341885089874268
281,1236,3329,0.5338125228881836
282,1236,2063,0.533721923828125
283,1236,505,0.5336733460426331
284,1236,1100,0.5335866212844849
285,1236,122,0.5335608720779419
286,1236,1240,0.5332053899765015
287,1236,457,0.5331608653068542
288,1236,2127,0.5330141186714172
289,1236,3088,0.5329796075820923
290,1236,467,0.5329403281211853
291,1236,2299,0.5328004956245422
292,1236,2853,0.5327182412147522
293,1236,2343,0.5326600074768066
294,1236,3070,0.532642662525177
295,1236,3086,0.5325644612312317
296,1236,1578,0.5323798060417175
297,1236,1513,0.5322940349578857
298,1236,93,0.5321781039237976
299,1236,3304,0.5321770906448364
300,1236,1516,0.5319826602935791
301,1236,224,0.5314424633979797
302,1236,696,0.5313681960105896
303,1236,2150,0.531279981136322
304,1236,1328,0.531083881855011
305,1236,1361,0.5310736298561096
306,1236,2803,0.5310056805610657
307,1236,3085,0.5309068560600281
308,1236,3132,0.5305403470993042
309,1236,3174,0.5304270386695862
310,1236,1325,0.5304192900657654
311,1236,2611,0.5303807258605957
312,1236,3517,0.5303537845611572
313,1236,1738,0.5301451683044434
314,1236,3182,0.5301255583763123
315,1236,1308,0.529945969581604
316,1236,2752,0.5298972129821777
317,1236,3364,0.5298548936843872
318,1236,3130,0.529794454574585
319,1236,2016,0.5297081470489502
320,1236,1916,0.5297011137008667
321,1236,3594,0.5296769142150879
322,1236,733,0.5295994877815247
323,1236,1480,0.5295978784561157
324,1236,409,0.5294180512428284
325,1236,3138,0.5293610095977783
326,1236,1504,0.5293209552764893
327,1236,2603,0.5293068885803223
328,1236,2907,0.5292253494262695
329,1236,483,0.528931200504303
330,1236,693,0.5286702513694763
331,1236,1921,0.5285652875900269
332,1236,1322,0.5285608768463135
333,1236,2722,0.5285437107086182
334,1236,1245,0.5284194350242615
335,1236,261,0.5283132195472717
336,1236,1379,0.5281587839126587
337,1236,700,0.5280685424804688
338,1236,1570,0.5279944539070129
339,1236,504,0.5279657244682312
340,1236,3122,0.5278910398483276
341,1236,616,0.5274577736854553
342,1236,254,0.5273920893669128
343,1236,493,0.5273879766464233
344,1236,297,0.5273553729057312
345,1236,686,0.5270769000053406
346,1236,1939,0.527067244052887
347,1236,3119,0.5269696116447449
348,1236,3518,0.5267014503479004
349,1236,832,0.526583731174469
350,1236,2695,0.5263587832450867
351,1236,2163,0.5262725949287415
352,1236,2165,0.5262585282325745
353,1236,2947,0.5261757969856262
354,1236,3263,0.5257940292358398
355,1236,2235,0.5252821445465088
356,1236,111,0.5252512693405151
357,1236,1900,0.5250919461250305
358,1236,439,0.5250473618507385
359,1236,244,0.5248688459396362
360,1236,3375,0.5248669981956482
361,1236,3043,0.5247852802276611
362,1236,3233,0.5247359871864319
363,1236,931,0.5247085094451904
364,1236,3076,0.524673581123352
365,1236,3083,0.5246192812919617
366,1236,3050,0.5245651602745056
367,1236,593,0.5244971513748169
368,1236,455,0.5242732167243958
369,1236,3181,0.524118959903717
370,1236,2575,0.5241121649742126
371,1236,2813,0.5240664482116699
372,1236,2583,0.5239347219467163
373,1236,970,0.52392578125
374,1236,3573,0.5238916873931885
375,1236,3095,0.5237321257591248
376,1236,2602,0.5236470103263855
377,1236,2313,0.5236182808876038
378,1236,2307,0.5232383608818054
379,1236,638,0.523080050945282
380,1236,3016,0.5230208039283752
381,1236,2857,0.5229158401489258
382,1236,704,0.5229080319404602
383,1236,3295,0.5227035284042358
384,1236,3186,0.5226596593856812
385,1236,1461,0.5222873687744141
386,1236,94,0.5221660137176514
387,1236,121,0.522051215171814
388,1236,2764,0.5215608477592468
389,1236,3084,0.5214291214942932
390,1236,600,0.5214260816574097
391,1236,2936,0.5211381316184998
392,1236,2522,0.5211097598075867
393,1236,3053,0.5206217169761658
394,1236,2634,0.5204228162765503
395,1236,2524,0.5202643275260925
396,1236,2585,0.5200386047363281
397,1236,909,0.520011305809021
398,1236,3603,0.5198012590408325
399,1236,489,0.5197510719299316
400,1236,1942,0.5196879506111145
401,1236,2904,0.5196015238761902
402,1236,1565,0.5195820331573486
403,1236,3596,0.51958167552948
404,1236,1503,0.5194344520568848
405,1236,3552,0.5187769532203674
406,1236,2494,0.5187376737594604
407,1236,2297,0.5186486840248108
408,1236,1677,0.5186092853546143
409,1236,501,0.5185162425041199
410,1236,3580,0.5184593796730042
411,1236,743,0.5184348225593567
412,1236,2282,0.5183596014976501
413,1236,1332,0.5183242559432983
414,1236,3554,0.5183109045028687
415,1236,1381,0.5183023810386658
416,1236,2345,0.5181911587715149
417,1236,241,0.5181211829185486
418,1236,3230,0.518047034740448
419,1236,2003,0.5178275108337402
420,1236,1887,0.517640233039856
421,1236,1685,0.5174456238746643
422,1236,899,0.5173592567443848
423,1236,411,0.5172752737998962
424,1236,2114,0.5171127915382385
425,1236,586,0.5170493125915527
426,1236,3367,0.5170164704322815
427,1236,2718,0.5169306397438049
428,1236,1709,0.5168372392654419
429,1236,1683,0.5166213512420654
430,1236,595,0.5165883302688599
431,1236,3578,0.5165689587593079
432,1236,299,0.5165640115737915
433,1236,1896,0.5164848566055298
434,1236,968,0.5162521600723267
435,1236,3276,0.5160559415817261
436,1236,3366,0.515980064868927
437,1236,712,0.5158951878547668
438,1236,1629,0.5158494114875793
439,1236,765,0.5156528949737549
440,1236,614,0.5154175162315369
441,1236,1635,0.5151347517967224
442,1236,2658,0.515035092830658
443,1236,1706,0.5148342847824097
444,1236,1930,0.5148149132728577
445,1236,1579,0.5148088932037354
446,1236,438,0.5147505402565002
447,1236,2860,0.5145738124847412
448,1236,1106,0.5145673751831055
449,1236,2945,0.5145419239997864
450,1236,1874,0.5143659710884094
451,1236,954,0.5142605304718018
452,1236,1734,0.514136791229248
453,1236,3649,0.5141319036483765
454,1236,1510,0.5141139626502991
455,1236,646,0.5140964984893799
456,1236,2678,0.5137333869934082
457,1236,2301,0.5136855244636536
458,1236,255,0.5136577486991882
459,1236,3094,0.5136371850967407
460,1236,3172,0.5134415030479431
461,1236,2931,0.5133846402168274
462,1236,683,0.5133028030395508
463,1236,559,0.513266921043396
464,1236,1098,0.5132165551185608
465,1236,1901,0.5131726861000061
466,1236,1335,0.5131197571754456
467,1236,3285,0.5131096839904785
468,1236,1444,0.513007640838623
469,1236,3639,0.5128822326660156
470,1236,2791,0.5128799676895142
471,1236,1695,0.5126492977142334
472,1236,868,0.5125525593757629
473,1236,1248,0.512499213218689
474,1236,2928,0.5124025344848633
475,1236,620,0.51233971118927
476,1236,462,0.512271523475647
477,1236,3044,0.5122660994529724
478,1236,61,0.5121256709098816
479,1236,1418,0.5118358731269836
480,1236,1181,0.5118274688720703
481,1236,1536,0.5117989182472229
482,1236,2749,0.5117896795272827
483,1236,502,0.511566162109375
484,1236,2953,0.5111669898033142
485,1236,473,0.5110827088356018
486,1236,1300,0.5108789205551147
487,1236,3188,0.5107660889625549
488,1236,2241,0.5107346177101135
489,1236,3120,0.510401725769043
490,1236,2208,0.5103802680969238
491,1236,2017,0.5103791356086731
492,1236,222,0.5103129148483276
493,1236,3646,0.5101880431175232
494,1236,248,0.5101666450500488
495,1236,983,0.5101221799850464
496,1236,3350,0.5099021792411804
497,1236,1913,0.5097335577011108
498,1236,2841,0.5097266435623169
499,1236,708,0.5096774101257324
500,1236,1457,0.5093191266059875
501,1236,2314,0.5093141794204712
502,1236,3125,0.5092892050743103
503,1236,2925,0.5092344284057617
504,1236,1497,0.5091184377670288
505,1236,1538,0.5090264081954956
506,1236,2052,0.5090065598487854
507,1236,1049,0.5089135766029358
508,1236,38,0.5088726878166199
509,1236,497,0.5087867379188538
510,1236,3298,0.5086920261383057
511,1236,2657,0.5086323022842407
512,1236,395,0.5081456303596497
513,1236,1852,0.5080933570861816
514,1236,1157,0.5078486800193787
515,1236,2246,0.5075864195823669
516,1236,1303,0.5073636770248413
517,1236,3144,0.5073162317276001
518,1236,1273,0.507114827632904
519,1236,3614,0.5070781707763672
520,1236,3223,0.5069913268089294
521,1236,3323,0.506986141204834
522,1236,1313,0.5069532990455627
523,1236,321,0.5068577527999878
524,1236,1884,0.5067622065544128
525,1236,3589,0.5065391659736633
526,1236,2303,0.5065091252326965
527,1236,604,0.5063430070877075
528,1236,227,0.5062964558601379
529,1236,2597,0.5062897801399231
530,1236,718,0.5061407089233398
531,1236,3227,0.5061070322990417
532,1236,3355,0.5060843825340271
533,1236,982,0.50607830286026
534,1236,995,0.5059556365013123
535,1236,1499,0.5056939125061035
536,1236,2696,0.5056782960891724
537,1236,1306,0.5056437253952026
538,1236,677,0.5056094527244568
539,1236,2170,0.5052428841590881
540,1236,3037,0.5052159428596497
541,1236,648,0.505157470703125
542,1236,1508,0.5051431059837341
543,1236,778,0.5050104260444641
544,1236,3587,0.504800021648407
545,1236,79,0.5046835541725159
546,1236,3320,0.5046360492706299
547,1236,2649,0.504585862159729
548,1236,435,0.5045537948608398
549,1236,2229,0.5043930411338806
550,1236,3464,0.5043373703956604
551,1236,707,0.5043256282806396
552,1236,1139,0.5043081045150757
553,1236,3604,0.5042245388031006
554,1236,2221,0.5041990876197815
555,1236,2471,0.5041106939315796
556,1236,1599,0.5040560364723206
557,1236,790,0.5040295720100403
558,1236,1455,0.503984808921814
559,1236,2215,0.5039833784103394
560,1236,245,0.503805935382843
561,1236,2245,0.5035843253135681
562,1236,1880,0.5033901333808899
563,1236,3399,0.5033228993415833
564,1236,463,0.5032700896263123
565,1236,2735,0.5030880570411682
566,1236,952,0.5030001997947693
567,1236,796,0.5028948187828064
568,1236,1316,0.502785861492157
569,1236,1702,0.5027124285697937
570,1236,1671,0.5025215148925781
571,1236,1144,0.5024135708808899
572,1236,883,0.5023031234741211
573,1236,1496,0.5022348165512085
574,1236,2546,0.50213223695755
575,1236,2262,0.5020620822906494
576,1236,829,0.5019643902778625
577,1236,1275,0.5019420981407166
578,1236,1640,0.5018736720085144
579,1236,1293,0.5014820098876953
580,1236,973,0.5013683438301086
581,1236,755,0.5011910796165466
582,1236,1651,0.5011128187179565
583,1236,771,0.5010619163513184
584,1236,2683,0.5010252594947815
585,1236,3313,0.5009481310844421
586,1236,740,0.5007345676422119
587,1236,3194,0.5007135272026062
588,1236,2537,0.5007067918777466
589,1236,225,0.5006898641586304
590,1236,896,0.5006872415542603
591,1236,1862,0.5005406737327576
592,1236,3565,0.500407874584198
593,1236,3063,0.5003367066383362
594,1236,2252,0.5002458691596985
595,1236,3275,0.5000941753387451
596,1236,1046,0.5000936388969421
597,1236,2693,0.5000820755958557
598,1236,3334,0.5000429153442383
599,1236,3087,0.49998223781585693
600,1236,2286,0.4999038577079773
601,1236,2906,0.4998649060726166
602,1236,3018,0.499684602022171
603,1236,506,0.4996626377105713
604,1236,2504,0.4996613562107086
605,1236,2605,0.4996613562107086
606,1236,2232,0.49958914518356323
607,1236,1235,0.4994323253631592
608,1236,1021,0.4993284046649933
609,1236,468,0.49932390451431274
610,1236,2162,0.499310702085495
611,1236,2848,0.49917927384376526
612,1236,1724,0.49914228916168213
613,1236,1434,0.49911028146743774
614,1236,1560,0.49910956621170044
615,1236,2134,0.4990346133708954
616,1236,2703,0.4987131357192993
617,1236,2622,0.4986951947212219
618,1236,3293,0.4986605644226074
619,1236,2296,0.4986395835876465
620,1236,869,0.4985937774181366
621,1236,2047,0.4985851049423218
622,1236,1253,0.4985658824443817
623,1236,994,0.49838343262672424
624,1236,2489,0.49833938479423523
625,1236,633,0.4983185827732086
626,1236,599,0.4983063042163849
627,1236,1533,0.49809035658836365
628,1236,1314,0.49789273738861084
629,1236,3028,0.49783051013946533
630,1236,3288,0.4978209137916565
631,1236,3583,0.4977560341358185
632,1236,1732,0.49771782755851746
633,1236,3611,0.49771571159362793
634,1236,1962,0.49770408868789673
635,1236,2702,0.4976844787597656
636,1236,231,0.497645765542984
637,1236,3601,0.4976264536380768
638,1236,3205,0.4976186454296112
639,1236,3333,0.4970357120037079
640,1236,760,0.49702000617980957
641,1236,444,0.4969710111618042
642,1236,2264,0.4969467222690582
643,1236,1111,0.496811181306839
644,1236,3185,0.49680906534194946
645,1236,1012,0.4966602921485901
646,1236,2045,0.49662476778030396
647,1236,3597,0.4964868724346161
648,1236,1464,0.49647995829582214
649,1236,2171,0.49647098779678345
650,1236,3256,0.49643588066101074
651,1236,2048,0.4963959753513336
652,1236,2652,0.4963648319244385
653,1236,1416,0.49632754921913147
654,1236,28,0.4963269829750061
655,1236,1697,0.49628308415412903
656,1236,2863,0.4962656795978546
657,1236,3200,0.49625688791275024
658,1236,45,0.49619951844215393
659,1236,3595,0.4960617423057556
660,1236,757,0.4960096776485443
661,1236,3137,0.4957806468009949
662,1236,2755,0.49570584297180176
663,1236,640,0.4956933259963989
664,1236,2131,0.49544093012809753
665,1236,1937,0.49504995346069336
666,1236,2112,0.49495580792427063
667,1236,735,0.49476000666618347
668,1236,1206,0.49461454153060913
669,1236,3592,0.4945772588253021
670,1236,1360,0.4942176342010498
671,1236,89,0.494198203086853
672,1236,2525,0.49418938159942627
673,1236,437,0.49408161640167236
674,1236,496,0.4940112233161926
675,1236,1889,0.49400657415390015
676,1236,571,0.4939398169517517
677,1236,509,0.493910014629364
678,1236,672,0.49388387799263
679,1236,2015,0.4938459098339081
680,1236,1847,0.49378061294555664
681,1236,1547,0.4937022924423218
682,1236,3546,0.49349838495254517
683,1236,3216,0.4932597875595093
684,1236,3346,0.49321475625038147
685,1236,963,0.49319988489151
686,1236,2894,0.49292460083961487
687,1236,3013,0.4928158223628998
688,1236,1544,0.4927275478839874
689,1236,615,0.4926161766052246
690,1236,3292,0.4925479590892792
691,1236,612,0.4925166368484497
692,1236,380,0.49240249395370483
693,1236,560,0.4924001097679138
694,1236,3283,0.49234282970428467
695,1236,2010,0.4922228753566742
696,1236,1626,0.4921469986438751
697,1236,2495,0.49211207032203674
698,1236,3462,0.49206313490867615
699,1236,1661,0.49205678701400757
700,1236,1872,0.49201956391334534
701,1236,26,0.49182596802711487
702,1236,149,0.4917527437210083
703,1236,1362,0.4917045831680298
704,1236,3301,0.4916672110557556
705,1236,3373,0.491656094789505
706,1236,487,0.49163830280303955
707,1236,2638,0.491463840007782
708,1236,3652,0.49138393998146057
709,1236,1846,0.49135270714759827
710,1236,1904,0.4913329780101776
711,1236,742,0.4911574423313141
712,1236,2779,0.4910879135131836
713,1236,427,0.4910818338394165
714,1236,2876,0.4910446107387543
715,1236,3052,0.4910072088241577
716,1236,2035,0.4909781515598297
717,1236,1050,0.4909724295139313
718,1236,3590,0.49094945192337036
719,1236,3204,0.4908784031867981
720,1236,2616,0.49084699153900146
721,1236,2326,0.49077868461608887
722,1236,3176,0.4907228350639343
723,1236,2783,0.4905383288860321
724,1236,518,0.49043115973472595
725,1236,3562,0.49043065309524536
726,1236,22,0.49040427803993225
727,1236,2242,0.4903888702392578
728,1236,305,0.4902137219905853
729,1236,2539,0.4901622533798218
730,1236,1337,0.48994070291519165
731,1236,2482,0.48984047770500183
732,1236,3117,0.48983800411224365
733,1236,1573,0.4897823631763458
734,1236,240,0.48965734243392944
735,1236,1897,0.48961153626441956
736,1236,679,0.48959851264953613
737,1236,48,0.48948368430137634
738,1236,2672,0.48908331990242004
739,1236,485,0.4890326261520386
740,1236,3650,0.4889150857925415
741,1236,3540,0.48889896273612976
742,1236,3154,0.4888077974319458
743,1236,761,0.48874661326408386
744,1236,1910,0.4887319803237915
745,1236,2794,0.48848849534988403
746,1236,2593,0.48829713463783264
747,1236,2544,0.48828160762786865
748,1236,2706,0.48825308680534363
749,1236,2293,0.48818686604499817
750,1236,2393,0.48809972405433655
751,1236,645,0.4880589544773102
752,1236,1348,0.4879276156425476
753,1236,1333,0.487923800945282
754,1236,3537,0.48787984251976013
755,1236,1972,0.48782286047935486
756,1236,1882,0.4877557158470154
757,1236,1064,0.48772600293159485
758,1236,2720,0.48770585656166077
759,1236,2377,0.487653911113739
760,1236,774,0.48732155561447144
761,1236,3648,0.48730069398880005
762,1236,3593,0.487297922372818
763,1236,2287,0.48722273111343384
764,1236,2276,0.4871877133846283
765,1236,2212,0.4871838092803955
766,1236,913,0.4871620237827301
767,1236,385,0.4871287941932678
768,1236,817,0.4870260953903198
769,1236,558,0.4870111346244812
770,1236,568,0.48688891530036926
771,1236,1914,0.48682403564453125
772,1236,432,0.48672497272491455
773,1236,508,0.4866845905780792
774,1236,3613,0.4866320788860321
775,1236,610,0.4866027235984802
776,1236,443,0.48656806349754333
777,1236,927,0.48643627762794495
778,1236,948,0.4863250255584717
779,1236,649,0.4863240718841553
780,1236,2737,0.48629316687583923
781,1236,1084,0.4860130846500397
782,1236,3586,0.4859583377838135
783,1236,2479,0.48594123125076294
784,1236,976,0.4858325719833374
785,1236,873,0.4857911169528961
786,1236,498,0.48575183749198914
787,1236,2880,0.4857041835784912
788,1236,1051,0.4856860041618347
789,1236,2220,0.4856772720813751
790,1236,3400,0.48564231395721436
791,1236,3236,0.4855855107307434
792,1236,552,0.4855799078941345
793,1236,561,0.4855494201183319
794,1236,251,0.4854978322982788
795,1236,1877,0.4853992760181427
796,1236,1686,0.48530301451683044
797,1236,2180,0.4852585196495056
798,1236,32,0.48521852493286133
799,1236,998,0.4849746525287628
800,1236,3326,0.4848705232143402
801,1236,680,0.4848518669605255
802,1236,3059,0.4848436713218689
803,1236,2292,0.48468559980392456
804,1236,730,0.48450231552124023
805,1236,639,0.48437878489494324
806,1236,3062,0.4843350350856781
807,1236,3092,0.48432549834251404
808,1236,2613,0.4843007028102875
809,1236,2071,0.4842999577522278
810,1236,2726,0.48422956466674805
811,1236,3641,0.48420247435569763
812,1236,3193,0.48419156670570374
813,1236,2230,0.4838424623012543
814,1236,242,0.48370084166526794
815,1236,3633,0.4835827052593231
816,1236,118,0.48344555497169495
817,1236,3005,0.4833906292915344
818,1236,3531,0.483184278011322
819,1236,3332,0.48303869366645813
820,1236,436,0.48287659883499146
821,1236,1345,0.4822481572628021
822,1236,860,0.48206332325935364
823,1236,2760,0.4820624887943268
824,1236,3302,0.48200109601020813
825,1236,2256,0.481789231300354
826,1236,1634,0.48147323727607727
827,1236,3149,0.48121944069862366
828,1236,2097,0.48119401931762695
829,1236,383,0.4811936318874359
830,1236,2821,0.48108941316604614
831,1236,11,0.48091113567352295
832,1236,1730,0.4808725118637085
833,1236,958,0.4808376133441925
834,1236,2698,0.4806232750415802
835,1236,3555,0.48053881525993347
836,1236,3564,0.48027825355529785
837,1236,258,0.48026835918426514
838,1236,3544,0.48025456070899963
839,1236,3647,0.4801853895187378
840,1236,1140,0.4801560342311859
841,1236,3089,0.4801439046859741
842,1236,1574,0.4801006019115448
843,1236,3514,0.4800170958042145
844,1236,456,0.4799847900867462
845,1236,226,0.47977980971336365
846,1236,474,0.47977215051651
847,1236,1241,0.4797717034816742
848,1236,1391,0.47975578904151917
849,1236,3515,0.4796939790248871
850,1236,1239,0.4795382022857666
851,1236,3112,0.479466050863266
852,1236,2311,0.4791964292526245
853,1236,3362,0.4791751503944397
854,1236,1571,0.47916465997695923
855,1236,2676,0.4790096879005432
856,1236,2087,0.4789750277996063
857,1236,238,0.4789608120918274
858,1236,843,0.4789254665374756
859,1236,3198,0.478850394487381
860,1236,553,0.478740394115448
861,1236,3636,0.47871360182762146
862,1236,555,0.4784232974052429
863,1236,406,0.4784129559993744
864,1236,433,0.4783487915992737
865,1236,1380,0.47818586230278015
866,1236,3115,0.4780581295490265
867,1236,431,0.47803202271461487
868,1236,2105,0.4779651463031769
869,1236,2190,0.4779244363307953
870,1236,1701,0.4778566062450409
871,1236,1993,0.47784507274627686
872,1236,3145,0.47779080271720886
873,1236,37,0.4777296781539917
874,1236,1436,0.47772014141082764
875,1236,54,0.47770047187805176
876,1236,3231,0.477501779794693
877,1236,723,0.4774523377418518
878,1236,2266,0.4773857295513153
879,1236,634,0.47724056243896484
880,1236,541,0.4771677553653717
881,1236,2073,0.4770863950252533
882,1236,3048,0.47708308696746826
883,1236,2298,0.47683703899383545
884,1236,1500,0.4768000543117523
885,1236,3523,0.47672781348228455
886,1236,1542,0.47670939564704895
887,1236,2168,0.47663232684135437
888,1236,3291,0.4766007363796234
889,1236,1264,0.47627294063568115
890,1236,3378,0.47623178362846375
891,1236,1366,0.476216197013855
892,1236,1743,0.476211816072464
893,1236,1992,0.4761234223842621
894,1236,3416,0.4760773479938507
895,1236,1166,0.4760673940181732
896,1236,3569,0.47604960203170776
897,1236,472,0.4760271906852722
898,1236,1602,0.47601813077926636
899,1236,3377,0.4758191704750061
900,1236,2835,0.4757820665836334
901,1236,709,0.475762277841568
902,1236,1841,0.47572076320648193
903,1236,1478,0.4756110906600952
904,1236,2026,0.4755696952342987
905,1236,6,0.47553256154060364
906,1236,3536,0.4755207300186157
907,1236,3343,0.47550806403160095
908,1236,3625,0.47545790672302246
909,1236,3584,0.47539129853248596
910,1236,1515,0.4751795530319214
911,1236,1083,0.4751693904399872
912,1236,1323,0.4750639498233795
913,1236,1977,0.4749482274055481
914,1236,3131,0.47491422295570374
915,1236,581,0.4748731553554535
916,1236,3272,0.47481656074523926
917,1236,3180,0.4746607542037964
918,1236,1938,0.4744119346141815
919,1236,2646,0.47438597679138184
920,1236,9,0.4742692708969116
921,1236,1108,0.4741915762424469
922,1236,762,0.4741360545158386
923,1236,1006,0.4741307497024536
924,1236,3460,0.47410842776298523
925,1236,2014,0.4740937054157257
926,1236,2864,0.473998099565506
927,1236,1095,0.47392764687538147
928,1236,2920,0.47385019063949585
929,1236,3543,0.47370222210884094
930,1236,1969,0.4734365940093994
931,1236,1998,0.47341153025627136
932,1236,861,0.4732659161090851
933,1236,2828,0.4732434153556824
934,1236,2331,0.47323793172836304
935,1236,3615,0.47317302227020264
936,1236,999,0.4731568694114685
937,1236,1251,0.47313550114631653
938,1236,3581,0.47312647104263306
939,1236,1492,0.47300034761428833
940,1236,360,0.47286099195480347
941,1236,74,0.47284558415412903
942,1236,382,0.47283539175987244
943,1236,2810,0.4728059470653534
944,1236,1609,0.4727343022823334
945,1236,2745,0.47262778878211975
946,1236,3535,0.47257304191589355
947,1236,930,0.4724626839160919
948,1236,2937,0.47229722142219543
949,1236,1633,0.47220778465270996
950,1236,1490,0.47217753529548645
951,1236,1229,0.4721467196941376
952,1236,934,0.47209781408309937
953,1236,1059,0.4719887971878052
954,1236,1527,0.47196975350379944
955,1236,1129,0.47196388244628906
956,1236,3153,0.47192975878715515
957,1236,3218,0.4717750549316406
958,1236,1257,0.4717365503311157
959,1236,2334,0.47166016697883606
960,1236,464,0.47165754437446594
961,1236,2890,0.47157663106918335
962,1236,1710,0.47140854597091675
963,1236,1261,0.47140511870384216
964,1236,3572,0.4711696207523346
965,1236,594,0.47105035185813904
966,1236,598,0.47101160883903503
967,1236,3325,0.4708061218261719
968,1236,2505,0.4707706570625305
969,1236,469,0.47067177295684814
970,1236,2614,0.4704411029815674
971,1236,3296,0.4703769087791443
972,1236,3249,0.4703739881515503
973,1236,1396,0.47036150097846985
974,1236,955,0.47030767798423767
975,1236,2836,0.4702628552913666
976,1236,809,0.4702240824699402
977,1236,1285,0.4700850546360016
978,1236,81,0.47001877427101135
979,1236,2632,0.4700152277946472
980,1236,3224,0.46986863017082214
981,1236,732,0.469841331243515
982,1236,3098,0.4698154032230377
983,1236,3384,0.46978822350502014
984,1236,2201,0.46972090005874634
985,1236,3330,0.46969106793403625
986,1236,281,0.46964719891548157
987,1236,2909,0.4695914387702942
988,1236,764,0.4695717394351959
989,1236,3619,0.4695611596107483
990,1236,548,0.4695185124874115
991,1236,1324,0.46941813826560974
992,1236,2610,0.46941351890563965
993,1236,569,0.46930816769599915
994,1236,1494,0.46926572918891907
995,1236,445,0.4692116379737854
996,1236,2497,0.4691794812679291
997,1236,2966,0.46914786100387573
998,1236,256,0.4691063463687897
999,1236,2687,0.469094455242157
1000,1236,3519,0.46906498074531555
1001,1236,70,0.468999445438385
1002,1236,2025,0.46893590688705444
1003,1236,3303,0.46876850724220276
1004,1236,3286,0.46875452995300293
1005,1236,3449,0.4685679078102112
1006,1236,2911,0.46856600046157837
1007,1236,2216,0.468411386013031
1008,1236,969,0.4679950177669525
1009,1236,3628,0.4679384231567383
1010,1236,2188,0.4678996801376343
1011,1236,2475,0.467813640832901
1012,1236,2175,0.46773940324783325
1013,1236,183,0.46772679686546326
1014,1236,417,0.4677163362503052
1015,1236,1625,0.46770885586738586
1016,1236,1101,0.4675939381122589
1017,1236,465,0.46745526790618896
1018,1236,1276,0.46745339035987854
1019,1236,859,0.4673539400100708
1020,1236,3452,0.46732038259506226
1021,1236,2711,0.4673156142234802
1022,1236,1983,0.46718406677246094
1023,1236,3217,0.46717360615730286
1024,1236,2523,0.4670984447002411
1025,1236,3645,0.4670185148715973
1026,1236,1271,0.4670134484767914
1027,1236,112,0.4669452905654907
1028,1236,3066,0.46693792939186096
1029,1236,1735,0.46689140796661377
1030,1236,1631,0.4668159782886505
1031,1236,2237,0.46677345037460327
1032,1236,1932,0.4667341411113739
1033,1236,3300,0.4666976034641266
1034,1236,2295,0.4666963517665863
1035,1236,1326,0.46661850810050964
1036,1236,1482,0.4665755331516266
1037,1236,3319,0.4665197432041168
1038,1236,3060,0.4664997160434723
1039,1236,1104,0.4664728045463562
1040,1236,1980,0.4663645923137665
1041,1236,2742,0.4662519693374634
1042,1236,490,0.4661049544811249
1043,1236,689,0.4657577872276306
1044,1236,3617,0.4655895531177521
1045,1236,1777,0.4655839204788208
1046,1236,1716,0.4653889834880829
1047,1236,823,0.4653804898262024
1048,1236,834,0.4653572738170624
1049,1236,3626,0.4653110206127167
1050,1236,3640,0.46530789136886597
1051,1236,1865,0.46516498923301697
1052,1236,567,0.46513307094573975
1053,1236,1477,0.4650890827178955
1054,1236,3314,0.4650489091873169
1055,1236,110,0.4649662375450134
1056,1236,2491,0.46483176946640015
1057,1236,165,0.4647318720817566
1058,1236,2666,0.46471503376960754
1059,1236,3067,0.4646919071674347
1060,1236,847,0.46468374133110046
1061,1236,2922,0.4646686017513275
1062,1236,1058,0.46464821696281433
1063,1236,1703,0.46460703015327454
1064,1236,1878,0.464577317237854
1065,1236,1430,0.4645352363586426
1066,1236,1207,0.46439626812934875
1067,1236,2480,0.4643763601779938
1068,1236,2670,0.4643588066101074
1069,1236,1131,0.4642972946166992
1070,1236,582,0.4642729163169861
1071,1236,2172,0.46417760848999023
1072,1236,643,0.46414434909820557
1073,1236,699,0.464138925075531
1074,1236,1888,0.4638493061065674
1075,1236,1941,0.46378397941589355
1076,1236,3621,0.46375149488449097
1077,1236,3513,0.46368831396102905
1078,1236,812,0.46363866329193115
1079,1236,978,0.4636349678039551
1080,1236,2962,0.4636223018169403
1081,1236,3147,0.4636036455631256
1082,1236,1147,0.46358656883239746
1083,1236,1968,0.46357253193855286
1084,1236,1612,0.4635199010372162
1085,1236,3417,0.4634881019592285
1086,1236,3342,0.46345362067222595
1087,1236,1262,0.4630982279777527
1088,1236,2291,0.4629414975643158
1089,1236,2701,0.4629351496696472
1090,1236,1184,0.4629265069961548
1091,1236,1055,0.46275079250335693
1092,1236,2006,0.462704062461853
1093,1236,3574,0.46263888478279114
1094,1236,3299,0.46263638138771057
1095,1236,1989,0.46259254217147827
1096,1236,2247,0.46251383423805237
1097,1236,1075,0.46251216530799866
1098,1236,1433,0.46238893270492554
1099,1236,2941,0.4621424376964569
1100,1236,3252,0.46202418208122253
1101,1236,2788,0.46190744638442993
1102,1236,252,0.46188774704933167
1103,1236,3061,0.4618874490261078
1104,1236,2952,0.4618830978870392
1105,1236,564,0.4618184268474579
1106,1236,3146,0.4618084132671356
1107,1236,789,0.46150922775268555
1108,1236,1422,0.46147221326828003
1109,1236,1047,0.4614180624485016
1110,1236,2759,0.4614105522632599
1111,1236,2493,0.4614052474498749
1112,1236,480,0.4612511098384857
1113,1236,2564,0.4612254500389099
1114,1236,1294,0.4612129032611847
1115,1236,2253,0.4611563980579376
1116,1236,1210,0.46107369661331177
1117,1236,73,0.4610108733177185
1118,1236,2223,0.46088430285453796
1119,1236,1127,0.46082091331481934
1120,1236,50,0.46081364154815674
1121,1236,1330,0.46077895164489746
1122,1236,2024,0.4606071710586548
1123,1236,1077,0.4605804681777954
1124,1236,724,0.46057480573654175
1125,1236,839,0.46054673194885254
1126,1236,2056,0.46053484082221985
1127,1236,1233,0.4604669213294983
1128,1236,576,0.4604250192642212
1129,1236,294,0.4603944718837738
1130,1236,2490,0.4603225290775299
1131,1236,537,0.4603125751018524
1132,1236,3547,0.4601980447769165
1133,1236,1630,0.46019041538238525
1134,1236,3575,0.46016693115234375
1135,1236,3305,0.46015849709510803
1136,1236,3265,0.460109680891037
1137,1236,2576,0.4600902497768402
1138,1236,3073,0.4600503444671631
1139,1236,3360,0.460048645734787
1140,1236,725,0.4600079655647278
1141,1236,3126,0.459992378950119
1142,1236,2599,0.45998868346214294
1143,1236,942,0.45991814136505127
1144,1236,1158,0.459847629070282
1145,1236,87,0.4598003923892975
1146,1236,3341,0.45961469411849976
1147,1236,2673,0.45956721901893616
1148,1236,1898,0.4595392048358917
1149,1236,1096,0.4593762457370758
1150,1236,260,0.45916464924812317
1151,1236,1015,0.4591042101383209
1152,1236,3522,0.45907536149024963
1153,1236,1053,0.4589259922504425
1154,1236,3423,0.4587460458278656
1155,1236,2761,0.45873215794563293
1156,1236,2329,0.4587256610393524
1157,1236,956,0.4585014879703522
1158,1236,2862,0.4584079384803772
1159,1236,2320,0.4583948254585266
1160,1236,3627,0.4583926498889923
1161,1236,72,0.45836445689201355
1162,1236,3259,0.45809414982795715
1163,1236,3246,0.4580753445625305
1164,1236,3264,0.4580080211162567
1165,1236,1481,0.45796939730644226
1166,1236,2414,0.45788878202438354
1167,1236,2728,0.45768386125564575
1168,1236,1657,0.45765936374664307
1169,1236,685,0.457653284072876
1170,1236,410,0.45754286646842957
1171,1236,3041,0.4574989974498749
1172,1236,2926,0.4574838876724243
1173,1236,1592,0.4574746787548065
1174,1236,2630,0.4574022889137268
1175,1236,3269,0.457306832075119
1176,1236,663,0.45725950598716736
1177,1236,1638,0.4571080803871155
1178,1236,3520,0.4570170044898987
1179,1236,271,0.45680099725723267
1180,1236,2780,0.4566763639450073
1181,1236,1016,0.4566592872142792
1182,1236,678,0.4566440284252167
1183,1236,2239,0.45660969614982605
1184,1236,1849,0.4565959572792053
1185,1236,768,0.4564734697341919
1186,1236,1658,0.45632046461105347
1187,1236,1148,0.4560993015766144
1188,1236,562,0.4560878872871399
1189,1236,2865,0.4560699164867401
1190,1236,1265,0.45601126551628113
1191,1236,2685,0.45598092675209045
1192,1236,466,0.45594269037246704
1193,1236,434,0.4558761417865753
1194,1236,2151,0.4557229280471802
1195,1236,3430,0.45570358633995056
1196,1236,2559,0.455610990524292
1197,1236,1115,0.45546531677246094
1198,1236,3173,0.4554523825645447
1199,1236,1801,0.4553902745246887
1200,1236,424,0.4553830623626709
1201,1236,539,0.45528310537338257
1202,1236,249,0.45526596903800964
1203,1236,482,0.45523959398269653
1204,1236,1128,0.45516905188560486
1205,1236,2684,0.4550475478172302
1206,1236,606,0.4549351632595062
1207,1236,572,0.45491060614585876
1208,1236,2531,0.45480531454086304
1209,1236,1532,0.45475608110427856
1210,1236,2589,0.454708069562912
1211,1236,2743,0.454621821641922
1212,1236,2198,0.45461371541023254
1213,1236,2306,0.45459944009780884
1214,1236,2059,0.4545869827270508
1215,1236,1731,0.4545731246471405
1216,1236,5,0.45453932881355286
1217,1236,2267,0.4545370638370514
1218,1236,591,0.45448294281959534
1219,1236,1708,0.4543023407459259
1220,1236,2176,0.45419183373451233
1221,1236,1216,0.4539676308631897
1222,1236,320,0.45391198992729187
1223,1236,3202,0.4538971185684204
1224,1236,964,0.45383885502815247
1225,1236,2376,0.4535410404205322
1226,1236,3311,0.4534526467323303
1227,1236,2623,0.45341768860816956
1228,1236,2961,0.45332810282707214
1229,1236,1310,0.45321017503738403
1230,1236,2005,0.4532051980495453
1231,1236,3310,0.4531409442424774
1232,1236,1183,0.45290935039520264
1233,1236,3576,0.45289334654808044
1234,1236,960,0.45289185643196106
1235,1236,367,0.4528362452983856
1236,1236,1628,0.4528071880340576
1237,1236,1566,0.45276564359664917
1238,1236,471,0.45271188020706177
1239,1236,2300,0.4527050852775574
1240,1236,3297,0.4525830149650574
1241,1236,2288,0.45250868797302246
1242,1236,828,0.4524690508842468
1243,1236,500,0.4524533748626709
1244,1236,748,0.4524150490760803
1245,1236,1137,0.45230960845947266
1246,1236,2654,0.4521314203739166
1247,1236,2787,0.45205727219581604
1248,1236,1375,0.45202937722206116
1249,1236,1136,0.4520132541656494
1250,1236,2199,0.4518360495567322
1251,1236,2122,0.4518073499202728
1252,1236,881,0.4517684578895569
1253,1236,3503,0.4517442584037781
1254,1236,1699,0.45166900753974915
1255,1236,1302,0.4514533281326294
1256,1236,2586,0.4513278305530548
1257,1236,2501,0.45121365785598755
1258,1236,2152,0.4512077569961548
1259,1236,3279,0.4511704742908478
1260,1236,2133,0.4510611593723297
1261,1236,1192,0.4510217607021332
1262,1236,19,0.45092272758483887
1263,1236,2688,0.4508957862854004
1264,1236,2120,0.45081791281700134
1265,1236,1387,0.45061129331588745
1266,1236,2309,0.45059701800346375
1267,1236,1102,0.45057213306427
1268,1236,391,0.45053163170814514
1269,1236,2020,0.45051100850105286
1270,1236,3,0.45048031210899353
1271,1236,1530,0.45047760009765625
1272,1236,1854,0.4504765272140503
1273,1236,164,0.45043593645095825
1274,1236,1442,0.4504186809062958
1275,1236,2608,0.4503538906574249
1276,1236,3563,0.4502071142196655
1277,1236,418,0.45012444257736206
1278,1236,3642,0.4500085115432739
1279,1236,2538,0.4500063359737396
1280,1236,336,0.44999733567237854
1281,1236,3607,0.4499948024749756
1282,1236,2002,0.4497978091239929
1283,1236,2674,0.4497559070587158
1284,1236,1019,0.4497162997722626
1285,1236,1085,0.4497065544128418
1286,1236,3294,0.4496823251247406
1287,1236,3466,0.4496433138847351
1288,1236,533,0.4496136009693146
1289,1236,1199,0.4495123624801636
1290,1236,719,0.44946709275245667
1291,1236,1080,0.44944778084754944
1292,1236,807,0.44942089915275574
1293,1236,2830,0.44941845536231995
1294,1236,3199,0.44934555888175964
1295,1236,3328,0.4493342638015747
1296,1236,3404,0.4492024779319763
1297,1236,985,0.4491846263408661
1298,1236,1529,0.4491638243198395
1299,1236,1866,0.44915419816970825
1300,1236,3533,0.4490772485733032
1301,1236,1040,0.4490700662136078
1302,1236,573,0.44904768466949463
1303,1236,3209,0.448992520570755
1304,1236,2584,0.44888296723365784
1305,1236,2238,0.4488105773925781
1306,1236,2581,0.4487059712409973
1307,1236,635,0.4486837089061737
1308,1236,1742,0.448640912771225
1309,1236,1911,0.4485476016998291
1310,1236,1627,0.4485241174697876
1311,1236,2775,0.4485234320163727
1312,1236,396,0.44849181175231934
1313,1236,2492,0.44839978218078613
1314,1236,229,0.44835537672042847
1315,1236,2691,0.4482313394546509
1316,1236,1004,0.44812992215156555
1317,1236,2485,0.4480077028274536
1318,1236,710,0.44792935252189636
1319,1236,3623,0.4479134976863861
1320,1236,2507,0.44783636927604675
1321,1236,116,0.4477989673614502
1322,1236,62,0.44775721430778503
1323,1236,2323,0.4477103054523468
1324,1236,580,0.4476669430732727
1325,1236,570,0.4476540684700012
1326,1236,2804,0.4475354552268982
1327,1236,3079,0.4475350081920624
1328,1236,2793,0.44751980900764465
1329,1236,3631,0.447514146566391
1330,1236,849,0.4475093185901642
1331,1236,3206,0.4474259912967682
1332,1236,2142,0.44740796089172363
1333,1236,3405,0.44736599922180176
1334,1236,1107,0.44735878705978394
1335,1236,996,0.4473233222961426
1336,1236,1357,0.447232186794281
1337,1236,1057,0.44721266627311707
1338,1236,2532,0.4471980035305023
1339,1236,338,0.4468666911125183
1340,1236,2179,0.446786105632782
1341,1236,609,0.44678178429603577
1342,1236,3335,0.44672122597694397
1343,1236,1850,0.4466961920261383
1344,1236,1043,0.44669410586357117
1345,1236,40,0.44659700989723206
1346,1236,953,0.4465045630931854
1347,1236,1833,0.446400910615921
1348,1236,2838,0.4463903605937958
1349,1236,3447,0.44634702801704407
1350,1236,3556,0.44634562730789185
1351,1236,1806,0.44633686542510986
1352,1236,27,0.44631150364875793
1353,1236,851,0.44630923867225647
1354,1236,602,0.44627878069877625
1355,1236,966,0.4462750256061554
1356,1236,3222,0.4461669623851776
1357,1236,3644,0.4461403489112854
1358,1236,613,0.4460230767726898
1359,1236,2173,0.4459109902381897
1360,1236,3212,0.44588539004325867
1361,1236,989,0.44581085443496704
1362,1236,364,0.44562438130378723
1363,1236,4,0.4455954134464264
1364,1236,1441,0.44556209444999695
1365,1236,3487,0.4453732967376709
1366,1236,550,0.4453287422657013
1367,1236,3630,0.44527605175971985
1368,1236,1967,0.44521617889404297
1369,1236,2930,0.4451548457145691
1370,1236,86,0.44511905312538147
1371,1236,2240,0.44509488344192505
1372,1236,1927,0.44505026936531067
1373,1236,2271,0.44504809379577637
1374,1236,2029,0.44495299458503723
1375,1236,1546,0.44471871852874756
1376,1236,1684,0.444648802280426
1377,1236,1693,0.4445967674255371
1378,1236,2816,0.44458070397377014
1379,1236,874,0.4445763826370239
1380,1236,2727,0.4445107877254486
1381,1236,1156,0.44448426365852356
1382,1236,870,0.4444601535797119
1383,1236,2178,0.44444018602371216
1384,1236,71,0.444413423538208
1385,1236,3254,0.44440338015556335
1386,1236,1191,0.4443398416042328
1387,1236,2782,0.44427475333213806
1388,1236,2710,0.44414106011390686
1389,1236,3270,0.44409605860710144
1390,1236,3101,0.44401654601097107
1391,1236,2650,0.44392457604408264
1392,1236,575,0.4438522458076477
1393,1236,2520,0.4437599778175354
1394,1236,3307,0.4436260163784027
1395,1236,475,0.4436134994029999
1396,1236,1079,0.4435657858848572
1397,1236,1526,0.4435003399848938
1398,1236,14,0.4434564709663391
1399,1236,1234,0.4432491660118103
1400,1236,2975,0.44318127632141113
1401,1236,1415,0.4430958926677704
1402,1236,519,0.4430540204048157
1403,1236,277,0.44297969341278076
1404,1236,3327,0.442909300327301
1405,1236,1474,0.44287919998168945
1406,1236,1644,0.44277334213256836
1407,1236,1230,0.4427592158317566
1408,1236,3312,0.44275757670402527
1409,1236,520,0.44272446632385254
1410,1236,2473,0.4426591098308563
1411,1236,1954,0.4425823390483856
1412,1236,585,0.4424859583377838
1413,1236,1340,0.44246694445610046
1414,1236,1320,0.44239798188209534
1415,1236,2827,0.44233614206314087
1416,1236,1125,0.442268043756485
1417,1236,3489,0.4422636032104492
1418,1236,619,0.4421020746231079
1419,1236,1014,0.44210124015808105
1420,1236,3156,0.4420914947986603
1421,1236,2612,0.4420706033706665
1422,1236,618,0.44197073578834534
1423,1236,1142,0.4418738782405853
1424,1236,2831,0.4418540894985199
1425,1236,2712,0.4418467879295349
1426,1236,426,0.4417422413825989
1427,1236,2750,0.44156530499458313
1428,1236,2825,0.44155943393707275
1429,1236,597,0.44155165553092957
1430,1236,2757,0.44154542684555054
1431,1236,1518,0.44138428568840027
1432,1236,713,0.44127562642097473
1433,1236,2140,0.441251665353775
1434,1236,2132,0.44124093651771545
1435,1236,3096,0.44123217463493347
1436,1236,1669,0.441218763589859
1437,1236,607,0.4411468207836151
1438,1236,1278,0.4411442279815674
1439,1236,898,0.44113054871559143
1440,1236,282,0.44108012318611145
1441,1236,2905,0.44098618626594543
1442,1236,2304,0.44093823432922363
1443,1236,1555,0.4408726394176483
1444,1236,3561,0.4408401548862457
1445,1236,2959,0.44065579771995544
1446,1236,1160,0.4406472146511078
1447,1236,1559,0.4406464993953705
1448,1236,3433,0.4406197965145111
1449,1236,563,0.4405711591243744
1450,1236,2640,0.4405299723148346
1451,1236,3080,0.4404997229576111
1452,1236,1086,0.44034042954444885
1453,1236,12,0.44029662013053894
1454,1236,2027,0.44025719165802
1455,1236,2769,0.440168559551239
1456,1236,1071,0.44009965658187866
1457,1236,88,0.43992477655410767
1458,1236,3386,0.43992000818252563
1459,1236,1062,0.4399026036262512
1460,1236,1336,0.43988192081451416
1461,1236,587,0.43987053632736206
1462,1236,3273,0.4398615062236786
1463,1236,574,0.4397275745868683
1464,1236,1212,0.43967166543006897
1465,1236,1343,0.4395737648010254
1466,1236,2881,0.4395568370819092
1467,1236,1105,0.4395240247249603
1468,1236,636,0.4395034909248352
1469,1236,1561,0.43947139382362366
1470,1236,1205,0.4394676089286804
1471,1236,2765,0.4393967390060425
1472,1236,2161,0.43930914998054504
1473,1236,2938,0.43930742144584656
1474,1236,3228,0.43930330872535706
1475,1236,3545,0.43920740485191345
1476,1236,1984,0.43920421600341797
1477,1236,1991,0.4390926957130432
1478,1236,1292,0.4390757381916046
1479,1236,1124,0.4390636384487152
1480,1236,3457,0.4389781653881073
1481,1236,2714,0.43896785378456116
1482,1236,3168,0.43864673376083374
1483,1236,3655,0.4384434223175049
1484,1236,90,0.43837669491767883
1485,1236,2686,0.43818429112434387
1486,1236,1393,0.43816715478897095
1487,1236,3240,0.43814894556999207
1488,1236,731,0.43814247846603394
1489,1236,2463,0.4380124807357788
1490,1236,2078,0.4378819465637207
1491,1236,2338,0.43788158893585205
1492,1236,605,0.4378270208835602
1493,1236,950,0.43774279952049255
1494,1236,279,0.43772828578948975
1495,1236,1851,0.43772393465042114
1496,1236,3528,0.4376883804798126
1497,1236,2196,0.4376784861087799
1498,1236,3568,0.4376411437988281
1499,1236,1242,0.4376175105571747
1500,1236,882,0.43749091029167175
1501,1236,388,0.4374426305294037
1502,1236,547,0.4373486340045929
1503,1236,726,0.4370192885398865
1504,1236,792,0.43701067566871643
1505,1236,414,0.4369353950023651
1506,1236,2279,0.43693163990974426
1507,1236,1479,0.4368433356285095
1508,1236,1933,0.4368104934692383
1509,1236,44,0.4368075728416443
1510,1236,113,0.43657395243644714
1511,1236,2762,0.43651947379112244
1512,1236,2484,0.43637895584106445
1513,1236,694,0.43637269735336304
1514,1236,654,0.43637269735336304
1515,1236,2736,0.4362308979034424
1516,1236,1022,0.43622875213623047
1517,1236,1848,0.4361817240715027
1518,1236,415,0.43618160486221313
1519,1236,3379,0.4361296594142914
1520,1236,2817,0.43602728843688965
1521,1236,266,0.43600794672966003
1522,1236,1338,0.4360041618347168
1523,1236,1103,0.4359177350997925
1524,1236,2846,0.43587493896484375
1525,1236,3071,0.4358738362789154
1526,1236,2606,0.4358273148536682
1527,1236,2748,0.43574702739715576
1528,1236,878,0.43574491143226624
1529,1236,1643,0.4357435405254364
1530,1236,51,0.4357065260410309
1531,1236,3337,0.4356003701686859
1532,1236,1030,0.43555256724357605
1533,1236,1213,0.4355374872684479
1534,1236,2974,0.4355330169200897
1535,1236,1582,0.43552130460739136
1536,1236,2609,0.4354369044303894
1537,1236,1964,0.4353925883769989
1538,1236,58,0.4352721869945526
1539,1236,2675,0.4352496266365051
1540,1236,1632,0.43522483110427856
1541,1236,1549,0.4351797103881836
1542,1236,986,0.43517428636550903
1543,1236,2721,0.4350806772708893
1544,1236,2802,0.43507522344589233
1545,1236,1624,0.43507272005081177
1546,1236,2088,0.43496668338775635
1547,1236,2496,0.4349222481250763
1548,1236,3530,0.4349155128002167
1549,1236,3390,0.4349071979522705
1550,1236,3281,0.4348151981830597
1551,1236,856,0.434733510017395
1552,1236,2498,0.43469125032424927
1553,1236,85,0.43456050753593445
1554,1236,3287,0.434422105550766
1555,1236,3069,0.43434983491897583
1556,1236,655,0.43431976437568665
1557,1236,1798,0.4343036115169525
1558,1236,1223,0.4342764914035797
1559,1236,3064,0.4342104494571686
1560,1236,2011,0.4341011345386505
1561,1236,2772,0.43407946825027466
1562,1236,1495,0.43403351306915283
1563,1236,2774,0.4339600205421448
1564,1236,3274,0.43395447731018066
1565,1236,384,0.4338449239730835
1566,1236,3445,0.43383947014808655
1567,1236,381,0.43383902311325073
1568,1236,362,0.43372538685798645
1569,1236,2812,0.433563232421875
1570,1236,41,0.4333660304546356
1571,1236,2578,0.4333212673664093
1572,1236,2781,0.43332016468048096
1573,1236,1944,0.43292316794395447
1574,1236,3425,0.4329117238521576
1575,1236,3035,0.43284955620765686
1576,1236,3465,0.43282637000083923
1577,1236,64,0.4327475130558014
1578,1236,2837,0.4326608180999756
1579,1236,1145,0.4323886036872864
1580,1236,1164,0.4323239028453827
1581,1236,1153,0.432302862405777
1582,1236,2832,0.4322761595249176
1583,1236,2517,0.4322214126586914
1584,1236,2159,0.4321933686733246
1585,1236,754,0.4321732819080353
1586,1236,2374,0.4321565330028534
1587,1236,3160,0.4320412576198578
1588,1236,1170,0.43197938799858093
1589,1236,2882,0.431955486536026
1590,1236,2225,0.43191638588905334
1591,1236,1696,0.43189892172813416
1592,1236,3521,0.43189629912376404
1593,1236,1960,0.4318726062774658
1594,1236,2057,0.4318055510520935
1595,1236,2263,0.4316294491291046
1596,1236,1238,0.4316166937351227
1597,1236,3128,0.4314831793308258
1598,1236,583,0.4314345121383667
1599,1236,1568,0.43138349056243896
1600,1236,577,0.43137919902801514
1601,1236,3336,0.4313676953315735
1602,1236,897,0.43128156661987305
1603,1236,910,0.4312552511692047
1604,1236,2521,0.4309634566307068
1605,1236,1081,0.43084412813186646
1606,1236,1907,0.4307909309864044
1607,1236,3074,0.4307621121406555
1608,1236,1794,0.43074244260787964
1609,1236,795,0.4307091236114502
1610,1236,2861,0.43066829442977905
1611,1236,3318,0.4306323528289795
1612,1236,2166,0.43043604493141174
1613,1236,3463,0.43038156628608704
1614,1236,1955,0.43014928698539734
1615,1236,2887,0.43006056547164917
1616,1236,838,0.4300280809402466
1617,1236,788,0.43002447485923767
1618,1236,3381,0.42995819449424744
1619,1236,1413,0.42991405725479126
1620,1236,440,0.429904043674469
1621,1236,2499,0.42986881732940674
1622,1236,919,0.4298078119754791
1623,1236,1163,0.4297945201396942
1624,1236,1891,0.4297295808792114
1625,1236,3118,0.42962774634361267
1626,1236,1575,0.42956244945526123
1627,1236,2845,0.429561585187912
1628,1236,1173,0.4295452833175659
1629,1236,2993,0.42950430512428284
1630,1236,1726,0.42930084466934204
1631,1236,1063,0.4292431175708771
1632,1236,3225,0.42923638224601746
1633,1236,1298,0.429166316986084
1634,1236,1928,0.4291255474090576
1635,1236,470,0.42911070585250854
1636,1236,848,0.42910894751548767
1637,1236,2458,0.42907214164733887
1638,1236,2579,0.42884570360183716
1639,1236,2511,0.42879095673561096
1640,1236,3203,0.4287857413291931
1641,1236,1032,0.42877960205078125
1642,1236,1167,0.4287511110305786
1643,1236,3097,0.42867758870124817
1644,1236,2,0.42867061495780945
1645,1236,3500,0.42864924669265747
1646,1236,2202,0.42860570549964905
1647,1236,894,0.4285714030265808
1648,1236,1341,0.4285568296909332
1649,1236,1180,0.42855358123779297
1650,1236,1498,0.4285525381565094
1651,1236,2550,0.42850255966186523
1652,1236,3248,0.42829838395118713
1653,1236,621,0.42824769020080566
1654,1236,1654,0.42824381589889526
1655,1236,386,0.42823368310928345
1656,1236,2956,0.42818042635917664
1657,1236,1986,0.42812100052833557
1658,1236,1222,0.42811083793640137
1659,1236,650,0.42809101939201355
1660,1236,1720,0.4280644953250885
1661,1236,776,0.4280463755130768
1662,1236,2305,0.42793720960617065
1663,1236,1301,0.4279026389122009
1664,1236,3632,0.42789560556411743
1665,1236,3654,0.4277638792991638
1666,1236,1681,0.4276942312717438
1667,1236,908,0.4276282787322998
1668,1236,1460,0.4275652766227722
1669,1236,895,0.4275329113006592
1670,1236,2842,0.4274784326553345
1671,1236,1996,0.42746901512145996
1672,1236,1031,0.42738357186317444
1673,1236,2577,0.4272508919239044
1674,1236,425,0.4271342158317566
1675,1236,1041,0.4271162450313568
1676,1236,2888,0.42707717418670654
1677,1236,3560,0.42697426676750183
1678,1236,2994,0.42684152722358704
1679,1236,1028,0.42672252655029297
1680,1236,3316,0.42667481303215027
1681,1236,3038,0.42663437128067017
1682,1236,1680,0.426567018032074
1683,1236,2536,0.42652612924575806
1684,1236,3548,0.4265064299106598
1685,1236,2790,0.4264289140701294
1686,1236,1263,0.4264226257801056
1687,1236,3582,0.426344633102417
1688,1236,2160,0.426343709230423
1689,1236,2692,0.42631691694259644
1690,1236,52,0.42631226778030396
1691,1236,3461,0.4262612462043762
1692,1236,1562,0.4262492060661316
1693,1236,2197,0.4262411892414093
1694,1236,2844,0.4261642396450043
1695,1236,3493,0.4261484146118164
1696,1236,39,0.426101952791214
1697,1236,886,0.42596668004989624
1698,1236,918,0.4259517788887024
1699,1236,2919,0.4258228540420532
1700,1236,2204,0.42575815320014954
1701,1236,3532,0.42568424344062805
1702,1236,1054,0.42564237117767334
1703,1236,3027,0.4255862534046173
1704,1236,1604,0.4254269003868103
1705,1236,2549,0.42538368701934814
1706,1236,1868,0.4252261519432068
1707,1236,3192,0.4250693619251251
1708,1236,673,0.4249167740345001
1709,1236,1641,0.4247993230819702
1710,1236,1830,0.42470186948776245
1711,1236,1959,0.42456918954849243
1712,1236,2106,0.4245625436306
1713,1236,2870,0.42444443702697754
1714,1236,3406,0.4244418740272522
1715,1236,3239,0.424381285905838
1716,1236,1484,0.42430421710014343
1717,1236,1462,0.4242888391017914
1718,1236,1370,0.42413806915283203
1719,1236,2251,0.4240737557411194
1720,1236,3210,0.42402973771095276
1721,1236,1758,0.42401158809661865
1722,1236,2044,0.42400485277175903
1723,1236,2697,0.4236278235912323
1724,1236,2214,0.4235275387763977
1725,1236,99,0.42349523305892944
1726,1236,1092,0.42342695593833923
1727,1236,1093,0.42341554164886475
1728,1236,1899,0.42338207364082336
1729,1236,2814,0.4231692850589752
1730,1236,236,0.42316925525665283
1731,1236,2072,0.4231468141078949
1732,1236,3099,0.42306074500083923
1733,1236,711,0.42298299074172974
1734,1236,3179,0.42292672395706177
1735,1236,808,0.4228253662586212
1736,1236,1652,0.42263364791870117
1737,1236,1382,0.42261120676994324
1738,1236,1002,0.4223754107952118
1739,1236,107,0.42231130599975586
1740,1236,875,0.42229172587394714
1741,1236,2222,0.4221652150154114
1742,1236,2483,0.42216405272483826
1743,1236,3151,0.42199862003326416
1744,1236,2186,0.4219929277896881
1745,1236,2731,0.42196404933929443
1746,1236,1691,0.42191827297210693
1747,1236,2635,0.4218214750289917
1748,1236,2730,0.42177459597587585
1749,1236,100,0.42176374793052673
1750,1236,947,0.42164480686187744
1751,1236,2041,0.4215206503868103
1752,1236,1209,0.4213692545890808
1753,1236,3306,0.42130354046821594
1754,1236,117,0.42128461599349976
1755,1236,2656,0.42115849256515503
1756,1236,1869,0.4211074113845825
1757,1236,1339,0.4211069345474243
1758,1236,2553,0.42109042406082153
1759,1236,1655,0.4210558831691742
1760,1236,3620,0.4210221469402313
1761,1236,1087,0.4209097921848297
1762,1236,2344,0.42080172896385193
1763,1236,3289,0.42074793577194214
1764,1236,2740,0.4206986427307129
1765,1236,2019,0.420696884393692
1766,1236,1881,0.4205537736415863
1767,1236,3637,0.4205287992954254
1768,1236,1836,0.42050495743751526
1769,1236,2148,0.4204680919647217
1770,1236,2545,0.420401394367218
1771,1236,3241,0.42033883929252625
1772,1236,2135,0.42027488350868225
1773,1236,2976,0.4202522039413452
1774,1236,2448,0.4198872745037079
1775,1236,3232,0.41987523436546326
1776,1236,1802,0.4198097586631775
1777,1236,3178,0.4197302460670471
1778,1236,1858,0.41970205307006836
1779,1236,991,0.41966551542282104
1780,1236,1451,0.419651597738266
1781,1236,906,0.41963186860084534
1782,1236,1196,0.4196239113807678
1783,1236,957,0.41957539319992065
1784,1236,1903,0.4193721115589142
1785,1236,2580,0.4193478226661682
1786,1236,1620,0.41930049657821655
1787,1236,514,0.41924822330474854
1788,1236,1704,0.41917914152145386
1789,1236,3387,0.4190555214881897
1790,1236,2582,0.4190536141395569
1791,1236,1034,0.41901394724845886
1792,1236,1214,0.41898593306541443
1793,1236,2631,0.4188944101333618
1794,1236,104,0.418826162815094
1795,1236,2942,0.4187448024749756
1796,1236,3349,0.4186394512653351
1797,1236,674,0.41852572560310364
1798,1236,2213,0.4184490442276001
1799,1236,2565,0.4183427691459656
1800,1236,2568,0.41830524802207947
1801,1236,1810,0.41829654574394226
1802,1236,932,0.418202668428421
1803,1236,3551,0.41809335350990295
1804,1236,1943,0.418074369430542
1805,1236,3511,0.4180140495300293
1806,1236,1465,0.41793468594551086
1807,1236,3383,0.4179146885871887
1808,1236,2600,0.4178158938884735
1809,1236,289,0.4175947606563568
1810,1236,3558,0.4175397753715515
1811,1236,3213,0.41753247380256653
1812,1236,1171,0.41746145486831665
1813,1236,2773,0.4174458384513855
1814,1236,1169,0.4172644317150116
1815,1236,1150,0.4172230362892151
1816,1236,1818,0.41712087392807007
1817,1236,2570,0.417101114988327
1818,1236,1123,0.4169529378414154
1819,1236,3221,0.4169193208217621
1820,1236,3401,0.4169025421142578
1821,1236,1893,0.41684260964393616
1822,1236,2979,0.41683438420295715
1823,1236,2259,0.4166586697101593
1824,1236,511,0.41665470600128174
1825,1236,3243,0.4164920151233673
1826,1236,3046,0.41645511984825134
1827,1236,791,0.41639450192451477
1828,1236,2902,0.41635704040527344
1829,1236,2924,0.41634681820869446
1830,1236,2533,0.4162711501121521
1831,1236,1268,0.4161987900733948
1832,1236,2540,0.41619783639907837
1833,1236,2751,0.41618800163269043
1834,1236,407,0.416186660528183
1835,1236,3428,0.41601863503456116
1836,1236,2934,0.41591474413871765
1837,1236,3459,0.41590559482574463
1838,1236,2957,0.41587427258491516
1839,1236,1584,0.41581442952156067
1840,1236,1440,0.415799617767334
1841,1236,1751,0.4157586097717285
1842,1236,3534,0.41562268137931824
1843,1236,1258,0.4154524505138397
1844,1236,1038,0.4152938425540924
1845,1236,1001,0.4151717722415924
1846,1236,172,0.41514652967453003
1847,1236,782,0.41505250334739685
1848,1236,422,0.4150294065475464
1849,1236,3278,0.41501981019973755
1850,1236,3114,0.41490551829338074
1851,1236,884,0.4148268699645996
1852,1236,2843,0.4148237407207489
1853,1236,758,0.4148096442222595
1854,1236,805,0.41476574540138245
1855,1236,3410,0.4146655797958374
1856,1236,1390,0.4146098792552948
1857,1236,2228,0.41458797454833984
1858,1236,1204,0.41454893350601196
1859,1236,1804,0.4144764840602875
1860,1236,2205,0.4144488573074341
1861,1236,1122,0.4144139289855957
1862,1236,3397,0.41430121660232544
1863,1236,481,0.41429105401039124
1864,1236,2466,0.41428473591804504
1865,1236,2820,0.41419029235839844
1866,1236,2705,0.4141835570335388
1867,1236,2866,0.41415533423423767
1868,1236,865,0.4140791594982147
1869,1236,2053,0.4140165150165558
1870,1236,2113,0.41401466727256775
1871,1236,1875,0.41390901803970337
1872,1236,1589,0.4138657748699188
1873,1236,2624,0.4135897755622864
1874,1236,268,0.413578063249588
1875,1236,1009,0.4135499596595764
1876,1236,1188,0.41354861855506897
1877,1236,1042,0.41351318359375
1878,1236,1648,0.413289874792099
1879,1236,538,0.41324296593666077
1880,1236,412,0.4131498336791992
1881,1236,46,0.41310355067253113
1882,1236,1048,0.41303595900535583
1883,1236,811,0.412862092256546
1884,1236,1110,0.41268202662467957
1885,1236,2324,0.41256988048553467
1886,1236,2359,0.4125351905822754
1887,1236,318,0.4124792516231537
1888,1236,867,0.4124313294887543
1889,1236,3549,0.4124220013618469
1890,1236,951,0.41238951683044434
1891,1236,3454,0.4123711884021759
1892,1236,1950,0.41233792901039124
1893,1236,1011,0.4122776687145233
1894,1236,1411,0.41222766041755676
1895,1236,2987,0.4121744632720947
1896,1236,2826,0.4121294915676117
1897,1236,695,0.4120291471481323
1898,1236,3197,0.41201072931289673
1899,1236,1281,0.4119666814804077
1900,1236,2018,0.41190657019615173
1901,1236,1117,0.4115980863571167
1902,1236,1674,0.41156888008117676
1903,1236,1284,0.4115084111690521
1904,1236,3372,0.41147640347480774
1905,1236,1073,0.4114651381969452
1906,1236,1831,0.41141343116760254
1907,1236,596,0.4113211929798126
1908,1236,1817,0.4112650156021118
1909,1236,629,0.4111953377723694
1910,1236,1909,0.41117364168167114
1911,1236,1883,0.41116198897361755
1912,1236,1965,0.41112735867500305
1913,1236,2543,0.4109523892402649
1914,1236,2185,0.41079872846603394
1915,1236,1010,0.41071024537086487
1916,1236,3184,0.4106878340244293
1917,1236,2486,0.4106678366661072
1918,1236,2873,0.4105752408504486
1919,1236,1502,0.41052040457725525
1920,1236,3542,0.4105180501937866
1921,1236,123,0.4104622006416321
1922,1236,3229,0.41037023067474365
1923,1236,1177,0.4103543758392334
1924,1236,1126,0.4103405177593231
1925,1236,3539,0.4102466404438019
1926,1236,2867,0.4102167785167694
1927,1236,2927,0.4102034866809845
1928,1236,1243,0.41014498472213745
1929,1236,903,0.4099082052707672
1930,1236,2892,0.40989598631858826
1931,1236,2075,0.4098096191883087
1932,1236,2724,0.40980270504951477
1933,1236,2871,0.4097597897052765
1934,1236,1429,0.40974491834640503
1935,1236,810,0.4097186028957367
1936,1236,2852,0.40949782729148865
1937,1236,1420,0.40947017073631287
1938,1236,666,0.40937522053718567
1939,1236,667,0.4093360900878906
1940,1236,3420,0.40930721163749695
1941,1236,1567,0.4092017412185669
1942,1236,1588,0.4091795086860657
1943,1236,2312,0.40915802121162415
1944,1236,543,0.4091411828994751
1945,1236,3395,0.40908390283584595
1946,1236,2050,0.4090591073036194
1947,1236,1176,0.40899622440338135
1948,1236,2512,0.40893617272377014
1949,1236,499,0.4089265465736389
1950,1236,1277,0.40886422991752625
1951,1236,2211,0.4088347554206848
1952,1236,1190,0.40879613161087036
1953,1236,2210,0.4083488881587982
1954,1236,794,0.40833017230033875
1955,1236,2651,0.4083259701728821
1956,1236,2729,0.4082084596157074
1957,1236,3219,0.40818625688552856
1958,1236,2224,0.4081813097000122
1959,1236,540,0.40809935331344604
1960,1236,2126,0.40801459550857544
1961,1236,3308,0.4079400897026062
1962,1236,2854,0.40793514251708984
1963,1236,975,0.4078425467014313
1964,1236,3538,0.4077768623828888
1965,1236,1682,0.4077751636505127
1966,1236,720,0.4077226519584656
1967,1236,813,0.40771692991256714
1968,1236,3321,0.4076909124851227
1969,1236,1545,0.40768322348594666
1970,1236,314,0.40756621956825256
1971,1236,3403,0.4075445532798767
1972,1236,1908,0.40750157833099365
1973,1236,2064,0.40747255086898804
1974,1236,1286,0.40743547677993774
1975,1236,492,0.40730953216552734
1976,1236,2194,0.4072926640510559
1977,1236,3529,0.40720057487487793
1978,1236,752,0.40714365243911743
1979,1236,1033,0.40709617733955383
1980,1236,3135,0.40708792209625244
1981,1236,1649,0.40706905722618103
1982,1236,494,0.40705302357673645
1983,1236,1923,0.4070306420326233
1984,1236,1432,0.40696805715560913
1985,1236,2145,0.4069001376628876
1986,1236,2566,0.40678006410598755
1987,1236,1315,0.4066661596298218
1988,1236,3164,0.40663009881973267
1989,1236,2708,0.4066232144832611
1990,1236,1662,0.4065789580345154
1991,1236,3653,0.40649038553237915
1992,1236,2659,0.40648218989372253
1993,1236,1672,0.4064103066921234
1994,1236,939,0.4063889682292938
1995,1236,584,0.40625274181365967
1996,1236,300,0.40622973442077637
1997,1236,3014,0.4061334729194641
1998,1236,513,0.4061167538166046
1999,1236,1037,0.4060540497303009
2000,1236,997,0.4060414135456085
2001,1236,2082,0.405891478061676
2002,1236,184,0.4057824909687042
2003,1236,1091,0.4055437445640564
2004,1236,980,0.4054524004459381
2005,1236,3359,0.4053712785243988
2006,1236,75,0.40529513359069824
2007,1236,3571,0.40517479181289673
2008,1236,2669,0.4050595760345459
2009,1236,2076,0.40500086545944214
2010,1236,2472,0.40496623516082764
2011,1236,1729,0.4048786461353302
2012,1236,1676,0.40487319231033325
2013,1236,267,0.40484410524368286
2014,1236,2110,0.4047068655490875
2015,1236,1389,0.4045810401439667
2016,1236,3257,0.4045547842979431
2017,1236,1776,0.40453988313674927
2018,1236,1044,0.40447255969047546
2019,1236,2043,0.40446391701698303
2020,1236,393,0.40437403321266174
2021,1236,2275,0.40435510873794556
2022,1236,1656,0.40424609184265137
2023,1236,191,0.40421634912490845
2024,1236,1750,0.4041588604450226
2025,1236,2981,0.40412065386772156
2026,1236,1548,0.40411871671676636
2027,1236,3602,0.4040922522544861
2028,1236,2982,0.4040202796459198
2029,1236,1260,0.40398475527763367
2030,1236,876,0.40393945574760437
2031,1236,1061,0.40391770005226135
2032,1236,1094,0.40361636877059937
2033,1236,373,0.40355202555656433
2034,1236,766,0.40342235565185547
2035,1236,566,0.40338438749313354
2036,1236,2799,0.4033769369125366
2037,1236,2741,0.4033491909503937
2038,1236,2004,0.40329667925834656
2039,1236,2503,0.4032946527004242
2040,1236,1550,0.4032793939113617
2041,1236,1745,0.40322843194007874
2042,1236,3340,0.4032021462917328
2043,1236,825,0.40319326519966125
2044,1236,803,0.40313324332237244
2045,1236,1066,0.40308240056037903
2046,1236,3324,0.4030400812625885
2047,1236,106,0.4028870463371277
2048,1236,2207,0.4028424918651581
2049,1236,845,0.4027891159057617
2050,1236,416,0.4027874767780304
2051,1236,1971,0.40278127789497375
2052,1236,2290,0.4027024507522583
2053,1236,2464,0.40267837047576904
2054,1236,1483,0.4025624394416809
2055,1236,400,0.40245485305786133
2056,1236,3260,0.4022500514984131
2057,1236,479,0.40209364891052246
2058,1236,1406,0.4020734429359436
2059,1236,815,0.4019770622253418
2060,1236,1605,0.40194961428642273
2061,1236,2847,0.4018476903438568
2062,1236,1558,0.40183988213539124
2063,1236,1355,0.4017789363861084
2064,1236,3599,0.40172696113586426
2065,1236,2000,0.401683509349823
2066,1236,2203,0.40166887640953064
2067,1236,2244,0.4015580415725708
2068,1236,2694,0.40152493119239807
2069,1236,3380,0.40146079659461975
2070,1236,357,0.4014086425304413
2071,1236,2200,0.401349276304245
2072,1236,2009,0.40130719542503357
2073,1236,965,0.4011892080307007
2074,1236,891,0.40117380023002625
2075,1236,3396,0.40092968940734863
2076,1236,2899,0.40090522170066833
2077,1236,1557,0.4007353186607361
2078,1236,3605,0.40052732825279236
2079,1236,545,0.40045103430747986
2080,1236,2108,0.40041765570640564
2081,1236,1187,0.4003363847732544
2082,1236,637,0.40028494596481323
2083,1236,2422,0.4001813530921936
2084,1236,3412,0.4001762568950653
2085,1236,1679,0.40013062953948975
2086,1236,2021,0.39997079968452454
2087,1236,1828,0.39988964796066284
2088,1236,2986,0.3998374938964844
2089,1236,1407,0.39978837966918945
2090,1236,1583,0.3997441828250885
2091,1236,1487,0.3996672034263611
2092,1236,1786,0.39966702461242676
2093,1236,3247,0.3996446132659912
2094,1236,2626,0.3995986580848694
2095,1236,3106,0.39955323934555054
2096,1236,259,0.399516761302948
2097,1236,3440,0.39949116110801697
2098,1236,1596,0.3993648290634155
2099,1236,1469,0.3993459939956665
2100,1236,1617,0.399260014295578
2101,1236,2327,0.3991428315639496
2102,1236,2468,0.398929625749588
2103,1236,2518,0.3989191949367523
2104,1236,1956,0.39890965819358826
2105,1236,2352,0.3989051580429077
2106,1236,1813,0.3989015221595764
2107,1236,972,0.3987736701965332
2108,1236,1255,0.3986676037311554
2109,1236,2294,0.3986239731311798
2110,1236,2967,0.39858490228652954
2111,1236,1577,0.398571640253067
2112,1236,66,0.39854541420936584
2113,1236,1787,0.3984132409095764
2114,1236,1069,0.3983982503414154
2115,1236,1842,0.39833900332450867
2116,1236,2310,0.39832592010498047
2117,1236,96,0.39831164479255676
2118,1236,2900,0.3981616497039795
2119,1236,2641,0.3979867994785309
2120,1236,2366,0.39796239137649536
2121,1236,2625,0.3979001045227051
2122,1236,3591,0.39788761734962463
2123,1236,1700,0.3978218734264374
2124,1236,1013,0.39780640602111816
2125,1236,3309,0.39780235290527344
2126,1236,3261,0.3977583944797516
2127,1236,30,0.3976946473121643
2128,1236,2058,0.397640198469162
2129,1236,1218,0.3976304233074188
2130,1236,1404,0.39760568737983704
2131,1236,1039,0.39759501814842224
2132,1236,309,0.39752593636512756
2133,1236,2333,0.39751917123794556
2134,1236,534,0.3975035846233368
2135,1236,1610,0.39744600653648376
2136,1236,3152,0.397411972284317
2137,1236,1838,0.3973982036113739
2138,1236,3358,0.39728298783302307
2139,1236,2169,0.3972242474555969
2140,1236,2308,0.39702528715133667
2141,1236,842,0.3969540297985077
2142,1236,617,0.3969409167766571
2143,1236,1138,0.3968479633331299
2144,1236,3446,0.3968038558959961
2145,1236,2965,0.39679935574531555
2146,1236,42,0.39677461981773376
2147,1236,1376,0.3967415392398834
2148,1236,1493,0.3966243863105774
2149,1236,1409,0.39660894870758057
2150,1236,3414,0.3965863287448883
2151,1236,1719,0.39657893776893616
2152,1236,857,0.3965733051300049
2153,1236,408,0.3964797258377075
2154,1236,2939,0.3964199721813202
2155,1236,2184,0.3960319459438324
2156,1236,2109,0.39584288001060486
2157,1236,1246,0.3958367705345154
2158,1236,2008,0.3955530524253845
2159,1236,108,0.39554235339164734
2160,1236,295,0.39543232321739197
2161,1236,835,0.39543038606643677
2162,1236,1118,0.3953876793384552
2163,1236,1035,0.3951188027858734
2164,1236,190,0.395084410905838
2165,1236,2461,0.3950630724430084
2166,1236,3638,0.3950250744819641
2167,1236,841,0.39494916796684265
2168,1236,1593,0.39477601647377014
2169,1236,990,0.39475560188293457
2170,1236,2038,0.39468562602996826
2171,1236,1203,0.39467358589172363
2172,1236,833,0.3946727514266968
2173,1236,2795,0.39446327090263367
2174,1236,1763,0.3944140076637268
2175,1236,779,0.39440491795539856
2176,1236,2973,0.3943727910518646
2177,1236,3268,0.39426693320274353
2178,1236,1906,0.39420992136001587
2179,1236,1299,0.39420726895332336
2180,1236,1227,0.3941059708595276
2181,1236,1791,0.39408811926841736
2182,1236,3344,0.3939785957336426
2183,1236,900,0.3939726650714874
2184,1236,2195,0.3939545154571533
2185,1236,565,0.3938961923122406
2186,1236,929,0.3938728868961334
2187,1236,1613,0.3937281668186188
2188,1236,2515,0.3936903178691864
2189,1236,250,0.3936002254486084
2190,1236,866,0.39359503984451294
2191,1236,1331,0.39356958866119385
2192,1236,892,0.39347290992736816
2193,1236,1660,0.39335793256759644
2194,1236,2850,0.3932880163192749
2195,1236,2421,0.3929474949836731
2196,1236,2420,0.39282703399658203
2197,1236,3214,0.39275965094566345
2198,1236,1342,0.392758846282959
2199,1236,329,0.39266636967658997
2200,1236,2258,0.3925308883190155
2201,1236,486,0.39250075817108154
2202,1236,2668,0.39242613315582275
2203,1236,2690,0.3922783434391022
2204,1236,603,0.39207831025123596
2205,1236,850,0.3920776844024658
2206,1236,3474,0.39186251163482666
2207,1236,608,0.39184805750846863
2208,1236,2351,0.3917909264564514
2209,1236,3140,0.3917328417301178
2210,1236,69,0.39169082045555115
2211,1236,1766,0.39162421226501465
2212,1236,625,0.39158907532691956
2213,1236,159,0.39157119393348694
2214,1236,2897,0.3915134072303772
2215,1236,862,0.3915070593357086
2216,1236,3166,0.3914651870727539
2217,1236,830,0.3913971781730652
2218,1236,283,0.3913964629173279
2219,1236,2744,0.3913227319717407
2220,1236,2554,0.39126354455947876
2221,1236,542,0.39115971326828003
2222,1236,1252,0.3911340832710266
2223,1236,3345,0.39097246527671814
2224,1236,1352,0.3908141553401947
2225,1236,549,0.3907879889011383
2226,1236,551,0.3907434344291687
2227,1236,2023,0.390694260597229
2228,1236,2289,0.3906917870044708
2229,1236,3155,0.3906603753566742
2230,1236,3407,0.3906479477882385
2231,1236,1815,0.3905855417251587
2232,1236,1664,0.3899175524711609
2233,1236,3208,0.38989174365997314
2234,1236,1920,0.3898439407348633
2235,1236,3102,0.38975226879119873
2236,1236,935,0.38974544405937195
2237,1236,959,0.3896891474723816
2238,1236,3468,0.3895389437675476
2239,1236,3075,0.3895299434661865
2240,1236,1359,0.38950005173683167
2241,1236,814,0.38942256569862366
2242,1236,160,0.3893553912639618
2243,1236,2470,0.38931816816329956
2244,1236,2032,0.3892214596271515
2245,1236,920,0.389093816280365
2246,1236,1722,0.3890300393104553
2247,1236,495,0.38891270756721497
2248,1236,1363,0.38877183198928833
2249,1236,3011,0.3886656165122986
2250,1236,2367,0.38856565952301025
2251,1236,1186,0.38851311802864075
2252,1236,1552,0.38845914602279663
2253,1236,1931,0.38831743597984314
2254,1236,3007,0.3882780373096466
2255,1236,1024,0.3880167603492737
2256,1236,3068,0.387900710105896
2257,1236,2970,0.38789841532707214
2258,1236,3022,0.38740816712379456
2259,1236,1023,0.387382835149765
2260,1236,2187,0.3873651921749115
2261,1236,1112,0.3873392343521118
2262,1236,3509,0.3872360587120056
2263,1236,1975,0.38719817996025085
2264,1236,627,0.38717642426490784
2265,1236,3557,0.38710862398147583
2266,1236,3235,0.3870849609375
2267,1236,3435,0.3870633840560913
2268,1236,1857,0.3870479166507721
2269,1236,2465,0.38701486587524414
2270,1236,2796,0.3869659900665283
2271,1236,3036,0.3867436945438385
2272,1236,819,0.3866557478904724
2273,1236,1653,0.38646334409713745
2274,1236,3411,0.3864278197288513
2275,1236,2797,0.386243999004364
2276,1236,2746,0.3862055838108063
2277,1236,800,0.3861033022403717
2278,1236,2771,0.3857801854610443
2279,1236,1269,0.3857746422290802
2280,1236,2886,0.38561683893203735
2281,1236,1890,0.38548600673675537
2282,1236,1466,0.3854731321334839
2283,1236,2879,0.3854067623615265
2284,1236,3189,0.3852788507938385
2285,1236,3215,0.3852200508117676
2286,1236,1591,0.3851178288459778
2287,1236,1097,0.3851010799407959
2288,1236,844,0.3849698603153229
2289,1236,1383,0.38490650057792664
2290,1236,2681,0.3848531246185303
2291,1236,2104,0.38481172919273376
2292,1236,421,0.3847915828227997
2293,1236,3618,0.38470855355262756
2294,1236,1161,0.38467368483543396
2295,1236,2639,0.38456904888153076
2296,1236,3456,0.3842458724975586
2297,1236,688,0.3841351568698883
2298,1236,623,0.3839293122291565
2299,1236,2193,0.3839096128940582
2300,1236,751,0.38386374711990356
2301,1236,2147,0.3836934566497803
2302,1236,2717,0.38346970081329346
2303,1236,119,0.38329124450683594
2304,1236,3129,0.383250892162323
2305,1236,1446,0.3832039535045624
2306,1236,1289,0.383064866065979
2307,1236,2547,0.3829871118068695
2308,1236,2089,0.3829256296157837
2309,1236,1448,0.3828868567943573
2310,1236,977,0.38287806510925293
2311,1236,3526,0.3828119933605194
2312,1236,3159,0.38273292779922485
2313,1236,3008,0.38271236419677734
2314,1236,2206,0.38270464539527893
2315,1236,339,0.3826889991760254
2316,1236,1217,0.3824988901615143
2317,1236,1718,0.3823535740375519
2318,1236,3527,0.38230451941490173
2319,1236,2350,0.38221561908721924
2320,1236,348,0.3820892870426178
2321,1236,801,0.3820855915546417
2322,1236,3026,0.38186800479888916
2323,1236,2671,0.38184988498687744
2324,1236,2878,0.38173332810401917
2325,1236,3490,0.3816537857055664
2326,1236,3255,0.38155239820480347
2327,1236,1534,0.3812979757785797
2328,1236,1394,0.38127556443214417
2329,1236,349,0.3812628984451294
2330,1236,2452,0.38121670484542847
2331,1236,1926,0.38117021322250366
2332,1236,1678,0.3811035454273224
2333,1236,2809,0.3809138536453247
2334,1236,223,0.3808542788028717
2335,1236,3610,0.380732923746109
2336,1236,1707,0.3806980848312378
2337,1236,2528,0.3806263506412506
2338,1236,2792,0.3806195557117462
2339,1236,2315,0.3805491030216217
2340,1236,2785,0.38041263818740845
2341,1236,1443,0.3803682029247284
2342,1236,273,0.3803052604198456
2343,1236,1951,0.3802829384803772
2344,1236,3078,0.3802156150341034
2345,1236,924,0.3800830543041229
2346,1236,2592,0.38006916642189026
2347,1236,659,0.3800200819969177
2348,1236,1636,0.37991809844970703
2349,1236,169,0.3797787129878998
2350,1236,3609,0.37971553206443787
2351,1236,1845,0.37963709235191345
2352,1236,2527,0.3796204626560211
2353,1236,1068,0.3795737326145172
2354,1236,3262,0.3795042634010315
2355,1236,1219,0.3794037401676178
2356,1236,988,0.37930500507354736
2357,1236,3402,0.3791598081588745
2358,1236,1829,0.3791152834892273
2359,1236,3010,0.37906888127326965
2360,1236,2036,0.37900298833847046
2361,1236,798,0.37878572940826416
2362,1236,2808,0.3787252604961395
2363,1236,2801,0.37869730591773987
2364,1236,2637,0.3786826431751251
2365,1236,1272,0.37862032651901245
2366,1236,756,0.3785978853702545
2367,1236,1525,0.37857165932655334
2368,1236,1358,0.37846896052360535
2369,1236,3427,0.37843820452690125
2370,1236,1785,0.3784320056438446
2371,1236,1172,0.3783869445323944
2372,1236,1771,0.37820833921432495
2373,1236,1554,0.3779321312904358
2374,1236,253,0.37780722975730896
2375,1236,3020,0.3777790367603302
2376,1236,1823,0.3777250647544861
2377,1236,3004,0.37767937779426575
2378,1236,2416,0.3776716887950897
2379,1236,209,0.3774334490299225
2380,1236,2066,0.3773682713508606
2381,1236,1027,0.3772985339164734
2382,1236,1600,0.37728893756866455
2383,1236,3507,0.37728098034858704
2384,1236,3111,0.3772003650665283
2385,1236,535,0.3770409822463989
2386,1236,1647,0.37683790922164917
2387,1236,2776,0.37682610750198364
2388,1236,287,0.37671568989753723
2389,1236,332,0.37668681144714355
2390,1236,21,0.37666982412338257
2391,1236,3211,0.37654757499694824
2392,1236,3525,0.3765257000923157
2393,1236,961,0.3764364421367645
2394,1236,2209,0.37639349699020386
2395,1236,298,0.37626031041145325
2396,1236,1194,0.37621548771858215
2397,1236,2561,0.37611111998558044
2398,1236,404,0.3760885000228882
2399,1236,1924,0.37606188654899597
2400,1236,2054,0.3760316073894501
2401,1236,3091,0.3758784234523773
2402,1236,1425,0.3758733570575714
2403,1236,363,0.3758517801761627
2404,1236,2951,0.3757799565792084
2405,1236,2500,0.37563496828079224
2406,1236,3201,0.37540575861930847
2407,1236,1152,0.3753087818622589
2408,1236,2588,0.3752487301826477
2409,1236,402,0.3750336170196533
2410,1236,370,0.37500879168510437
2411,1236,1141,0.3749544322490692
2412,1236,1783,0.3749234080314636
2413,1236,115,0.374690979719162
2414,1236,1174,0.37467682361602783
2415,1236,2601,0.3745872378349304
2416,1236,728,0.37458181381225586
2417,1236,3385,0.37456533312797546
2418,1236,2143,0.37447184324264526
2419,1236,1130,0.37436893582344055
2420,1236,1296,0.3742911219596863
2421,1236,3158,0.37414875626564026
2422,1236,208,0.374050110578537
2423,1236,307,0.37404492497444153
2424,1236,3196,0.3740321397781372
2425,1236,2874,0.37400829792022705
2426,1236,3113,0.3739527463912964
2427,1236,1563,0.3737809658050537
2428,1236,359,0.3736937642097473
2429,1236,783,0.37366050481796265
2430,1236,3167,0.3733517825603485
2431,1236,3082,0.3733179271221161
2432,1236,2092,0.3731173872947693
2433,1236,375,0.3730998635292053
2434,1236,3361,0.37303847074508667
2435,1236,2260,0.3730165362358093
2436,1236,1020,0.3730013072490692
2437,1236,1419,0.37299844622612
2438,1236,940,0.37285977602005005
2439,1236,2444,0.3727310299873352
2440,1236,1353,0.3726300299167633
2441,1236,3169,0.37255653738975525
2442,1236,840,0.37255531549453735
2443,1236,47,0.37252241373062134
2444,1236,3444,0.37250903248786926
2445,1236,3121,0.37250131368637085
2446,1236,3496,0.37246909737586975
2447,1236,3081,0.3724150061607361
2448,1236,3600,0.37230807542800903
2449,1236,2535,0.37229806184768677
2450,1236,3622,0.37228336930274963
2451,1236,3394,0.37226301431655884
2452,1236,290,0.3722020983695984
2453,1236,180,0.372175931930542
2454,1236,1003,0.37215590476989746
2455,1236,1162,0.37214675545692444
2456,1236,1189,0.37210020422935486
2457,1236,366,0.37209370732307434
2458,1236,2164,0.37204620242118835
2459,1236,1597,0.3719865679740906
2460,1236,1834,0.37198084592819214
2461,1236,2754,0.37192144989967346
2462,1236,16,0.3719051778316498
2463,1236,2067,0.3718798756599426
2464,1236,785,0.3717535138130188
2465,1236,1611,0.37162116169929504
2466,1236,2283,0.3715633451938629
2467,1236,3242,0.37153246998786926
2468,1236,2856,0.3715057671070099
2469,1236,1935,0.371351420879364
2470,1236,3357,0.3713482618331909
2471,1236,95,0.3712330758571625
2472,1236,2707,0.37119996547698975
2473,1236,3284,0.3711238205432892
2474,1236,1925,0.3710075914859772
2475,1236,2445,0.3707980215549469
2476,1236,346,0.37079399824142456
2477,1236,56,0.3707484006881714
2478,1236,2375,0.3707117736339569
2479,1236,1864,0.37063872814178467
2480,1236,1018,0.3706234395503998
2481,1236,799,0.37036368250846863
2482,1236,2417,0.37032321095466614
2483,1236,945,0.37025168538093567
2484,1236,507,0.37015438079833984
2485,1236,1781,0.3700544834136963
2486,1236,2667,0.36996984481811523
2487,1236,1290,0.3698498606681824
2488,1236,478,0.3698042035102844
2489,1236,1590,0.3697618246078491
2490,1236,2859,0.3696981966495514
2491,1236,1427,0.3696715533733368
2492,1236,302,0.36958861351013184
2493,1236,335,0.369564414024353
2494,1236,2563,0.3695124685764313
2495,1236,2107,0.3691360652446747
2496,1236,1344,0.36904004216194153
2497,1236,1608,0.36900684237480164
2498,1236,2095,0.3690014183521271
2499,1236,1026,0.3688010573387146
2500,1236,17,0.3686321973800659
2501,1236,323,0.36858227849006653
2502,1236,946,0.36851733922958374
2503,1236,1805,0.36846157908439636
2504,1236,2798,0.36841902136802673
2505,1236,1979,0.36837640404701233
2506,1236,944,0.36834716796875
2507,1236,175,0.3683396875858307
2508,1236,3251,0.3681868612766266
2509,1236,642,0.3681219816207886
2510,1236,1814,0.3678749203681946
2511,1236,2217,0.36785146594047546
2512,1236,1116,0.3677303194999695
2513,1236,2158,0.36765047907829285
2514,1236,2829,0.36757320165634155
2515,1236,1120,0.3675726354122162
2516,1236,3002,0.3675276041030884
2517,1236,2506,0.3674651086330414
2518,1236,2181,0.3673735558986664
2519,1236,729,0.36737143993377686
2520,1236,219,0.36714428663253784
2521,1236,132,0.3671133816242218
2522,1236,3480,0.3670863211154938
2523,1236,1551,0.36708369851112366
2524,1236,1489,0.3669116497039795
2525,1236,2365,0.3668217062950134
2526,1236,353,0.366795152425766
2527,1236,109,0.3667590022087097
2528,1236,2030,0.36670058965682983
2529,1236,2280,0.366582989692688
2530,1236,3455,0.366550475358963
2531,1236,280,0.3664981424808502
2532,1236,2971,0.3664345145225525
2533,1236,1,0.3663983941078186
2534,1236,2037,0.36634349822998047
2535,1236,291,0.3663369119167328
2536,1236,1428,0.36633458733558655
2537,1236,1397,0.36633291840553284
2538,1236,2418,0.3662853538990021
2539,1236,3434,0.3662702739238739
2540,1236,2277,0.36625152826309204
2541,1236,2379,0.36621519923210144
2542,1236,1454,0.36614787578582764
2543,1236,2620,0.3660022020339966
2544,1236,2758,0.36593523621559143
2545,1236,278,0.3659212291240692
2546,1236,220,0.3658753037452698
2547,1236,2916,0.36579304933547974
2548,1236,197,0.3656562864780426
2549,1236,1790,0.3656443655490875
2550,1236,698,0.3655952513217926
2551,1236,2604,0.3655202388763428
2552,1236,3432,0.36550015211105347
2553,1236,2449,0.3653533458709717
2554,1236,2819,0.36524829268455505
2555,1236,3476,0.36522793769836426
2556,1236,1688,0.3651636838912964
2557,1236,993,0.36515378952026367
2558,1236,377,0.36495593190193176
2559,1236,2033,0.3648987412452698
2560,1236,1947,0.3648901879787445
2561,1236,2055,0.3648567199707031
2562,1236,2968,0.3648548424243927
2563,1236,2141,0.36482706665992737
2564,1236,2455,0.36472058296203613
2565,1236,1723,0.36458614468574524
2566,1236,235,0.36457359790802
2567,1236,971,0.3642003834247589
2568,1236,1007,0.36418065428733826
2569,1236,161,0.3641241490840912
2570,1236,1143,0.36408957839012146
2571,1236,2096,0.3640170097351074
2572,1236,2778,0.3639439046382904
2573,1236,1621,0.3639104962348938
2574,1236,1595,0.3638971149921417
2575,1236,1519,0.36388111114501953
2576,1236,962,0.36386343836784363
2577,1236,130,0.3638575077056885
2578,1236,378,0.36383000016212463
2579,1236,343,0.36361876130104065
2580,1236,1076,0.3635309040546417
2581,1236,1820,0.36349472403526306
2582,1236,2643,0.36346733570098877
2583,1236,770,0.36335480213165283
2584,1236,3491,0.3633540868759155
2585,1236,15,0.3632822334766388
2586,1236,2689,0.3632182478904724
2587,1236,721,0.3631290793418884
2588,1236,2806,0.3630576729774475
2589,1236,1692,0.36305585503578186
2590,1236,2426,0.36299800872802734
2591,1236,3415,0.3628431260585785
2592,1236,1447,0.3628031611442566
2593,1236,3656,0.3627636432647705
2594,1236,2824,0.36275213956832886
2595,1236,1520,0.36269187927246094
2596,1236,264,0.3626793920993805
2597,1236,2319,0.36265528202056885
2598,1236,1990,0.36258357763290405
2599,1236,2362,0.3625316917896271
2600,1236,1036,0.3625114858150482
2601,1236,1970,0.362449586391449
2602,1236,2456,0.3623984158039093
2603,1236,2265,0.3623434603214264
2604,1236,1439,0.3623434603214264
2605,1236,1435,0.3623434603214264
2606,1236,1486,0.3623434603214264
2607,1236,1553,0.3623434603214264
2608,1236,2153,0.3623434603214264
2609,1236,787,0.3623434603214264
2610,1236,2969,0.3623434603214264
2611,1236,703,0.3623434603214264
2612,1236,171,0.3623434603214264
2613,1236,1535,0.3623434603214264
2614,1236,2149,0.3623434603214264
2615,1236,1744,0.3623434603214264
2616,1236,1491,0.3623434603214264
2617,1236,3502,0.3623434603214264
2618,1236,2273,0.3623434603214264
2619,1236,3566,0.3623434603214264
2620,1236,2910,0.3623434603214264
2621,1236,822,0.3623434603214264
2622,1236,2342,0.3623434603214264
2623,1236,1966,0.3623434603214264
2624,1236,1843,0.3623434603214264
2625,1236,1475,0.3623434603214264
2626,1236,322,0.3623434603214264
2627,1236,1470,0.3623434603214264
2628,1236,1463,0.3623434603214264
2629,1236,3479,0.3623434603214264
2630,1236,2896,0.3623434603214264
2631,1236,2274,0.3623434603214264
2632,1236,3497,0.3623434603214264
2633,1236,3499,0.3623434603214264
2634,1236,3501,0.3623434603214264
2635,1236,2144,0.3623434603214264
2636,1236,1485,0.3623434603214264
2637,1236,1524,0.3623434603214264
2638,1236,2070,0.3623434603214264
2639,1236,1946,0.3623434603214264
2640,1236,1506,0.3623434603214264
2641,1236,2060,0.3623434603214264
2642,1236,747,0.3623434603214264
2643,1236,1523,0.3623434603214264
2644,1236,744,0.3623434603214264
2645,1236,769,0.3623434603214264
2646,1236,2425,0.36229991912841797
2647,1236,1384,0.36227095127105713
2648,1236,1819,0.3622559607028961
2649,1236,1197,0.3622165024280548
2650,1236,2130,0.3621583878993988
2651,1236,1374,0.3620906472206116
2652,1236,852,0.3620888590812683
2653,1236,885,0.36197203397750854
2654,1236,2447,0.3619231581687927
2655,1236,351,0.3619197607040405
2656,1236,2839,0.36191117763519287
2657,1236,2474,0.3618558645248413
2658,1236,2513,0.3616912066936493
2659,1236,2117,0.3616606295108795
2660,1236,25,0.3616422414779663
2661,1236,938,0.36162665486335754
2662,1236,77,0.36162060499191284
2663,1236,293,0.3615921139717102
2664,1236,1074,0.36156928539276123
2665,1236,1812,0.3614564836025238
2666,1236,1855,0.3614208698272705
2667,1236,1378,0.36125674843788147
2668,1236,207,0.361110121011734
2669,1236,1767,0.3610963821411133
2670,1236,3598,0.3610866367816925
2671,1236,3195,0.3610234260559082
2672,1236,2526,0.3609829843044281
2673,1236,631,0.36088770627975464
2674,1236,2022,0.3607751429080963
2675,1236,816,0.3607701063156128
2676,1236,2476,0.3607679605484009
2677,1236,3392,0.3607307970523834
2678,1236,174,0.3606523275375366
2679,1236,981,0.3606075346469879
2680,1236,3266,0.3605670928955078
2681,1236,1501,0.3605331480503082
2682,1236,2768,0.3603678345680237
2683,1236,2734,0.3603641390800476
2684,1236,3393,0.3603496849536896
2685,1236,1521,0.36013278365135193
2686,1236,2680,0.3599753677845001
2687,1236,1673,0.3599098324775696
2688,1236,1912,0.35986730456352234
2689,1236,477,0.3597729206085205
2690,1236,337,0.3596187233924866
2691,1236,303,0.35958608984947205
2692,1236,2908,0.3595639169216156
2693,1236,3127,0.3595263957977295
2694,1236,1768,0.35946446657180786
2695,1236,1373,0.3594258427619934
2696,1236,837,0.3593851923942566
2697,1236,2121,0.35936781764030457
2698,1236,313,0.35923513770103455
2699,1236,186,0.35923391580581665
2700,1236,1539,0.359205037355423
2701,1236,3023,0.35918647050857544
2702,1236,1728,0.3591628968715668
2703,1236,3634,0.3590601980686188
2704,1236,1247,0.3588894009590149
2705,1236,1395,0.35885053873062134
2706,1236,1347,0.35881760716438293
2707,1236,937,0.35879001021385193
2708,1236,3244,0.3587692379951477
2709,1236,926,0.3587660491466522
2710,1236,3408,0.35876551270484924
2711,1236,1784,0.35875657200813293
2712,1236,3190,0.35870838165283203
2713,1236,1789,0.3586599826812744
2714,1236,3191,0.35851553082466125
2715,1236,515,0.358448326587677
2716,1236,669,0.35841915011405945
2717,1236,3469,0.35837894678115845
2718,1236,2138,0.3582664430141449
2719,1236,10,0.3582276701927185
2720,1236,2917,0.3581426739692688
2721,1236,3541,0.3580818474292755
2722,1236,3606,0.35802891850471497
2723,1236,2884,0.35783594846725464
2724,1236,1421,0.35781610012054443
2725,1236,2732,0.35775700211524963
2726,1236,13,0.35760432481765747
2727,1236,521,0.35753828287124634
2728,1236,1155,0.3575177788734436
2729,1236,2103,0.35734668374061584
2730,1236,831,0.3572915494441986
2731,1236,1775,0.3571537435054779
2732,1236,2502,0.35687950253486633
2733,1236,141,0.3568188548088074
2734,1236,1070,0.3567962646484375
2735,1236,3175,0.356676310300827
2736,1236,2413,0.35667237639427185
2737,1236,1008,0.35666322708129883
2738,1236,2219,0.35649463534355164
2739,1236,949,0.3564251661300659
2740,1236,2322,0.35621437430381775
2741,1236,2901,0.3561524450778961
2742,1236,2895,0.35610148310661316
2743,1236,1586,0.35600796341896057
2744,1236,1211,0.35600775480270386
2745,1236,405,0.3560025990009308
2746,1236,97,0.3559210002422333
2747,1236,943,0.3558472692966461
2748,1236,979,0.3557932376861572
2749,1236,204,0.35567381978034973
2750,1236,2065,0.3555991053581238
2751,1236,522,0.3555389642715454
2752,1236,3438,0.3554331660270691
2753,1236,296,0.3553912937641144
2754,1236,1412,0.35536640882492065
2755,1236,1748,0.35525161027908325
2756,1236,2800,0.355172336101532
2757,1236,3143,0.3551384508609772
2758,1236,1809,0.35512807965278625
2759,1236,1540,0.3549363613128662
2760,1236,263,0.3549167215824127
2761,1236,2984,0.35487696528434753
2762,1236,1288,0.35486316680908203
2763,1236,182,0.3548116087913513
2764,1236,3015,0.35468119382858276
2765,1236,1807,0.3546433746814728
2766,1236,1121,0.35452237725257874
2767,1236,2963,0.3544236421585083
2768,1236,802,0.3544084429740906
2769,1236,858,0.3544084429740906
2770,1236,129,0.3543882966041565
2771,1236,2642,0.3543626666069031
2772,1236,622,0.3543309271335602
2773,1236,1208,0.3541884422302246
2774,1236,1305,0.3541482090950012
2775,1236,1056,0.3541024625301361
2776,1236,516,0.3539658486843109
2777,1236,2997,0.353933185338974
2778,1236,2992,0.3538511395454407
2779,1236,1811,0.3538259267807007
2780,1236,2980,0.3537920415401459
2781,1236,1665,0.3537600636482239
2782,1236,270,0.35374945402145386
2783,1236,1215,0.3536672294139862
2784,1236,101,0.3535957932472229
2785,1236,84,0.35357344150543213
2786,1236,1752,0.3535163700580597
2787,1236,3009,0.35345831513404846
2788,1236,2411,0.3533051311969757
2789,1236,2268,0.3533017039299011
2790,1236,3161,0.3531663417816162
2791,1236,2257,0.3531292676925659
2792,1236,624,0.3531152904033661
2793,1236,2891,0.3530392646789551
2794,1236,216,0.3530016839504242
2795,1236,2516,0.35268622636795044
2796,1236,1133,0.35263240337371826
2797,1236,3567,0.3526226580142975
2798,1236,2401,0.35261809825897217
2799,1236,1398,0.3525858223438263
2800,1236,3467,0.35253429412841797
2801,1236,2488,0.3525164723396301
2802,1236,1614,0.3524588644504547
2803,1236,168,0.35242006182670593
2804,1236,389,0.3523999750614166
2805,1236,2388,0.35223567485809326
2806,1236,2270,0.35212013125419617
2807,1236,1840,0.3521181046962738
2808,1236,1796,0.3520090579986572
2809,1236,1512,0.3519987165927887
2810,1236,1892,0.3519129455089569
2811,1236,1065,0.3515925109386444
2812,1236,750,0.3515436351299286
2813,1236,3612,0.35154223442077637
2814,1236,3505,0.3514750897884369
2815,1236,2392,0.35134097933769226
2816,1236,2400,0.35125428438186646
2817,1236,1945,0.3512527644634247
2818,1236,3253,0.3512447774410248
2819,1236,1266,0.3510851263999939
2820,1236,2332,0.3510648310184479
2821,1236,3443,0.3510093092918396
2822,1236,3643,0.3509923219680786
2823,1236,2404,0.3509092330932617
2824,1236,772,0.3508538007736206
2825,1236,682,0.35077863931655884
2826,1236,2469,0.35074472427368164
2827,1236,1423,0.3507344126701355
2828,1236,3001,0.350654661655426
2829,1236,2218,0.3506452143192291
2830,1236,3019,0.35037365555763245
2831,1236,2786,0.3502345681190491
2832,1236,3451,0.3502332270145416
2833,1236,2598,0.3502058684825897
2834,1236,3608,0.35011690855026245
2835,1236,880,0.3500373363494873
2836,1236,2805,0.34993115067481995
2837,1236,1666,0.3498240113258362
2838,1236,3486,0.349791944026947
2839,1236,912,0.3495180606842041
2840,1236,1733,0.3495025634765625
2841,1236,154,0.34949466586112976
2842,1236,536,0.34942731261253357
2843,1236,1715,0.3492979109287262
2844,1236,275,0.3492436110973358
2845,1236,3471,0.34916043281555176
2846,1236,1388,0.3490862548351288
2847,1236,1870,0.3490821123123169
2848,1236,1437,0.34901073575019836
2849,1236,399,0.34898099303245544
2850,1236,1663,0.348879337310791
2851,1236,1025,0.3488104045391083
2852,1236,2123,0.34866252541542053
2853,1236,2591,0.34843090176582336
2854,1236,3577,0.3484179973602295
2855,1236,1072,0.3481917679309845
2856,1236,2998,0.3481639325618744
2857,1236,3317,0.3481239676475525
2858,1236,1365,0.34796953201293945
2859,1236,3570,0.34762808680534363
2860,1236,1755,0.3476266860961914
2861,1236,797,0.34753939509391785
2862,1236,2281,0.34748491644859314
2863,1236,1410,0.3474539816379547
2864,1236,1576,0.3474350869655609
2865,1236,3250,0.3474251329898834
2866,1236,3559,0.34741082787513733
2867,1236,2619,0.34732526540756226
2868,1236,1367,0.3471262454986572
2869,1236,3065,0.34711241722106934
2870,1236,3579,0.3470552861690521
2871,1236,2519,0.3470362424850464
2872,1236,824,0.347001314163208
2873,1236,2840,0.3468303978443146
2874,1236,308,0.3468157947063446
2875,1236,372,0.34680384397506714
2876,1236,1598,0.3466845154762268
2877,1236,3504,0.3466271162033081
2878,1236,1694,0.3466176688671112
2879,1236,3165,0.34641146659851074
2880,1236,2177,0.34635791182518005
2881,1236,890,0.3461412489414215
2882,1236,35,0.34608978033065796
2883,1236,2335,0.34607622027397156
2884,1236,3039,0.34603869915008545
2885,1236,239,0.3459177613258362
2886,1236,2556,0.3458932042121887
2887,1236,2855,0.3457932770252228
2888,1236,1985,0.3457285165786743
2889,1236,3139,0.34571918845176697
2890,1236,665,0.3457125127315521
2891,1236,1200,0.3456723392009735
2892,1236,2382,0.3455887734889984
2893,1236,3388,0.3455285429954529
2894,1236,2118,0.34532755613327026
2895,1236,1400,0.34514620900154114
2896,1236,2399,0.3450676500797272
2897,1236,34,0.3450009822845459
2898,1236,1327,0.34497585892677307
2899,1236,484,0.3448081910610199
2900,1236,1764,0.3447994291782379
2901,1236,992,0.34473904967308044
2902,1236,3090,0.34455227851867676
2903,1236,2457,0.34454911947250366
2904,1236,1509,0.3445361852645874
2905,1236,2756,0.34449970722198486
2906,1236,2370,0.3444627821445465
2907,1236,1132,0.3442860543727875
2908,1236,2285,0.34428107738494873
2909,1236,2868,0.3442398011684418
2910,1236,2571,0.34414663910865784
2911,1236,1270,0.34410738945007324
2912,1236,2137,0.34406986832618713
2913,1236,1727,0.34404003620147705
2914,1236,1835,0.3439072072505951
2915,1236,1405,0.34365442395210266
2916,1236,1134,0.34360113739967346
2917,1236,780,0.343364953994751
2918,1236,7,0.3433569669723511
2919,1236,3409,0.34333133697509766
2920,1236,2278,0.3433113098144531
2921,1236,1202,0.34330061078071594
2922,1236,1594,0.3432632386684418
2923,1236,901,0.3432316184043884
2924,1236,3442,0.3432292938232422
2925,1236,2818,0.34317877888679504
2926,1236,601,0.3430434465408325
2927,1236,187,0.34285110235214233
2928,1236,379,0.34283384680747986
2929,1236,3398,0.34279653429985046
2930,1236,1175,0.34276652336120605
2931,1236,1581,0.3425101041793823
2932,1236,2663,0.34247928857803345
2933,1236,793,0.34243467450141907
2934,1236,2012,0.34239932894706726
2935,1236,3431,0.34235697984695435
2936,1236,853,0.3423246443271637
2937,1236,1414,0.34223848581314087
2938,1236,2460,0.3422267436981201
2939,1236,1438,0.3421773612499237
2940,1236,2913,0.342111200094223
2941,1236,2477,0.3421069383621216
2942,1236,3017,0.34208545088768005
2943,1236,773,0.34208184480667114
2944,1236,3418,0.3420703113079071
2945,1236,889,0.342061311006546
2946,1236,1705,0.34205499291419983
2947,1236,1146,0.34196266531944275
2948,1236,2167,0.3419358432292938
2949,1236,1860,0.3418562710285187
2950,1236,91,0.3418031632900238
2951,1236,941,0.3417009115219116
2952,1236,1178,0.3416728377342224
2953,1236,2615,0.34166792035102844
2954,1236,2337,0.3416367769241333
2955,1236,1668,0.3416341543197632
2956,1236,2660,0.3415820300579071
2957,1236,1844,0.34140437841415405
2958,1236,2467,0.3413044810295105
2959,1236,1853,0.3412952423095703
2960,1236,2146,0.34122124314308167
2961,1236,1585,0.3411049246788025
2962,1236,2648,0.3409886658191681
2963,1236,284,0.34091728925704956
2964,1236,2390,0.34084194898605347
2965,1236,921,0.34078919887542725
2966,1236,2360,0.3404616415500641
2967,1236,1740,0.34045425057411194
2968,1236,3436,0.34044918417930603
2969,1236,1471,0.3404403626918793
2970,1236,2508,0.34040209650993347
2971,1236,23,0.34039509296417236
2972,1236,1827,0.3403950333595276
2973,1236,749,0.340392142534256
2974,1236,143,0.3403818905353546
2975,1236,1974,0.3403283357620239
2976,1236,2958,0.34016719460487366
2977,1236,2989,0.3397917151451111
2978,1236,987,0.33974334597587585
2979,1236,3267,0.3397134244441986
2980,1236,1917,0.33970826864242554
2981,1236,80,0.33969151973724365
2982,1236,2100,0.3396892547607422
2983,1236,2885,0.3396013677120209
2984,1236,1773,0.3392910957336426
2985,1236,2645,0.3392583131790161
2986,1236,403,0.33920323848724365
2987,1236,185,0.3391965925693512
2988,1236,3439,0.33909541368484497
2989,1236,1221,0.3390861451625824
2990,1236,1988,0.33908143639564514
2991,1236,2183,0.33899471163749695
2992,1236,2595,0.3389487862586975
2993,1236,2542,0.33894863724708557
2994,1236,1826,0.3388252556324005
2995,1236,1220,0.33863165974617004
2996,1236,2594,0.33856821060180664
2997,1236,24,0.33838939666748047
2998,1236,1369,0.3383353054523468
2999,1236,2664,0.3383166790008545
3000,1236,2429,0.3382751941680908
3001,1236,345,0.33821219205856323
3002,1236,928,0.3381149470806122
3003,1236,1511,0.3380940854549408
3004,1236,1824,0.3380885422229767
3005,1236,2918,0.3379786014556885
3006,1236,170,0.3379655182361603
3007,1236,1417,0.3376927673816681
3008,1236,2434,0.33765318989753723
3009,1236,1774,0.3375239968299866
3010,1236,2665,0.3371727764606476
3011,1236,2408,0.3371173143386841
3012,1236,2596,0.3371100425720215
3013,1236,1249,0.3370636999607086
3014,1236,1915,0.3370497524738312
3015,1236,3448,0.33701735734939575
3016,1236,29,0.3368839621543884
3017,1236,1800,0.33675405383110046
3018,1236,1556,0.33660396933555603
3019,1236,2261,0.3365677297115326
3020,1236,1408,0.33647266030311584
3021,1236,286,0.3364642858505249
3022,1236,1714,0.33641600608825684
3023,1236,2341,0.3362624943256378
3024,1236,3339,0.3361755907535553
3025,1236,285,0.3359455466270447
3026,1236,1795,0.33588576316833496
3027,1236,2284,0.3358507752418518
3028,1236,846,0.33581969141960144
3029,1236,2354,0.3357560336589813
3030,1236,202,0.3355208933353424
3031,1236,820,0.33544257283210754
3032,1236,2028,0.3352106213569641
3033,1236,1287,0.3352062404155731
3034,1236,2833,0.33512428402900696
3035,1236,200,0.3351200819015503
3036,1236,1198,0.3350889980792999
3037,1236,2940,0.33500558137893677
3038,1236,33,0.33491480350494385
3039,1236,2875,0.3348163664340973
3040,1236,274,0.33481019735336304
3041,1236,3483,0.33477136492729187
3042,1236,2823,0.3347333073616028
3043,1236,1754,0.33462613821029663
3044,1236,312,0.3344036340713501
3045,1236,218,0.3343946933746338
3046,1236,1765,0.33415308594703674
3047,1236,131,0.3341481387615204
3048,1236,2086,0.3340013921260834
3049,1236,179,0.33395150303840637
3050,1236,2587,0.3338143527507782
3051,1236,355,0.33379867672920227
3052,1236,1426,0.3337966203689575
3053,1236,2811,0.3337513208389282
3054,1236,1821,0.33370283246040344
3055,1236,213,0.33367693424224854
3056,1236,3021,0.33364686369895935
3057,1236,2988,0.3335634469985962
3058,1236,67,0.33355972170829773
3059,1236,2079,0.33338892459869385
3060,1236,3376,0.3333876132965088
3061,1236,1109,0.3333403170108795
3062,1236,893,0.33332887291908264
3063,1236,1667,0.3331436216831207
3064,1236,3006,0.3330692648887634
3065,1236,2378,0.33302804827690125
3066,1236,1282,0.33299383521080017
3067,1236,233,0.33292052149772644
3068,1236,3429,0.3327570855617523
3069,1236,1760,0.33275315165519714
3070,1236,2154,0.3327309191226959
3071,1236,2985,0.33269092440605164
3072,1236,3441,0.3326258063316345
3073,1236,1168,0.3326020836830139
3074,1236,2371,0.33252546191215515
3075,1236,2433,0.33223897218704224
3076,1236,156,0.3321686387062073
3077,1236,43,0.3321072459220886
3078,1236,1151,0.33206021785736084
3079,1236,1837,0.33202627301216125
3080,1236,319,0.3317691385746002
3081,1236,232,0.3315631151199341
3082,1236,3363,0.3315505385398865
3083,1236,2661,0.3314594328403473
3084,1236,2397,0.33145251870155334
3085,1236,2330,0.3311948776245117
3086,1236,1113,0.3311806619167328
3087,1236,879,0.3311256170272827
3088,1236,914,0.33099761605262756
3089,1236,3133,0.33093905448913574
3090,1236,344,0.33087629079818726
3091,1236,526,0.3308345675468445
3092,1236,2101,0.3308197855949402
3093,1236,2396,0.33079639077186584
3094,1236,2336,0.3306242525577545
3095,1236,2410,0.3305961787700653
3096,1236,31,0.33055558800697327
3097,1236,804,0.3304321765899658
3098,1236,350,0.33032265305519104
3099,1236,2415,0.33020493388175964
3100,1236,753,0.32997968792915344
3101,1236,911,0.32995522022247314
3102,1236,2713,0.32987505197525024
3103,1236,2049,0.32983818650245667
3104,1236,2318,0.32981985807418823
3105,1236,361,0.32977908849716187
3106,1236,2977,0.32968568801879883
3107,1236,127,0.32955262064933777
3108,1236,2560,0.3292853832244873
3109,1236,923,0.3292686939239502
3110,1236,2346,0.3291330933570862
3111,1236,2254,0.3289359509944916
3112,1236,3488,0.32881665229797363
3113,1236,3629,0.32880309224128723
3114,1236,2629,0.3287183344364166
3115,1236,775,0.32865726947784424
3116,1236,1473,0.3286503255367279
3117,1236,1135,0.3285829722881317
3118,1236,2061,0.32855474948883057
3119,1236,2435,0.32837021350860596
3120,1236,2789,0.3283398449420929
3121,1236,626,0.3278002440929413
3122,1236,317,0.3277451992034912
3123,1236,2432,0.3277236521244049
3124,1236,1517,0.3276865780353546
3125,1236,1193,0.3276371359825134
3126,1236,145,0.3274387717247009
3127,1236,2462,0.3273073136806488
3128,1236,2996,0.3272381126880646
3129,1236,3553,0.32712244987487793
3130,1236,358,0.3271207809448242
3131,1236,3103,0.32702818512916565
3132,1236,1232,0.32697129249572754
3133,1236,1267,0.32695966958999634
3134,1236,3374,0.3267129063606262
3135,1236,325,0.3265269100666046
3136,1236,525,0.3264409303665161
3137,1236,1687,0.32640084624290466
3138,1236,167,0.3263236880302429
3139,1236,915,0.3262597918510437
3140,1236,3391,0.3261132538318634
3141,1236,786,0.32606935501098633
3142,1236,2395,0.32605499029159546
3143,1236,1312,0.32603341341018677
3144,1236,2914,0.32596778869628906
3145,1236,315,0.3258368968963623
3146,1236,3142,0.3257863223552704
3147,1236,671,0.3257756233215332
3148,1236,2647,0.32561612129211426
3149,1236,150,0.3255003094673157
3150,1236,1940,0.3254260718822479
3151,1236,2679,0.3254181146621704
3152,1236,2948,0.32527098059654236
3153,1236,546,0.32523423433303833
3154,1236,2709,0.3249911367893219
3155,1236,2699,0.32467299699783325
3156,1236,2340,0.32463324069976807
3157,1236,2770,0.32455670833587646
3158,1236,1799,0.32442426681518555
3159,1236,2349,0.32440751791000366
3160,1236,1399,0.32424378395080566
3161,1236,354,0.32406750321388245
3162,1236,3585,0.3240244686603546
3163,1236,2412,0.3240196108818054
3164,1236,1606,0.32392242550849915
3165,1236,2339,0.32388338446617126
3166,1236,1839,0.32377973198890686
3167,1236,199,0.32362160086631775
3168,1236,288,0.3234272599220276
3169,1236,1078,0.3233741819858551
3170,1236,2430,0.3232302665710449
3171,1236,1782,0.32317155599594116
3172,1236,2424,0.32309383153915405
3173,1236,1067,0.32278162240982056
3174,1236,390,0.3225840926170349
3175,1236,2534,0.3225206732749939
3176,1236,2380,0.3225069046020508
3177,1236,2851,0.3224731981754303
3178,1236,3012,0.3224344253540039
3179,1236,1803,0.32237252593040466
3180,1236,2653,0.3223484456539154
3181,1236,2834,0.32226577401161194
3182,1236,818,0.3221534490585327
3183,1236,347,0.32210323214530945
3184,1236,1711,0.3218648135662079
3185,1236,401,0.3217138350009918
3186,1236,826,0.32165876030921936
3187,1236,476,0.32162871956825256
3188,1236,2569,0.3215460777282715
3189,1236,1961,0.3215038776397705
3190,1236,2753,0.3214857280254364
3191,1236,1759,0.3214247226715088
3192,1236,1769,0.3213464021682739
3193,1236,1060,0.3212484121322632
3194,1236,2398,0.32123881578445435
3195,1236,3481,0.3211677670478821
3196,1236,3220,0.32116591930389404
3197,1236,1372,0.320927232503891
3198,1236,2136,0.3208713233470917
3199,1236,134,0.32087016105651855
3200,1236,2999,0.3206503987312317
3201,1236,2157,0.3206104338169098
3202,1236,1873,0.3204875886440277
3203,1236,3512,0.32048299908638
3204,1236,2272,0.32039061188697815
3205,1236,2529,0.32029855251312256
3206,1236,1319,0.32022204995155334
3207,1236,142,0.3202045261859894
3208,1236,328,0.32013511657714844
3209,1236,664,0.31942135095596313
3210,1236,2442,0.31933149695396423
3211,1236,1876,0.3193100392818451
3212,1236,3635,0.31930631399154663
3213,1236,203,0.31919342279434204
3214,1236,1244,0.31883150339126587
3215,1236,189,0.3186433017253876
3216,1236,1713,0.3184705674648285
3217,1236,2040,0.3184456527233124
3218,1236,1778,0.31819412112236023
3219,1236,1349,0.3181723356246948
3220,1236,2372,0.3181367814540863
3221,1236,1976,0.31791365146636963
3222,1236,690,0.31768137216567993
3223,1236,3034,0.31765133142471313
3224,1236,1721,0.317569762468338
3225,1236,872,0.31742241978645325
3226,1236,272,0.31737905740737915
3227,1236,1283,0.3173738121986389
3228,1236,917,0.31736111640930176
3229,1236,2074,0.3172650933265686
3230,1236,925,0.31720688939094543
3231,1236,2733,0.31717753410339355
3232,1236,126,0.31717750430107117
3233,1236,1601,0.31706228852272034
3234,1236,212,0.3169674575328827
3235,1236,1082,0.31678441166877747
3236,1236,269,0.3167017698287964
3237,1236,1978,0.31665006279945374
3238,1236,864,0.3166421949863434
3239,1236,2013,0.31641054153442383
3240,1236,20,0.31635743379592896
3241,1236,2115,0.31626710295677185
3242,1236,2125,0.31623774766921997
3243,1236,3588,0.3162306845188141
3244,1236,1736,0.3160416781902313
3245,1236,151,0.31601279973983765
3246,1236,1645,0.31586897373199463
3247,1236,2111,0.31570619344711304
3248,1236,1250,0.3154587149620056
3249,1236,2368,0.3153539001941681
3250,1236,1607,0.315338134765625
3251,1236,2116,0.31526297330856323
3252,1236,2960,0.3150373101234436
3253,1236,2373,0.3148875832557678
3254,1236,2893,0.3147938549518585
3255,1236,2405,0.31465327739715576
3256,1236,2357,0.3145725727081299
3257,1236,201,0.3145301342010498
3258,1236,2094,0.3144998848438263
3259,1236,387,0.314425528049469
3260,1236,1307,0.31439530849456787
3261,1236,2437,0.31413534283638
3262,1236,1528,0.3140798807144165
3263,1236,888,0.3138512372970581
3264,1236,652,0.313762366771698
3265,1236,3453,0.31376123428344727
3266,1236,2083,0.31360211968421936
3267,1236,2431,0.313595712184906
3268,1236,2933,0.3135932683944702
3269,1236,2353,0.3135189414024353
3270,1236,3105,0.31349390745162964
3271,1236,2978,0.313318133354187
3272,1236,1793,0.31314539909362793
3273,1236,2607,0.3129507303237915
3274,1236,1458,0.31279706954956055
3275,1236,2227,0.3126884698867798
3276,1236,2849,0.3126121163368225
3277,1236,330,0.312587708234787
3278,1236,2990,0.3124203383922577
3279,1236,2406,0.3123812675476074
3280,1236,324,0.3122282326221466
3281,1236,1618,0.31200215220451355
3282,1236,311,0.3115735650062561
3283,1236,2655,0.3113917112350464
3284,1236,1159,0.31119096279144287
3285,1236,1994,0.31103330850601196
3286,1236,1746,0.31089329719543457
3287,1236,3187,0.3108902871608734
3288,1236,902,0.31077301502227783
3289,1236,3616,0.31063300371170044
3290,1236,2950,0.31059470772743225
3291,1236,3000,0.31019675731658936
3292,1236,365,0.309770405292511
3293,1236,1154,0.3096592426300049
3294,1236,194,0.30965274572372437
3295,1236,82,0.3093581199645996
3296,1236,3475,0.3092809021472931
3297,1236,2481,0.30897238850593567
3298,1236,2530,0.30888575315475464
3299,1236,2725,0.30888131260871887
3300,1236,3157,0.3088333010673523
3301,1236,371,0.30879026651382446
3302,1236,2174,0.30870604515075684
3303,1236,178,0.30865901708602905
3304,1236,2972,0.3086203336715698
3305,1236,1642,0.3086080551147461
3306,1236,1981,0.3084786832332611
3307,1236,3426,0.30844345688819885
3308,1236,2872,0.3084283471107483
3309,1236,3624,0.3083527982234955
3310,1236,2915,0.30798935890197754
3311,1236,2355,0.3079741895198822
3312,1236,2182,0.3079538643360138
3313,1236,1808,0.30787625908851624
3314,1236,1753,0.30781519412994385
3315,1236,1029,0.30775678157806396
3316,1236,2091,0.3076474070549011
3317,1236,2119,0.30754074454307556
3318,1236,3510,0.3074510991573334
3319,1236,2628,0.3072628676891327
3320,1236,2621,0.30705925822257996
3321,1236,2590,0.30694714188575745
3322,1236,2084,0.30682769417762756
3323,1236,1385,0.3066387176513672
3324,1236,1659,0.3063255846500397
3325,1236,98,0.30619990825653076
3326,1236,907,0.3061922788619995
3327,1236,1646,0.3061302602291107
3328,1236,3421,0.3061235547065735
3329,1236,2441,0.3060481548309326
3330,1236,2363,0.30595532059669495
3331,1236,2068,0.3059326112270355
3332,1236,1350,0.3059272766113281
3333,1236,342,0.30587345361709595
3334,1236,1580,0.30573591589927673
3335,1236,1368,0.3057303726673126
3336,1236,3482,0.30562764406204224
3337,1236,1825,0.30549004673957825
3338,1236,2031,0.3053576648235321
3339,1236,2567,0.30523261427879333
3340,1236,2321,0.30518513917922974
3341,1236,392,0.30508726835250854
3342,1236,1770,0.30496785044670105
3343,1236,398,0.3049549460411072
3344,1236,2883,0.3049466907978058
3345,1236,125,0.3048948645591736
3346,1236,2348,0.30481547117233276
3347,1236,3651,0.3047931492328644
3348,1236,3207,0.30457550287246704
3349,1236,2889,0.3044169247150421
3350,1236,1587,0.30429574847221375
3351,1236,2423,0.3042543828487396
3352,1236,827,0.3042387366294861
3353,1236,3422,0.30421215295791626
3354,1236,2439,0.30421182513237
3355,1236,784,0.30398300290107727
3356,1236,2389,0.3039654791355133
3357,1236,1195,0.3039100766181946
3358,1236,2427,0.3035845160484314
3359,1236,316,0.30335819721221924
3360,1236,36,0.3033432960510254
3361,1236,3352,0.3031753897666931
3362,1236,3351,0.30268561840057373
3363,1236,1757,0.3024907112121582
3364,1236,3419,0.30246302485466003
3365,1236,63,0.30232855677604675
3366,1236,1045,0.30222538113594055
3367,1236,2419,0.30206987261772156
3368,1236,984,0.3020227551460266
3369,1236,192,0.3019056022167206
3370,1236,1541,0.3015163242816925
3371,1236,1280,0.3014232814311981
3372,1236,124,0.30120423436164856
3373,1236,3110,0.3009707033634186
3374,1236,92,0.30093464255332947
3375,1236,1449,0.3008263111114502
3376,1236,327,0.3006881773471832
3377,1236,2361,0.3005048334598541
3378,1236,221,0.30038222670555115
3379,1236,2716,0.30037185549736023
3380,1236,2090,0.3001316785812378
3381,1236,133,0.3000800311565399
3382,1236,1958,0.299439013004303
3383,1236,2046,0.29936543107032776
3384,1236,3492,0.29931238293647766
3385,1236,3437,0.2992740273475647
3386,1236,2912,0.29922792315483093
3387,1236,2704,0.29921016097068787
3388,1236,2155,0.2987462282180786
3389,1236,2386,0.29869696497917175
3390,1236,3413,0.2984844744205475
3391,1236,1088,0.29840487241744995
3392,1236,1690,0.2983812093734741
3393,1236,2034,0.2982848882675171
3394,1236,1756,0.29815128445625305
3395,1236,230,0.2981483042240143
3396,1236,211,0.29809898138046265
3397,1236,18,0.2979576885700226
3398,1236,3108,0.29794615507125854
3399,1236,657,0.2978519797325134
3400,1236,1309,0.29784584045410156
3401,1236,2042,0.2972663938999176
3402,1236,922,0.2970978617668152
3403,1236,524,0.2969602644443512
3404,1236,2453,0.2968367338180542
3405,1236,2767,0.29654833674430847
3406,1236,2446,0.29647892713546753
3407,1236,523,0.2964305579662323
3408,1236,1725,0.2963446378707886
3409,1236,2403,0.2963174879550934
3410,1236,2807,0.2962532937526703
3411,1236,1279,0.29621559381484985
3412,1236,1185,0.2962142825126648
3413,1236,3003,0.2961822748184204
3414,1236,2921,0.29606205224990845
3415,1236,394,0.2957530915737152
3416,1236,916,0.2956942617893219
3417,1236,1761,0.2955770492553711
3418,1236,2617,0.295474112033844
3419,1236,1863,0.2951323688030243
3420,1236,368,0.29509130120277405
3421,1236,3109,0.29497572779655457
3422,1236,2964,0.29496338963508606
3423,1236,1788,0.2945879399776459
3424,1236,2509,0.2945627272129059
3425,1236,1689,0.2940559983253479
3426,1236,1364,0.2937944531440735
3427,1236,397,0.2937227487564087
3428,1236,2385,0.2934719920158386
3429,1236,2001,0.29342323541641235
3430,1236,2954,0.2934172749519348
3431,1236,1119,0.29331958293914795
3432,1236,2358,0.29301777482032776
3433,1236,2356,0.29301777482032776
3434,1236,1507,0.29297542572021484
3435,1236,2747,0.29260334372520447
3436,1236,8,0.2923624515533447
3437,1236,146,0.2922794222831726
3438,1236,2007,0.2921137511730194
3439,1236,2510,0.2920798659324646
3440,1236,2039,0.2920163571834564
3441,1236,310,0.2919171452522278
3442,1236,2369,0.2913869321346283
3443,1236,3508,0.2910543978214264
3444,1236,2573,0.29104962944984436
3445,1236,1623,0.2910020053386688
3446,1236,369,0.2909719944000244
3447,1236,2139,0.2906663119792938
3448,1236,527,0.29038527607917786
3449,1236,1179,0.29038166999816895
3450,1236,836,0.29013580083847046
3451,1236,668,0.2900646924972534
3452,1236,1712,0.28950539231300354
3453,1236,2402,0.28928881883621216
3454,1236,292,0.28901541233062744
3455,1236,326,0.28841182589530945
3456,1236,887,0.2883904278278351
3457,1236,3134,0.2883806526660919
3458,1236,78,0.28829386830329895
3459,1236,2062,0.2879193425178528
3460,1236,3485,0.287830114364624
3461,1236,3170,0.28779226541519165
3462,1236,1182,0.28772270679473877
3463,1236,2995,0.2875937521457672
3464,1236,158,0.28744640946388245
3465,1236,1749,0.2873474955558777
3466,1236,2384,0.2872976064682007
3467,1236,759,0.2871108651161194
3468,1236,2317,0.28706851601600647
3469,1236,3171,0.28675225377082825
3470,1236,2450,0.28675031661987305
3471,1236,2784,0.28662148118019104
3472,1236,2946,0.2861723005771637
3473,1236,2983,0.28542211651802063
3474,1236,2077,0.28535252809524536
3475,1236,1639,0.2851148545742035
3476,1236,2409,0.2846956253051758
3477,1236,1982,0.28454431891441345
3478,1236,177,0.2839171290397644
3479,1236,420,0.28382211923599243
3480,1236,114,0.283817857503891
3481,1236,2189,0.28372862935066223
3482,1236,2715,0.28370407223701477
3483,1236,173,0.2828895151615143
3484,1236,3237,0.2827700972557068
3485,1236,148,0.28272169828414917
3486,1236,1354,0.28243327140808105
3487,1236,196,0.28183501958847046
3488,1236,1747,0.2815902829170227
3489,1236,157,0.2813858389854431
3490,1236,1675,0.2811230421066284
3491,1236,2636,0.2806592583656311
3492,1236,2085,0.28050824999809265
3493,1236,1919,0.2803882360458374
3494,1236,147,0.2801900804042816
3495,1236,1402,0.2801831066608429
3496,1236,0,0.2800695300102234
3497,1236,2328,0.27988919615745544
3498,1236,670,0.27970048785209656
3499,1236,65,0.27954787015914917
3500,1236,76,0.2793038487434387
3501,1236,2438,0.27914467453956604
3502,1236,1792,0.27904802560806274
3503,1236,529,0.27827537059783936
3504,1236,1537,0.2782486379146576
3505,1236,215,0.27806058526039124
3506,1236,162,0.2780546545982361
3507,1236,1953,0.2778589427471161
3508,1236,198,0.2774617373943329
3509,1236,138,0.27735888957977295
3510,1236,2394,0.2772943079471588
3511,1236,153,0.2770584523677826
3512,1236,352,0.2764640748500824
3513,1236,331,0.27611348032951355
3514,1236,933,0.2759058177471161
3515,1236,262,0.2759009301662445
3516,1236,1201,0.2752135694026947
3517,1236,1832,0.275089293718338
3518,1236,1165,0.2749403715133667
3519,1236,1351,0.2746058404445648
3520,1236,304,0.27429020404815674
3521,1236,205,0.2742522656917572
3522,1236,1615,0.27410560846328735
3523,1236,2955,0.2738250494003296
3524,1236,1603,0.27376604080200195
3525,1236,374,0.2733670175075531
3526,1236,2364,0.27308720350265503
3527,1236,2387,0.27296116948127747
3528,1236,188,0.2729288339614868
3529,1236,528,0.2722959816455841
3530,1236,2391,0.27145063877105713
3531,1236,974,0.27103331685066223
3532,1236,1905,0.27100875973701477
3533,1236,2991,0.2703621983528137
3534,1236,3470,0.2702961564064026
3535,1236,531,0.2701950669288635
3536,1236,237,0.26990142464637756
3537,1236,210,0.2698328197002411
3538,1236,155,0.26953309774398804
3539,1236,3494,0.26952028274536133
3540,1236,105,0.2692229449748993
3541,1236,163,0.26920580863952637
3542,1236,2428,0.26844286918640137
3543,1236,176,0.26801326870918274
3544,1236,1356,0.2680028975009918
3545,1236,1090,0.2678776681423187
3546,1236,1149,0.267680287361145
3547,1236,3477,0.2676008641719818
3548,1236,877,0.26682189106941223
3549,1236,2514,0.2666859030723572
3550,1236,2627,0.2666859030723572
3551,1236,206,0.2663530111312866
3552,1236,135,0.26626017689704895
3553,1236,1780,0.26584774255752563
3554,1236,1816,0.26581957936286926
3555,1236,1114,0.26581650972366333
3556,1236,2574,0.2657512128353119
3557,1236,2081,0.2653510272502899
3558,1236,1999,0.26517757773399353
3559,1236,3424,0.26468226313591003
3560,1236,53,0.2646183967590332
3561,1236,1885,0.26459410786628723
3562,1236,2102,0.26375332474708557
3563,1236,2555,0.26353690028190613
3564,1236,3473,0.263494074344635
3565,1236,2552,0.26200857758522034
3566,1236,2407,0.2617025673389435
3567,1236,276,0.2615980803966522
3568,1236,2454,0.26074081659317017
3569,1236,306,0.2596655488014221
3570,1236,2381,0.2596421539783478
3571,1236,530,0.25947168469429016
3572,1236,2903,0.2590499520301819
3573,1236,1346,0.2590149939060211
3574,1236,532,0.25803157687187195
3575,1236,3498,0.25692903995513916
3576,1236,1401,0.2562911808490753
3577,1236,2099,0.2559039890766144
3578,1236,2383,0.2557074725627899
3579,1236,1762,0.25559189915657043
3580,1236,356,0.25537142157554626
3581,1236,3524,0.25508320331573486
3582,1236,3478,0.2550232708454132
3583,1236,2443,0.25479185581207275
3584,1236,340,0.2545974552631378
3585,1236,181,0.2531821131706238
3586,1236,1297,0.2529734969139099
3587,1236,2129,0.25089797377586365
3588,1236,376,0.25072231888771057
3589,1236,152,0.25053533911705017
3590,1236,3506,0.25049281120300293
3591,1236,3495,0.2504667639732361
3592,1236,144,0.2504657804965973
3593,1236,120,0.2500017583370209
3594,1236,195,0.24976415932178497
3595,1236,2325,0.24903534352779388
3596,1236,3550,0.24867653846740723
3597,1236,140,0.24865248799324036
3598,1236,2192,0.24862225353717804
3599,1236,137,0.24797439575195312
3600,1236,1619,0.24755774438381195
3601,1236,49,0.24702700972557068
3602,1236,2093,0.24651701748371124
3603,1236,2562,0.24632684886455536
3604,1236,3107,0.2459362894296646
3605,1236,1856,0.24587410688400269
3606,1236,904,0.24561132490634918
3607,1236,2226,0.2450503557920456
3608,1236,2191,0.2449721097946167
3609,1236,57,0.24467957019805908
3610,1236,193,0.24462002515792847
3611,1236,136,0.24414712190628052
3612,1236,60,0.2440200299024582
3613,1236,3104,0.24306443333625793
3614,1236,2558,0.24302297830581665
3615,1236,1670,0.24298611283302307
3616,1236,1089,0.24280212819576263
3617,1236,217,0.2426019012928009
3618,1236,1371,0.24237002432346344
3619,1236,863,0.24170440435409546
3620,1236,2440,0.24076968431472778
3621,1236,2557,0.23918327689170837
3622,1236,1797,0.23917554318904877
3623,1236,2766,0.23914620280265808
3624,1236,214,0.23830780386924744
3625,1236,1505,0.2381349503993988
3626,1236,2436,0.2350565642118454
3627,1236,3484,0.23380053043365479
3628,1236,2618,0.233452707529068
3629,1236,166,0.23262088000774384
3630,1236,1772,0.23214025795459747
3631,1236,103,0.23129317164421082
3632,1236,2822,0.23048299551010132
3633,1236,2080,0.22957438230514526
3634,1236,2069,0.2292860448360443
3635,1236,1622,0.2285984754562378
3636,1236,1779,0.22775422036647797
3637,1236,1952,0.22729694843292236
3638,1236,905,0.22678029537200928
3639,1236,2459,0.22585423290729523
3640,1236,1957,0.22568972408771515
3641,1236,2451,0.22477789223194122
3642,1236,1403,0.2242594212293625
3643,1236,2098,0.2236090749502182
3644,1236,1005,0.22346231341362
3645,1236,871,0.2226514220237732
3646,1236,2128,0.22141709923744202
3647,1236,2156,0.22030304372310638
3648,1236,341,0.21933037042617798
3649,1236,59,0.21737141907215118
3650,1236,3472,0.21430017054080963
3651,1236,1894,0.21398326754570007
3652,1236,2124,0.21379993855953217
3653,1236,139,0.2122599184513092
3654,1236,102,0.21173517405986786
3655,1236,2551,0.1779005229473114
3656,1236,333,0.16984567046165466
