,target_num,prod_num,similarity
0,119,119,1.0
1,119,575,0.6508889198303223
2,119,1258,0.6357009410858154
3,119,1544,0.6254743337631226
4,119,209,0.6253750920295715
5,119,2892,0.6136416792869568
6,119,2979,0.6128591895103455
7,119,2481,0.6002650260925293
8,119,2567,0.5987787842750549
9,119,2854,0.5942414999008179
10,119,3372,0.5859776139259338
11,119,911,0.58515465259552
12,119,2624,0.5835016965866089
13,119,2512,0.5809038877487183
14,119,492,0.5792611837387085
15,119,947,0.5785367488861084
16,119,1527,0.5774255990982056
17,119,2600,0.5767793655395508
18,119,587,0.5760360360145569
19,119,580,0.5752929449081421
20,119,673,0.5733956694602966
21,119,2473,0.5728566646575928
22,119,1474,0.5694018006324768
23,119,733,0.5679848790168762
24,119,1510,0.5657047033309937
25,119,1008,0.5650339126586914
26,119,777,0.5643274188041687
27,119,174,0.5629017949104309
28,119,742,0.562350332736969
29,119,399,0.5615381002426147
30,119,712,0.560519814491272
31,119,3065,0.5599727034568787
32,119,1694,0.5585370063781738
33,119,2770,0.5568956136703491
34,119,1539,0.552674412727356
35,119,928,0.5503936409950256
36,119,3358,0.5487716197967529
37,119,3003,0.5466924905776978
38,119,898,0.5465047955513
39,119,631,0.5464701652526855
40,119,2019,0.5459916591644287
41,119,1464,0.5432384610176086
42,119,2500,0.5429192781448364
43,119,929,0.5416496992111206
44,119,1555,0.5409047603607178
45,119,3323,0.5375378727912903
46,119,949,0.5369997620582581
47,119,1518,0.5328382849693298
48,119,925,0.5322808027267456
49,119,2897,0.5321357846260071
50,119,932,0.5319702625274658
51,119,718,0.5317403674125671
52,119,2766,0.5311839580535889
53,119,2632,0.5303976535797119
54,119,2052,0.5301153063774109
55,119,2521,0.5295941829681396
56,119,1019,0.5294093489646912
57,119,591,0.5282493829727173
58,119,3132,0.5282246470451355
59,119,2113,0.5281270146369934
60,119,1764,0.5280653238296509
61,119,1260,0.5279413461685181
62,119,1007,0.5278568267822266
63,119,1545,0.5273993015289307
64,119,2875,0.5266222953796387
65,119,895,0.5261239409446716
66,119,3130,0.525820791721344
67,119,582,0.52581787109375
68,119,3150,0.5243157148361206
69,119,1454,0.5242934226989746
70,119,348,0.5233484506607056
71,119,886,0.522782564163208
72,119,3079,0.5224860906600952
73,119,2064,0.521935760974884
74,119,3004,0.5215286016464233
75,119,1566,0.5214860439300537
76,119,889,0.5210150480270386
77,119,3458,0.5208821296691895
78,119,1092,0.5194374322891235
79,119,2893,0.5191377997398376
80,119,1561,0.5181796550750732
81,119,1319,0.5180381536483765
82,119,3035,0.5179185271263123
83,119,2732,0.5170531868934631
84,119,808,0.5163931846618652
85,119,1013,0.5150891542434692
86,119,385,0.5145818591117859
87,119,823,0.5142361521720886
88,119,3153,0.5135084390640259
89,119,986,0.5133703947067261
90,119,116,0.5132912993431091
91,119,908,0.5125120282173157
92,119,731,0.5124592781066895
93,119,2659,0.5115652680397034
94,119,406,0.511134922504425
95,119,3418,0.5104198455810547
96,119,1442,0.5102462768554688
97,119,1745,0.5097661018371582
98,119,1357,0.5096516609191895
99,119,2260,0.5094802379608154
100,119,159,0.50932776927948
101,119,699,0.5092858672142029
102,119,1709,0.5091006755828857
103,119,2155,0.5087577700614929
104,119,954,0.5081567168235779
105,119,3379,0.5081366896629333
106,119,866,0.5077634453773499
107,119,992,0.5075694918632507
108,119,3493,0.507392406463623
109,119,1022,0.5071271657943726
110,119,2251,0.5060670971870422
111,119,1417,0.5057181715965271
112,119,1495,0.5049877166748047
113,119,1145,0.5048850178718567
114,119,2592,0.5039566159248352
115,119,977,0.5034957528114319
116,119,990,0.503298282623291
117,119,1833,0.5031105279922485
118,119,910,0.5021028518676758
119,119,236,0.502040445804596
120,119,2775,0.5018435716629028
121,119,940,0.5014692544937134
122,119,3448,0.5011543035507202
123,119,2148,0.5010689496994019
124,119,1810,0.5003736615180969
125,119,3131,0.49993231892585754
126,119,2179,0.4995664656162262
127,119,2961,0.49924784898757935
128,119,389,0.49886614084243774
129,119,965,0.4987604320049286
130,119,242,0.49860498309135437
131,119,3242,0.49847134947776794
132,119,624,0.49798157811164856
133,119,912,0.49794983863830566
134,119,901,0.4976648688316345
135,119,2633,0.49757635593414307
136,119,1549,0.4975537657737732
137,119,3149,0.4972851574420929
138,119,2651,0.49559876322746277
139,119,2965,0.49501898884773254
140,119,2975,0.4945746064186096
141,119,2519,0.494211882352829
142,119,1768,0.49412667751312256
143,119,1767,0.49412181973457336
144,119,2908,0.49376070499420166
145,119,1719,0.4926702380180359
146,119,768,0.4912570118904114
147,119,2051,0.4903614819049835
148,119,900,0.4903450310230255
149,119,3449,0.49016454815864563
150,119,388,0.48996463418006897
151,119,1529,0.4895835816860199
152,119,3145,0.48922592401504517
153,119,2685,0.4891609251499176
154,119,2082,0.48881739377975464
155,119,229,0.48862916231155396
156,119,256,0.4880249500274658
157,119,2599,0.4878484308719635
158,119,896,0.48779329657554626
159,119,3456,0.4875131845474243
160,119,2692,0.48732641339302063
161,119,951,0.4872967302799225
162,119,1325,0.48718833923339844
163,119,3167,0.4867737889289856
164,119,2269,0.4867413341999054
165,119,3073,0.48664501309394836
166,119,2442,0.4866381585597992
167,119,1269,0.4863664209842682
168,119,920,0.4860532879829407
169,119,3018,0.4856332540512085
170,119,941,0.48562031984329224
171,119,1006,0.48551467061042786
172,119,3022,0.48474472761154175
173,119,351,0.4847181737422943
174,119,3222,0.4845733940601349
175,119,2256,0.484485387802124
176,119,2622,0.4843476414680481
177,119,2711,0.4841160178184509
178,119,608,0.4836205840110779
179,119,918,0.4835837781429291
180,119,1193,0.4832645356655121
181,119,3209,0.48319411277770996
182,119,3137,0.48310014605522156
183,119,477,0.4830261170864105
184,119,640,0.4828568696975708
185,119,30,0.48284757137298584
186,119,791,0.4828287363052368
187,119,164,0.4826788604259491
188,119,1916,0.4826413691043854
189,119,851,0.4824766516685486
190,119,1775,0.4819772243499756
191,119,944,0.48164916038513184
192,119,1878,0.48143431544303894
193,119,3362,0.4813879430294037
194,119,2053,0.4813534915447235
195,119,1345,0.48044684529304504
196,119,588,0.48022136092185974
197,119,1664,0.4801552891731262
198,119,2107,0.47997477650642395
199,119,1024,0.47992777824401855
200,119,968,0.4793455898761749
201,119,1971,0.479026734828949
202,119,2244,0.47883957624435425
203,119,2241,0.47846460342407227
204,119,971,0.47838473320007324
205,119,249,0.4783124029636383
206,119,2294,0.47762662172317505
207,119,3080,0.47723639011383057
208,119,3311,0.4769751727581024
209,119,478,0.4768044054508209
210,119,3060,0.47680214047431946
211,119,2580,0.4760160446166992
212,119,1556,0.4757510721683502
213,119,2882,0.4757448732852936
214,119,1558,0.4751453101634979
215,119,149,0.4751257002353668
216,119,581,0.47470909357070923
217,119,1532,0.4743725657463074
218,119,1508,0.47405537962913513
219,119,2266,0.4734096825122833
220,119,1466,0.4732816517353058
221,119,3164,0.4731298089027405
222,119,3234,0.47311222553253174
223,119,2684,0.4730207622051239
224,119,2631,0.4729827046394348
225,119,1009,0.47281205654144287
226,119,2996,0.472544401884079
227,119,1650,0.4724791347980499
228,119,2249,0.4724251329898834
229,119,923,0.4723401367664337
230,119,2522,0.4722432792186737
231,119,956,0.47224247455596924
232,119,2710,0.47214582562446594
233,119,935,0.4720691442489624
234,119,191,0.4718726575374603
235,119,711,0.47118955850601196
236,119,2634,0.47091570496559143
237,119,2571,0.4705794155597687
238,119,1056,0.47031065821647644
239,119,3404,0.47004568576812744
240,119,3359,0.46982651948928833
241,119,981,0.4694075584411621
242,119,1251,0.4692656695842743
243,119,2137,0.46919748187065125
244,119,2941,0.4690871834754944
245,119,1872,0.4690389633178711
246,119,2122,0.4689333438873291
247,119,2413,0.46885108947753906
248,119,931,0.46873021125793457
249,119,80,0.46868354082107544
250,119,1950,0.4686260223388672
251,119,485,0.46826034784317017
252,119,2507,0.4681130051612854
253,119,1684,0.4680512845516205
254,119,314,0.4679237902164459
255,119,2247,0.4678758382797241
256,119,3558,0.4677693545818329
257,119,955,0.4676648676395416
258,119,902,0.4676639437675476
259,119,1723,0.46763068437576294
260,119,1663,0.4674767851829529
261,119,1758,0.4674188196659088
262,119,976,0.46732035279273987
263,119,3084,0.46723607182502747
264,119,3158,0.46686139702796936
265,119,730,0.4667539894580841
266,119,963,0.4666286110877991
267,119,621,0.46646830439567566
268,119,3148,0.4664090871810913
269,119,3365,0.46633169054985046
270,119,3433,0.4662262201309204
271,119,1178,0.46603164076805115
272,119,1248,0.46588751673698425
273,119,1760,0.46583282947540283
274,119,1365,0.4656200408935547
275,119,3364,0.4655219316482544
276,119,1418,0.46551331877708435
277,119,1962,0.4654262959957123
278,119,3381,0.46510058641433716
279,119,160,0.4650402367115021
280,119,1794,0.4648182988166809
281,119,934,0.4645276367664337
282,119,2700,0.46432173252105713
283,119,1828,0.4642324149608612
284,119,3078,0.463975191116333
285,119,973,0.4638882577419281
286,119,2237,0.46377474069595337
287,119,549,0.4636724293231964
288,119,2640,0.4635560214519501
289,119,1028,0.4634408950805664
290,119,3457,0.4634397029876709
291,119,1799,0.4633141756057739
292,119,2712,0.46316006779670715
293,119,1087,0.463064044713974
294,119,2250,0.4629476070404053
295,119,1015,0.46289268136024475
296,119,794,0.46282410621643066
297,119,1289,0.46228280663490295
298,119,2810,0.46227186918258667
299,119,3160,0.4620889127254486
300,119,844,0.46203988790512085
301,119,802,0.4620160162448883
302,119,858,0.4620160162448883
303,119,572,0.4616721570491791
304,119,1020,0.4615321755409241
305,119,1840,0.46141690015792847
306,119,1590,0.4613722264766693
307,119,2254,0.46135252714157104
308,119,2238,0.46127429604530334
309,119,985,0.46122562885284424
310,119,2656,0.4611874222755432
311,119,2127,0.4611285328865051
312,119,939,0.46088314056396484
313,119,3293,0.460718035697937
314,119,996,0.46071767807006836
315,119,2239,0.4606512784957886
316,119,509,0.4605768322944641
317,119,2887,0.4605765640735626
318,119,2926,0.4605207145214081
319,119,2236,0.46044501662254333
320,119,1881,0.46044477820396423
321,119,2646,0.46039366722106934
322,119,3186,0.46037206053733826
323,119,720,0.460178941488266
324,119,2401,0.460157573223114
325,119,321,0.4600483179092407
326,119,964,0.4597005546092987
327,119,1066,0.4596281945705414
328,119,2100,0.4596189260482788
329,119,1711,0.4595855474472046
330,119,2844,0.45943483710289
331,119,3262,0.45935502648353577
332,119,499,0.45930173993110657
333,119,2172,0.4590381979942322
334,119,2158,0.45895978808403015
335,119,2248,0.45869511365890503
336,119,1515,0.4586515426635742
337,119,3373,0.4583202302455902
338,119,678,0.4578835070133209
339,119,1588,0.45779910683631897
340,119,3154,0.4577735662460327
341,119,2409,0.457705557346344
342,119,1809,0.4574876129627228
343,119,3445,0.4573318362236023
344,119,2832,0.45708027482032776
345,119,2041,0.4569094479084015
346,119,2245,0.45685410499572754
347,119,301,0.4567680358886719
348,119,3266,0.45628035068511963
349,119,2621,0.45567378401756287
350,119,577,0.4555692970752716
351,119,3017,0.4554602801799774
352,119,2015,0.45535632967948914
353,119,1565,0.4553520083427429
354,119,366,0.455289363861084
355,119,1194,0.4550989270210266
356,119,919,0.45493924617767334
357,119,250,0.45481452345848083
358,119,3318,0.45448946952819824
359,119,2005,0.4544348120689392
360,119,168,0.454372763633728
361,119,3538,0.45435547828674316
362,119,349,0.4542124271392822
363,119,2660,0.4540976881980896
364,119,2767,0.45398807525634766
365,119,308,0.4536229372024536
366,119,2233,0.45343586802482605
367,119,936,0.45342808961868286
368,119,2909,0.45327523350715637
369,119,1848,0.4531001150608063
370,119,567,0.45309415459632874
371,119,2036,0.45308083295822144
372,119,2194,0.45300573110580444
373,119,2043,0.45285916328430176
374,119,1478,0.4528460204601288
375,119,2022,0.452568382024765
376,119,670,0.452552855014801
377,119,980,0.4525328278541565
378,119,2165,0.4524327516555786
379,119,3064,0.4523203670978546
380,119,3250,0.45206767320632935
381,119,2037,0.45165103673934937
382,119,3268,0.45161882042884827
383,119,983,0.4515959620475769
384,119,847,0.45147889852523804
385,119,3136,0.4511740207672119
386,119,397,0.45060431957244873
387,119,56,0.4505668878555298
388,119,959,0.45028868317604065
389,119,2073,0.4499940574169159
390,119,2760,0.4499129056930542
391,119,2907,0.44980067014694214
392,119,3057,0.44979625940322876
393,119,2286,0.4495537579059601
394,119,2706,0.4495302438735962
395,119,1408,0.44942542910575867
396,119,2639,0.44939756393432617
397,119,578,0.44938698410987854
398,119,2263,0.4492487907409668
399,119,3066,0.4490174949169159
400,119,1589,0.4490157663822174
401,119,1741,0.44900697469711304
402,119,1003,0.4490036070346832
403,119,571,0.448549747467041
404,119,1735,0.44852590560913086
405,119,2840,0.44849076867103577
406,119,2994,0.44816461205482483
407,119,726,0.4481070339679718
408,119,2812,0.44799289107322693
409,119,2059,0.44791072607040405
410,119,1292,0.44710293412208557
411,119,2466,0.4469909965991974
412,119,1257,0.4469151794910431
413,119,3375,0.4467307925224304
414,119,1528,0.4466361105442047
415,119,2873,0.4465198218822479
416,119,2872,0.4464750289916992
417,119,3412,0.4464319944381714
418,119,346,0.4463788866996765
419,119,2924,0.4462980628013611
420,119,994,0.44625335931777954
421,119,220,0.44593149423599243
422,119,1782,0.44563549757003784
423,119,2845,0.44555002450942993
424,119,1487,0.445442259311676
425,119,922,0.4453987777233124
426,119,3201,0.44518446922302246
427,119,131,0.4451287090778351
428,119,2859,0.444928377866745
429,119,1543,0.44477006793022156
430,119,2792,0.444612592458725
431,119,3367,0.4445943832397461
432,119,2962,0.4445900022983551
433,119,1001,0.44457605481147766
434,119,3321,0.4445190727710724
435,119,1781,0.4444795846939087
436,119,3048,0.44447049498558044
437,119,1499,0.4442961812019348
438,119,2038,0.4442184865474701
439,119,3055,0.44413501024246216
440,119,1715,0.4441336691379547
441,119,2045,0.4440612196922302
442,119,1247,0.44402411580085754
443,119,1960,0.4438249170780182
444,119,2950,0.44372645020484924
445,119,2258,0.4435488283634186
446,119,3292,0.4431072771549225
447,119,1547,0.44308438897132874
448,119,558,0.44303226470947266
449,119,1621,0.44284117221832275
450,119,813,0.4428139626979828
451,119,2232,0.4427921175956726
452,119,2648,0.4424789547920227
453,119,1623,0.4424116611480713
454,119,1010,0.4424028694629669
455,119,3138,0.44228020310401917
456,119,1138,0.44220423698425293
457,119,559,0.44215327501296997
458,119,950,0.44202667474746704
459,119,3366,0.4416729211807251
460,119,2846,0.44155025482177734
461,119,1004,0.441250741481781
462,119,3361,0.4411965012550354
463,119,3013,0.4411886930465698
464,119,2959,0.4411340653896332
465,119,576,0.4409330487251282
466,119,566,0.440824955701828
467,119,542,0.44077762961387634
468,119,3245,0.44072839617729187
469,119,1016,0.4406358301639557
470,119,2641,0.4405970871448517
471,119,2997,0.4405711889266968
472,119,814,0.4405381679534912
473,119,3196,0.4404146075248718
474,119,3143,0.440365731716156
475,119,1336,0.44023990631103516
476,119,2572,0.44020164012908936
477,119,2487,0.4399988651275635
478,119,1853,0.4399177134037018
479,119,43,0.4397723972797394
480,119,369,0.4397306442260742
481,119,2056,0.43965116143226624
482,119,3146,0.43964746594429016
483,119,1552,0.4393007457256317
484,119,3034,0.4391767084598541
485,119,3195,0.4390731751918793
486,119,3387,0.438661128282547
487,119,2752,0.4385896921157837
488,119,2987,0.438567191362381
489,119,172,0.4380281865596771
490,119,698,0.43782514333724976
491,119,1743,0.43780484795570374
492,119,1802,0.4378008544445038
493,119,1490,0.4374177157878876
494,119,987,0.4373461902141571
495,119,1700,0.43702900409698486
496,119,2737,0.43696123361587524
497,119,1920,0.436922162771225
498,119,962,0.43676915764808655
499,119,1987,0.4367252290248871
500,119,579,0.43654292821884155
501,119,105,0.43647363781929016
502,119,752,0.4363864064216614
503,119,2705,0.43629154562950134
504,119,1867,0.43625399470329285
505,119,2734,0.4362356960773468
506,119,275,0.4362254738807678
507,119,514,0.4361891448497772
508,119,1927,0.43617522716522217
509,119,3180,0.43616798520088196
510,119,500,0.4360508620738983
511,119,1847,0.4359908998012543
512,119,1961,0.4359206259250641
513,119,10,0.4357171952724457
514,119,666,0.4357084631919861
515,119,3052,0.43569138646125793
516,119,2933,0.4356174170970917
517,119,2664,0.43551555275917053
518,119,3244,0.43487679958343506
519,119,853,0.4347224533557892
520,119,773,0.4347027540206909
521,119,1798,0.434591144323349
522,119,1873,0.4345909357070923
523,119,3144,0.4344971179962158
524,119,2644,0.4344463050365448
525,119,828,0.43441298604011536
526,119,991,0.4342826008796692
527,119,1410,0.43419402837753296
528,119,1909,0.4341370463371277
529,119,1736,0.4339028596878052
530,119,1498,0.43389979004859924
531,119,2541,0.4338633418083191
532,119,952,0.4338310658931732
533,119,2252,0.43382102251052856
534,119,2050,0.43366754055023193
535,119,1600,0.43351152539253235
536,119,3631,0.4333203434944153
537,119,3326,0.43321287631988525
538,119,738,0.43314042687416077
539,119,2285,0.4329373836517334
540,119,315,0.4328639507293701
541,119,2488,0.43286263942718506
542,119,3006,0.43254122138023376
543,119,1979,0.4325280487537384
544,119,1993,0.43251946568489075
545,119,573,0.4323628544807434
546,119,3549,0.4323168098926544
547,119,1780,0.4322983920574188
548,119,2243,0.4322516918182373
549,119,320,0.4321634769439697
550,119,2089,0.431986927986145
551,119,2658,0.43195101618766785
552,119,2534,0.43151339888572693
553,119,383,0.4312649369239807
554,119,706,0.4310317635536194
555,119,373,0.4309422969818115
556,119,2891,0.4309360384941101
557,119,245,0.43088585138320923
558,119,967,0.43078938126564026
559,119,251,0.4306766986846924
560,119,511,0.4306762218475342
561,119,834,0.43061232566833496
562,119,2003,0.4306105077266693
563,119,2140,0.4304855465888977
564,119,1550,0.43047836422920227
565,119,2736,0.4303869605064392
566,119,339,0.43027350306510925
567,119,1838,0.43024730682373047
568,119,2809,0.4301898181438446
569,119,2801,0.4300799071788788
570,119,2993,0.42991960048675537
571,119,2682,0.4298679530620575
572,119,3021,0.42980071902275085
573,119,1945,0.42968177795410156
574,119,2072,0.42966777086257935
575,119,3419,0.42957472801208496
576,119,2031,0.4295428991317749
577,119,218,0.4295022785663605
578,119,2083,0.4292996823787689
579,119,29,0.4292205274105072
580,119,945,0.4291155934333801
581,119,286,0.42898234724998474
582,119,2743,0.4288545548915863
583,119,2242,0.42880651354789734
584,119,1963,0.42820706963539124
585,119,2510,0.4281148612499237
586,119,2883,0.4280513525009155
587,119,335,0.42801159620285034
588,119,338,0.42758816480636597
589,119,2026,0.427429735660553
590,119,1995,0.42742830514907837
591,119,1830,0.427266001701355
592,119,3147,0.42725375294685364
593,119,687,0.4270980954170227
594,119,1548,0.42672601342201233
595,119,2017,0.4264620840549469
596,119,817,0.42637643218040466
597,119,803,0.4263675808906555
598,119,1421,0.4262304902076721
599,119,1012,0.42587560415267944
600,119,2030,0.4257989525794983
601,119,1846,0.4257819950580597
602,119,899,0.42575326561927795
603,119,247,0.42573294043540955
604,119,3324,0.4256962537765503
605,119,3076,0.42561542987823486
606,119,371,0.42557018995285034
607,119,240,0.4255523085594177
608,119,999,0.4254724085330963
609,119,2055,0.42522329092025757
610,119,3356,0.42518487572669983
611,119,1504,0.4251362681388855
612,119,1393,0.4248524308204651
613,119,2953,0.4247942268848419
614,119,3409,0.4247726500034332
615,119,3447,0.42476269602775574
616,119,274,0.4247523248195648
617,119,162,0.42464688420295715
618,119,1177,0.42452529072761536
619,119,2138,0.4245166480541229
620,119,888,0.4243805706501007
621,119,3317,0.42437079548835754
622,119,639,0.4243628680706024
623,119,2835,0.4241478741168976
624,119,3069,0.42403724789619446
625,119,997,0.42401525378227234
626,119,3354,0.42391273379325867
627,119,513,0.42378413677215576
628,119,700,0.4236065447330475
629,119,1283,0.4235515892505646
630,119,2747,0.4235481917858124
631,119,2077,0.42339274287223816
632,119,3415,0.4233117699623108
633,119,2157,0.423128217458725
634,119,2579,0.42299315333366394
635,119,3353,0.42296329140663147
636,119,2231,0.4229556620121002
637,119,3023,0.4228862524032593
638,119,2029,0.4227984845638275
639,119,3071,0.4227941930294037
640,119,1692,0.42260611057281494
641,119,2397,0.4225253164768219
642,119,1665,0.4224714934825897
643,119,2890,0.4223126173019409
644,119,1519,0.422298401594162
645,119,1382,0.42217129468917847
646,119,2992,0.42216750979423523
647,119,2612,0.42210039496421814
648,119,2162,0.4220210611820221
649,119,2271,0.42181527614593506
650,119,1822,0.42180928587913513
651,119,2057,0.4218062162399292
652,119,2253,0.42153748869895935
653,119,893,0.4214632511138916
654,119,606,0.4213313162326813
655,119,788,0.42132413387298584
656,119,2944,0.42127102613449097
657,119,3037,0.42099475860595703
658,119,1014,0.4208793342113495
659,119,1522,0.4205259382724762
660,119,1046,0.4203386902809143
661,119,1021,0.42033571004867554
662,119,2929,0.4202789068222046
663,119,1740,0.42013993859291077
664,119,133,0.42002490162849426
665,119,18,0.41982388496398926
666,119,586,0.41960597038269043
667,119,2739,0.4193049967288971
668,119,1484,0.41907405853271484
669,119,313,0.4190157651901245
670,119,1640,0.4189480245113373
671,119,3252,0.41889241337776184
672,119,3360,0.41886699199676514
673,119,2009,0.41871532797813416
674,119,2063,0.41869398951530457
675,119,1567,0.4186161458492279
676,119,1683,0.4185449779033661
677,119,127,0.4184810221195221
678,119,1291,0.4184190332889557
679,119,2478,0.4183632731437683
680,119,3016,0.4183589518070221
681,119,1808,0.4182393252849579
682,119,1533,0.41807642579078674
683,119,3368,0.41802865266799927
684,119,1585,0.4179600179195404
685,119,685,0.417933851480484
686,119,607,0.41792380809783936
687,119,2310,0.4178158640861511
688,119,891,0.4177214801311493
689,119,3166,0.41769349575042725
690,119,2951,0.4175191819667816
691,119,1215,0.41738012433052063
692,119,1446,0.41730010509490967
693,119,877,0.4172387719154358
694,119,3223,0.4170856177806854
695,119,1785,0.4168286621570587
696,119,2991,0.4167652726173401
697,119,1756,0.416648268699646
698,119,2508,0.41654592752456665
699,119,2839,0.4163532257080078
700,119,894,0.41625815629959106
701,119,2561,0.4159882664680481
702,119,3041,0.415987104177475
703,119,1416,0.4159083962440491
704,119,2602,0.4157957136631012
705,119,1252,0.4157325327396393
706,119,681,0.41571053862571716
707,119,2282,0.4156132638454437
708,119,2498,0.41558408737182617
709,119,2441,0.41548600792884827
710,119,1686,0.4154547154903412
711,119,1656,0.41542306542396545
712,119,3061,0.4153960943222046
713,119,584,0.41507771611213684
714,119,2305,0.4150737524032593
715,119,2977,0.41503050923347473
716,119,1295,0.4149898886680603
717,119,3388,0.41483211517333984
718,119,1648,0.4147614538669586
719,119,1011,0.41473010182380676
720,119,3405,0.4145391583442688
721,119,1766,0.41443806886672974
722,119,329,0.4143255949020386
723,119,1023,0.4143027067184448
724,119,2723,0.41427841782569885
725,119,751,0.41424834728240967
726,119,883,0.4142293930053711
727,119,1842,0.41405946016311646
728,119,1880,0.4140455722808838
729,119,2287,0.4139908254146576
730,119,201,0.4139731526374817
731,119,1610,0.4138709008693695
732,119,2687,0.41369354724884033
733,119,1337,0.41354653239250183
734,119,2714,0.4134514629840851
735,119,2259,0.4134032726287842
736,119,269,0.41336098313331604
737,119,2982,0.4132797420024872
738,119,778,0.41320711374282837
739,119,305,0.41318339109420776
740,119,3282,0.4131656587123871
741,119,390,0.4130792021751404
742,119,1813,0.41306668519973755
743,119,1531,0.41291335225105286
744,119,2173,0.4128647744655609
745,119,345,0.4125368595123291
746,119,1687,0.4124837815761566
747,119,2937,0.4123290181159973
748,119,2995,0.4122842252254486
749,119,2576,0.4122341275215149
750,119,3349,0.412168025970459
751,119,2276,0.41215482354164124
752,119,2804,0.4121299982070923
753,119,1392,0.411804735660553
754,119,2449,0.41149866580963135
755,119,3508,0.4114789366722107
756,119,3460,0.4114150404930115
757,119,2341,0.41131263971328735
758,119,1135,0.4112180471420288
759,119,279,0.41118183732032776
760,119,3204,0.4108758270740509
761,119,297,0.4108688235282898
762,119,515,0.4107934534549713
763,119,1926,0.41064316034317017
764,119,3452,0.4106118977069855
765,119,2025,0.41059738397598267
766,119,2240,0.41054174304008484
767,119,1793,0.41049885749816895
768,119,3126,0.41030746698379517
769,119,3005,0.4102429449558258
770,119,1652,0.41020068526268005
771,119,663,0.41017287969589233
772,119,2903,0.4100893437862396
773,119,1017,0.41008856892585754
774,119,2086,0.41007503867149353
775,119,3094,0.41001275181770325
776,119,1671,0.4099953770637512
777,119,2830,0.4099903702735901
778,119,2609,0.4099580943584442
779,119,2090,0.40988293290138245
780,119,1647,0.4098805785179138
781,119,2902,0.40982696413993835
782,119,594,0.40968915820121765
783,119,1500,0.4096279740333557
784,119,2035,0.40959376096725464
785,119,299,0.4095459580421448
786,119,1583,0.4095352292060852
787,119,2367,0.40950891375541687
788,119,380,0.40943676233291626
789,119,2911,0.40936073660850525
790,119,2494,0.4093495011329651
791,119,3475,0.40932443737983704
792,119,480,0.4092054069042206
793,119,3012,0.4092041254043579
794,119,1542,0.4090534448623657
795,119,2885,0.40902087092399597
796,119,2927,0.40900322794914246
797,119,1724,0.4088825583457947
798,119,1431,0.4087974727153778
799,119,184,0.40863582491874695
800,119,942,0.40857815742492676
801,119,1244,0.4084990620613098
802,119,252,0.4084669351577759
803,119,2490,0.4084356129169464
804,119,926,0.4083658754825592
805,119,961,0.40828195214271545
806,119,3010,0.4082792401313782
807,119,1679,0.4081345200538635
808,119,1536,0.4080454111099243
809,119,825,0.40802887082099915
810,119,1704,0.40798258781433105
811,119,2277,0.4077790379524231
812,119,1849,0.40769416093826294
813,119,1906,0.40757080912590027
814,119,2823,0.40754401683807373
815,119,2518,0.40743666887283325
816,119,799,0.40733596682548523
817,119,3031,0.4072476923465729
818,119,2101,0.40723979473114014
819,119,2021,0.4071754217147827
820,119,318,0.4070236384868622
821,119,1002,0.40696007013320923
822,119,1253,0.4069286286830902
823,119,2365,0.40688323974609375
824,119,2109,0.40683990716934204
825,119,2421,0.4067903459072113
826,119,386,0.4067305028438568
827,119,2611,0.40657752752304077
828,119,1309,0.4065566062927246
829,119,2004,0.40649136900901794
830,119,3042,0.4064648449420929
831,119,715,0.4061298966407776
832,119,2780,0.40597543120384216
833,119,2967,0.40594422817230225
834,119,143,0.40576454997062683
835,119,2497,0.40571168065071106
836,119,1461,0.405607134103775
837,119,3426,0.4053451418876648
838,119,208,0.4051162004470825
839,119,400,0.404887855052948
840,119,1534,0.40478822588920593
841,119,784,0.4047848880290985
842,119,1445,0.4047427177429199
843,119,3249,0.40472662448883057
844,119,1739,0.40466126799583435
845,119,689,0.40464797616004944
846,119,2143,0.404573917388916
847,119,1222,0.4044809937477112
848,119,1116,0.4044514000415802
849,119,766,0.40444743633270264
850,119,1000,0.4044390916824341
851,119,3095,0.40441083908081055
852,119,560,0.4043791592121124
853,119,1300,0.40430188179016113
854,119,3278,0.4039304256439209
855,119,2851,0.40380850434303284
856,119,1568,0.40369895100593567
857,119,1831,0.40360257029533386
858,119,3029,0.403464138507843
859,119,842,0.4033116400241852
860,119,1747,0.40319937467575073
861,119,2971,0.40307652950286865
862,119,2740,0.4030264616012573
863,119,1605,0.40298768877983093
864,119,2630,0.4028853178024292
865,119,2362,0.40285244584083557
866,119,2921,0.40281325578689575
867,119,1424,0.40277642011642456
868,119,854,0.4027511179447174
869,119,3068,0.4027346074581146
870,119,3376,0.4027213752269745
871,119,1530,0.4026787281036377
872,119,3156,0.4026475250720978
873,119,2853,0.4026469588279724
874,119,2234,0.4026433229446411
875,119,1593,0.4026188254356384
876,119,1447,0.40258267521858215
877,119,674,0.40243420004844666
878,119,2229,0.4023962914943695
879,119,1595,0.40236446261405945
880,119,982,0.40226197242736816
881,119,3008,0.4022606313228607
882,119,1596,0.4022250771522522
883,119,1360,0.4022080898284912
884,119,3431,0.4020892083644867
885,119,1616,0.4020780026912689
886,119,2956,0.4019952714443207
887,119,422,0.40194806456565857
888,119,2299,0.4018669128417969
889,119,3347,0.401865154504776
890,119,1261,0.4018540382385254
891,119,2528,0.4018365144729614
892,119,1792,0.4015628397464752
893,119,3161,0.4015457332134247
894,119,3288,0.40152421593666077
895,119,984,0.4015178978443146
896,119,378,0.40128108859062195
897,119,1598,0.40117526054382324
898,119,850,0.40111643075942993
899,119,2152,0.40107738971710205
900,119,2159,0.4010351598262787
901,119,2540,0.4007938504219055
902,119,2275,0.4007816016674042
903,119,745,0.4007778465747833
904,119,1805,0.40071290731430054
905,119,3074,0.4006410837173462
906,119,360,0.40053388476371765
907,119,3316,0.4005257189273834
908,119,3103,0.40048322081565857
909,119,3007,0.40027692914009094
910,119,223,0.4000815153121948
911,119,1791,0.4000568389892578
912,119,3174,0.4000560939311981
913,119,3557,0.39986366033554077
914,119,953,0.39982813596725464
915,119,1897,0.39958691596984863
916,119,2688,0.39950457215309143
917,119,2058,0.3994700610637665
918,119,2585,0.3994136154651642
919,119,2960,0.39935392141342163
920,119,2799,0.39928990602493286
921,119,2145,0.39928603172302246
922,119,3165,0.3992528021335602
923,119,1824,0.3992171585559845
924,119,1299,0.3991488516330719
925,119,1430,0.39913955330848694
926,119,2084,0.39903706312179565
927,119,1455,0.3990105390548706
928,119,71,0.39899659156799316
929,119,1604,0.39896664023399353
930,119,946,0.39891380071640015
931,119,2267,0.39889246225357056
932,119,3046,0.3988848924636841
933,119,776,0.398835152387619
934,119,216,0.3988005816936493
935,119,2023,0.3987598121166229
936,119,382,0.3987531065940857
937,119,1721,0.39868733286857605
938,119,3015,0.39865684509277344
939,119,2303,0.39864975214004517
940,119,521,0.3985958695411682
941,119,840,0.39835506677627563
942,119,2635,0.3983302116394043
943,119,1557,0.39829209446907043
944,119,277,0.3982813060283661
945,119,2789,0.39825665950775146
946,119,970,0.3981602191925049
947,119,958,0.398125022649765
948,119,2820,0.39811965823173523
949,119,1155,0.39808937907218933
950,119,1815,0.3980865180492401
951,119,1634,0.39793622493743896
952,119,3258,0.397850900888443
953,119,1594,0.3976050615310669
954,119,1483,0.39754518866539
955,119,2900,0.39754462242126465
956,119,1501,0.3975036144256592
957,119,2504,0.3974367678165436
958,119,2605,0.3974367678165436
959,119,302,0.39738792181015015
960,119,2128,0.39733898639678955
961,119,3175,0.3972688913345337
962,119,3394,0.3972223401069641
963,119,1759,0.3971783518791199
964,119,782,0.39712849259376526
965,119,3216,0.39704975485801697
966,119,1344,0.3968084454536438
967,119,145,0.39680829644203186
968,119,2230,0.3967587351799011
969,119,2861,0.3966691493988037
970,119,1754,0.3966579735279083
971,119,2047,0.3966233730316162
972,119,2881,0.3964185118675232
973,119,913,0.3963896334171295
974,119,3638,0.39637330174446106
975,119,741,0.39635229110717773
976,119,2814,0.3963368833065033
977,119,909,0.3961082696914673
978,119,2831,0.39605268836021423
979,119,384,0.3959069848060608
980,119,1467,0.3958929479122162
981,119,1273,0.39582309126853943
982,119,3251,0.39581725001335144
983,119,826,0.39578017592430115
984,119,3259,0.39576923847198486
985,119,938,0.39574235677719116
986,119,3063,0.39568352699279785
987,119,88,0.3956681787967682
988,119,2825,0.3956291973590851
989,119,3480,0.39541351795196533
990,119,966,0.39539635181427
991,119,2884,0.39535853266716003
992,119,2677,0.39535561203956604
993,119,818,0.39527279138565063
994,119,1422,0.3952583074569702
995,119,1597,0.3952409625053406
996,119,496,0.39523664116859436
997,119,2797,0.3952363431453705
998,119,2178,0.39516112208366394
999,119,1423,0.39499911665916443
1000,119,2800,0.39498183131217957
1001,119,629,0.3948134779930115
1002,119,1750,0.3947361707687378
1003,119,974,0.39472946524620056
1004,119,1213,0.3947169780731201
1005,119,2560,0.3946242332458496
1006,119,442,0.3945317566394806
1007,119,332,0.3945108652114868
1008,119,2894,0.39449575543403625
1009,119,2674,0.39435848593711853
1010,119,998,0.3941851854324341
1011,119,391,0.39404627680778503
1012,119,124,0.39402279257774353
1013,119,2429,0.39396458864212036
1014,119,562,0.39380666613578796
1015,119,2702,0.3937912881374359
1016,119,1888,0.3937610685825348
1017,119,2918,0.39368048310279846
1018,119,1825,0.3936444818973541
1019,119,3331,0.39363354444503784
1020,119,2842,0.39357665181159973
1021,119,3275,0.39350011944770813
1022,119,550,0.3934990167617798
1023,119,975,0.39339572191238403
1024,119,1538,0.3933446407318115
1025,119,697,0.3933330476284027
1026,119,816,0.39319974184036255
1027,119,879,0.39312243461608887
1028,119,2973,0.3929632902145386
1029,119,1986,0.3928305208683014
1030,119,2948,0.3927942216396332
1031,119,132,0.39277809858322144
1032,119,2280,0.39277565479278564
1033,119,2850,0.39273566007614136
1034,119,359,0.3926304578781128
1035,119,1266,0.392622709274292
1036,119,2727,0.3925893306732178
1037,119,1099,0.39257851243019104
1038,119,809,0.3925635516643524
1039,119,1659,0.39244064688682556
1040,119,2445,0.39240866899490356
1041,119,2652,0.39220985770225525
1042,119,589,0.39217981696128845
1043,119,334,0.39211857318878174
1044,119,356,0.39210858941078186
1045,119,2862,0.39210090041160583
1046,119,1955,0.39201587438583374
1047,119,2693,0.3918643295764923
1048,119,2807,0.39159175753593445
1049,119,2708,0.3915027976036072
1050,119,3090,0.39146164059638977
1051,119,882,0.39145326614379883
1052,119,1603,0.3914486765861511
1053,119,2593,0.3914033770561218
1054,119,3413,0.3913573920726776
1055,119,142,0.39128175377845764
1056,119,1823,0.39123204350471497
1057,119,82,0.39120906591415405
1058,119,1689,0.391170859336853
1059,119,978,0.3910495340824127
1060,119,3290,0.39099785685539246
1061,119,1492,0.39092347025871277
1062,119,1480,0.3908996284008026
1063,119,3247,0.39076507091522217
1064,119,838,0.3904935121536255
1065,119,1922,0.39041566848754883
1066,119,1601,0.39036276936531067
1067,119,2696,0.3903506100177765
1068,119,1818,0.3903505802154541
1069,119,57,0.3901077210903168
1070,119,228,0.39005592465400696
1071,119,1457,0.38982635736465454
1072,119,1512,0.3897149860858917
1073,119,1018,0.38970234990119934
1074,119,2455,0.3896789252758026
1075,119,592,0.38964730501174927
1076,119,364,0.3896428942680359
1077,119,2049,0.38964149355888367
1078,119,1755,0.3896222412586212
1079,119,1592,0.38957396149635315
1080,119,3568,0.38957199454307556
1081,119,927,0.38947463035583496
1082,119,1814,0.3893280029296875
1083,119,2920,0.3892785310745239
1084,119,3591,0.3892175853252411
1085,119,2763,0.3890731930732727
1086,119,2142,0.3890346586704254
1087,119,1974,0.38894495368003845
1088,119,3423,0.38890349864959717
1089,119,1287,0.3888944387435913
1090,119,610,0.38886216282844543
1091,119,2114,0.3887830674648285
1092,119,797,0.38875824213027954
1093,119,2649,0.3887089192867279
1094,119,1718,0.3886168599128723
1095,119,2235,0.38853299617767334
1096,119,1602,0.3885146975517273
1097,119,3438,0.38850200176239014
1098,119,1516,0.3884788155555725
1099,119,1772,0.3884243071079254
1100,119,1685,0.38839784264564514
1101,119,3014,0.3883633315563202
1102,119,183,0.38833433389663696
1103,119,3325,0.3882468640804291
1104,119,2813,0.38818827271461487
1105,119,2268,0.3880389332771301
1106,119,2324,0.3879692852497101
1107,119,3466,0.3878774344921112
1108,119,418,0.3878399133682251
1109,119,3363,0.38782310485839844
1110,119,1844,0.387804239988327
1111,119,2131,0.3877561390399933
1112,119,736,0.3877418637275696
1113,119,103,0.3877086639404297
1114,119,1967,0.3876897692680359
1115,119,357,0.38768452405929565
1116,119,2255,0.3876485228538513
1117,119,3040,0.3876253664493561
1118,119,230,0.38752153515815735
1119,119,3442,0.3874180018901825
1120,119,2794,0.387375146150589
1121,119,120,0.38730114698410034
1122,119,2366,0.3872423470020294
1123,119,3355,0.38718172907829285
1124,119,3075,0.38717004656791687
1125,119,2193,0.3871307373046875
1126,119,370,0.3871082365512848
1127,119,3280,0.3869863748550415
1128,119,213,0.3869270384311676
1129,119,1124,0.3869169056415558
1130,119,2014,0.3868938386440277
1131,119,416,0.38688257336616516
1132,119,841,0.38685232400894165
1133,119,3227,0.38683363795280457
1134,119,290,0.38680726289749146
1135,119,293,0.38675862550735474
1136,119,2733,0.3867122530937195
1137,119,1669,0.38655683398246765
1138,119,1091,0.3865371346473694
1139,119,904,0.3865100145339966
1140,119,474,0.38650888204574585
1141,119,36,0.386456161737442
1142,119,3192,0.38641902804374695
1143,119,3436,0.3862909972667694
1144,119,635,0.38616979122161865
1145,119,2527,0.3860926330089569
1146,119,3087,0.3860807716846466
1147,119,2878,0.38603249192237854
1148,119,295,0.3859931528568268
1149,119,2207,0.3859510123729706
1150,119,557,0.38591623306274414
1151,119,2078,0.3858301043510437
1152,119,897,0.38578614592552185
1153,119,2874,0.3857412040233612
1154,119,873,0.3856848478317261
1155,119,2834,0.3856314420700073
1156,119,574,0.38559088110923767
1157,119,3139,0.3855564296245575
1158,119,1473,0.3854149580001831
1159,119,3194,0.385383665561676
1160,119,1796,0.3853064477443695
1161,119,1769,0.3852390646934509
1162,119,2974,0.3852340281009674
1163,119,1282,0.38516098260879517
1164,119,2338,0.38505035638809204
1165,119,3033,0.38502541184425354
1166,119,2742,0.38500919938087463
1167,119,3106,0.3849138915538788
1168,119,3191,0.38480159640312195
1169,119,263,0.3847813010215759
1170,119,1632,0.3847644627094269
1171,119,78,0.38458311557769775
1172,119,393,0.3845827281475067
1173,119,2623,0.3845714330673218
1174,119,2928,0.38453373312950134
1175,119,1479,0.3845095634460449
1176,119,248,0.3844859302043915
1177,119,734,0.3844340741634369
1178,119,1646,0.38440340757369995
1179,119,1938,0.38438543677330017
1180,119,1427,0.3843609392642975
1181,119,728,0.3843308389186859
1182,119,2782,0.3842754662036896
1183,119,3618,0.38408830761909485
1184,119,1674,0.38406798243522644
1185,119,2793,0.3839978873729706
1186,119,1742,0.38382890820503235
1187,119,1835,0.3837214708328247
1188,119,609,0.3836153447628021
1189,119,522,0.3834882080554962
1190,119,2262,0.38343697786331177
1191,119,2545,0.3834182620048523
1192,119,2071,0.3834158778190613
1193,119,1298,0.3834008276462555
1194,119,2864,0.38339465856552124
1195,119,1236,0.38329118490219116
1196,119,1672,0.3832312226295471
1197,119,1864,0.3831983804702759
1198,119,1452,0.383190780878067
1199,119,1660,0.38313043117523193
1200,119,3081,0.38297444581985474
1201,119,1453,0.3829304277896881
1202,119,3279,0.3828926086425781
1203,119,3513,0.38286158442497253
1204,119,1460,0.3827502131462097
1205,119,627,0.3826945722103119
1206,119,1456,0.3826645016670227
1207,119,1771,0.38260677456855774
1208,119,1245,0.3825400471687317
1209,119,303,0.3823854923248291
1210,119,2438,0.382346510887146
1211,119,2905,0.3823409676551819
1212,119,636,0.3822544515132904
1213,119,2164,0.3822217285633087
1214,119,1806,0.3822082579135895
1215,119,1570,0.3821602761745453
1216,119,1428,0.38205695152282715
1217,119,2048,0.3820034861564636
1218,119,570,0.3819337487220764
1219,119,2328,0.38193178176879883
1220,119,296,0.38183295726776123
1221,119,3088,0.38183051347732544
1222,119,457,0.3818109333515167
1223,119,1333,0.3817996382713318
1224,119,482,0.3817816972732544
1225,119,2990,0.38170549273490906
1226,119,1973,0.3816054165363312
1227,119,691,0.3814300000667572
1228,119,2758,0.3814133107662201
1229,119,3108,0.38132601976394653
1230,119,2610,0.38132500648498535
1231,119,395,0.38125282526016235
1232,119,3051,0.38124409317970276
1233,119,719,0.3812304735183716
1234,119,705,0.3812289535999298
1235,119,1232,0.38112807273864746
1236,119,2722,0.3810439109802246
1237,119,3218,0.38104262948036194
1238,119,1934,0.3810161352157593
1239,119,943,0.3810140788555145
1240,119,1330,0.380991667509079
1241,119,957,0.3809417188167572
1242,119,1077,0.3808799684047699
1243,119,2668,0.3808777928352356
1244,119,115,0.38072851300239563
1245,119,1615,0.3806696832180023
1246,119,507,0.3806098699569702
1247,119,702,0.38043898344039917
1248,119,2330,0.38036057353019714
1249,119,2150,0.38031670451164246
1250,119,1932,0.38029971718788147
1251,119,2647,0.3802710175514221
1252,119,3291,0.38022446632385254
1253,119,3140,0.3801707625389099
1254,119,1388,0.38011667132377625
1255,119,3468,0.38009342551231384
1256,119,680,0.38007622957229614
1257,119,1231,0.37988147139549255
1258,119,2281,0.37986046075820923
1259,119,1503,0.3798269033432007
1260,119,3512,0.37981921434402466
1261,119,1776,0.3797540068626404
1262,119,2880,0.3796975910663605
1263,119,1537,0.37963420152664185
1264,119,328,0.3796197772026062
1265,119,2833,0.37957605719566345
1266,119,2146,0.3794713318347931
1267,119,1811,0.3793555200099945
1268,119,2492,0.3791605234146118
1269,119,785,0.3791591227054596
1270,119,2798,0.3791515827178955
1271,119,2818,0.37908899784088135
1272,119,1930,0.3790432810783386
1273,119,1581,0.3789069652557373
1274,119,3123,0.37875962257385254
1275,119,2535,0.37875887751579285
1276,119,1801,0.3787577450275421
1277,119,2665,0.378733366727829
1278,119,1668,0.3786885440349579
1279,119,1691,0.3786657750606537
1280,119,1868,0.37847986817359924
1281,119,722,0.3784301280975342
1282,119,2458,0.3784250319004059
1283,119,2983,0.3783928453922272
1284,119,471,0.3783279061317444
1285,119,190,0.37824612855911255
1286,119,2754,0.3782007396221161
1287,119,3511,0.37818074226379395
1288,119,1944,0.37817978858947754
1289,119,903,0.3779706358909607
1290,119,2513,0.3779195547103882
1291,119,2357,0.3779117166996002
1292,119,353,0.37791043519973755
1293,119,3510,0.37790748476982117
1294,119,2637,0.3778294622898102
1295,119,713,0.3776630163192749
1296,119,65,0.3775523602962494
1297,119,3093,0.37750884890556335
1298,119,48,0.37736794352531433
1299,119,1734,0.3773669898509979
1300,119,3032,0.37732741236686707
1301,119,1889,0.37730109691619873
1302,119,1038,0.3772784471511841
1303,119,1462,0.37700533866882324
1304,119,1560,0.3769954442977905
1305,119,1225,0.37692418694496155
1306,119,1757,0.3769223392009735
1307,119,2954,0.37689489126205444
1308,119,3231,0.3768913149833679
1309,119,1526,0.37683141231536865
1310,119,1540,0.3768113851547241
1311,119,2108,0.37677860260009766
1312,119,1054,0.3767373859882355
1313,119,1569,0.3767337501049042
1314,119,3232,0.3766379952430725
1315,119,1821,0.37660694122314453
1316,119,67,0.3766058087348938
1317,119,810,0.37654387950897217
1318,119,3107,0.37649005651474
1319,119,2424,0.3764227032661438
1320,119,3320,0.3764053285121918
1321,119,1884,0.37640243768692017
1322,119,3294,0.3763439357280731
1323,119,2895,0.3762415051460266
1324,119,3001,0.37618130445480347
1325,119,553,0.37608087062835693
1326,119,1702,0.37603238224983215
1327,119,2374,0.3760281503200531
1328,119,165,0.3760223388671875
1329,119,1935,0.37600165605545044
1330,119,1288,0.37597909569740295
1331,119,804,0.3759608268737793
1332,119,3239,0.37595731019973755
1333,119,801,0.37595605850219727
1334,119,2704,0.3759315013885498
1335,119,1412,0.37588274478912354
1336,119,3155,0.37582916021347046
1337,119,2352,0.3756905794143677
1338,119,3281,0.37564030289649963
1339,119,3263,0.37547966837882996
1340,119,727,0.37547752261161804
1341,119,2168,0.37536683678627014
1342,119,3570,0.37525513768196106
1343,119,68,0.3752302825450897
1344,119,2067,0.37522923946380615
1345,119,3047,0.3751966059207916
1346,119,3582,0.37517258524894714
1347,119,2914,0.3751097023487091
1348,119,593,0.37507495284080505
1349,119,1059,0.37502628564834595
1350,119,2503,0.3750133514404297
1351,119,2912,0.374970406293869
1352,119,906,0.3749184012413025
1353,119,2465,0.3749086558818817
1354,119,2898,0.3748980760574341
1355,119,1635,0.37488487362861633
1356,119,541,0.37488171458244324
1357,119,3089,0.37485742568969727
1358,119,3027,0.3748416602611542
1359,119,2224,0.37483954429626465
1360,119,502,0.37476015090942383
1361,119,1896,0.3747032880783081
1362,119,1465,0.3746696710586548
1363,119,1998,0.37451833486557007
1364,119,2901,0.37451207637786865
1365,119,2087,0.3744209110736847
1366,119,253,0.37433746457099915
1367,119,2331,0.37433499097824097
1368,119,3500,0.37430763244628906
1369,119,1563,0.37426918745040894
1370,119,2913,0.37426725029945374
1371,119,3462,0.37418249249458313
1372,119,1951,0.374069482088089
1373,119,219,0.3740542531013489
1374,119,2126,0.373969167470932
1375,119,2416,0.3738797903060913
1376,119,215,0.37384289503097534
1377,119,1521,0.37380826473236084
1378,119,1274,0.37380242347717285
1379,119,1608,0.3737678527832031
1380,119,754,0.37372875213623047
1381,119,648,0.37370747327804565
1382,119,3297,0.3735710084438324
1383,119,2076,0.37342509627342224
1384,119,437,0.3733327090740204
1385,119,1331,0.37327930331230164
1386,119,1968,0.37325480580329895
1387,119,1778,0.3732524812221527
1388,119,2817,0.37324538826942444
1389,119,1651,0.3731517493724823
1390,119,569,0.3730264902114868
1391,119,1502,0.37295201420783997
1392,119,3606,0.37290725111961365
1393,119,1972,0.37290289998054504
1394,119,3193,0.3727969825267792
1395,119,815,0.3726794719696045
1396,119,837,0.3726285696029663
1397,119,1787,0.372568279504776
1398,119,1607,0.372514545917511
1399,119,2945,0.3724890649318695
1400,119,1969,0.3723945915699005
1401,119,2709,0.3723767101764679
1402,119,2351,0.37236812710762024
1403,119,3335,0.3723617494106293
1404,119,1866,0.37236130237579346
1405,119,2132,0.3722597658634186
1406,119,2998,0.3721903860569
1407,119,3414,0.37217915058135986
1408,119,1376,0.3721759021282196
1409,119,375,0.37203848361968994
1410,119,3067,0.3719857633113861
1411,119,1443,0.3718754053115845
1412,119,806,0.3718002736568451
1413,119,212,0.37178388237953186
1414,119,1994,0.3717808127403259
1415,119,807,0.371692031621933
1416,119,1587,0.37159132957458496
1417,119,1923,0.3714718520641327
1418,119,381,0.37141552567481995
1419,119,3100,0.3714079260826111
1420,119,2311,0.37136369943618774
1421,119,3295,0.37134459614753723
1422,119,2376,0.3712248206138611
1423,119,1559,0.37116268277168274
1424,119,3054,0.3711552321910858
1425,119,585,0.37099534273147583
1426,119,3235,0.3709723651409149
1427,119,3212,0.3708937466144562
1428,119,2297,0.37086600065231323
1429,119,735,0.37084096670150757
1430,119,2738,0.3707940876483917
1431,119,3487,0.3707917332649231
1432,119,420,0.3707854449748993
1433,119,2843,0.3707818388938904
1434,119,234,0.3706478774547577
1435,119,972,0.3706270456314087
1436,119,4,0.37058135867118835
1437,119,1644,0.37053999304771423
1438,119,86,0.3705143928527832
1439,119,824,0.370431125164032
1440,119,2531,0.3704088628292084
1441,119,1701,0.3703770637512207
1442,119,475,0.3703620731830597
1443,119,1699,0.37034380435943604
1444,119,1617,0.37034302949905396
1445,119,3389,0.3702148199081421
1446,119,2020,0.3701702952384949
1447,119,1436,0.37014421820640564
1448,119,2307,0.37002918124198914
1449,119,758,0.36982783675193787
1450,119,3552,0.36966949701309204
1451,119,3238,0.3695739507675171
1452,119,1185,0.36941996216773987
1453,119,3271,0.3694169521331787
1454,119,3240,0.3694097697734833
1455,119,995,0.3693934679031372
1456,119,423,0.3693491816520691
1457,119,1313,0.3693307042121887
1458,119,94,0.36900800466537476
1459,119,1826,0.3689599633216858
1460,119,1129,0.3689529299736023
1461,119,2393,0.36892634630203247
1462,119,2703,0.368895947933197
1463,119,95,0.3688875138759613
1464,119,622,0.3688695430755615
1465,119,3334,0.36878883838653564
1466,119,1489,0.3687564730644226
1467,119,820,0.3685975968837738
1468,119,2615,0.36852532625198364
1469,119,343,0.3684515655040741
1470,119,179,0.3684358298778534
1471,119,3053,0.36842799186706543
1472,119,392,0.36835336685180664
1473,119,427,0.36834850907325745
1474,119,675,0.36828696727752686
1475,119,130,0.36813026666641235
1476,119,3383,0.3680761456489563
1477,119,3058,0.368075966835022
1478,119,3241,0.36804822087287903
1479,119,2976,0.3680325448513031
1480,119,1871,0.3678812086582184
1481,119,2295,0.36772510409355164
1482,119,1263,0.36769601702690125
1483,119,1219,0.36765334010124207
1484,119,2456,0.3675954043865204
1485,119,2827,0.36755844950675964
1486,119,2746,0.36753058433532715
1487,119,84,0.367527574300766
1488,119,2765,0.3675258159637451
1489,119,1988,0.3674819767475128
1490,119,1029,0.3674721419811249
1491,119,1494,0.3674528896808624
1492,119,292,0.3674166202545166
1493,119,2654,0.36741650104522705
1494,119,1921,0.3674069046974182
1495,119,1953,0.36738771200180054
1496,119,414,0.367355614900589
1497,119,1265,0.36728712916374207
1498,119,2759,0.36721929907798767
1499,119,1562,0.36715567111968994
1500,119,2300,0.3671307861804962
1501,119,2943,0.36712297797203064
1502,119,2552,0.36711791157722473
1503,119,690,0.3670908212661743
1504,119,246,0.36703601479530334
1505,119,1027,0.36696234345436096
1506,119,1047,0.3667820990085602
1507,119,1949,0.3667098879814148
1508,119,659,0.36670857667922974
1509,119,265,0.36667966842651367
1510,119,1990,0.3666659891605377
1511,119,3380,0.36663392186164856
1512,119,1496,0.3665236830711365
1513,119,3490,0.3664596974849701
1514,119,1025,0.3663384020328522
1515,119,3086,0.3662925660610199
1516,119,1725,0.3661957383155823
1517,119,2970,0.36616966128349304
1518,119,1310,0.36614498496055603
1519,119,1890,0.36608296632766724
1520,119,2984,0.3659817576408386
1521,119,54,0.36590567231178284
1522,119,2686,0.36578139662742615
1523,119,772,0.365773469209671
1524,119,3307,0.3657015264034271
1525,119,1874,0.36566856503486633
1526,119,3269,0.36556753516197205
1527,119,1551,0.36541977524757385
1528,119,3440,0.36539289355278015
1529,119,1214,0.3653784692287445
1530,119,2899,0.3653775751590729
1531,119,1834,0.36537444591522217
1532,119,3518,0.3653501272201538
1533,119,508,0.3653416037559509
1534,119,857,0.3652963936328888
1535,119,2061,0.36524975299835205
1536,119,2680,0.3652198910713196
1537,119,1820,0.36516261100769043
1538,119,1375,0.3651425540447235
1539,119,2024,0.36513185501098633
1540,119,417,0.3650280237197876
1541,119,1334,0.36500075459480286
1542,119,1239,0.36497437953948975
1543,119,2871,0.3648749589920044
1544,119,1789,0.36479511857032776
1545,119,960,0.3647668659687042
1546,119,2117,0.36465469002723694
1547,119,916,0.3646291494369507
1548,119,856,0.3645471930503845
1549,119,1637,0.3645385801792145
1550,119,1836,0.36441347002983093
1551,119,1655,0.3644125163555145
1552,119,3038,0.3643261194229126
1553,119,1166,0.36426156759262085
1554,119,683,0.36421793699264526
1555,119,2816,0.36413145065307617
1556,119,439,0.3640991449356079
1557,119,92,0.3640761077404022
1558,119,2588,0.36400318145751953
1559,119,3077,0.36379027366638184
1560,119,1477,0.36364439129829407
1561,119,583,0.36355236172676086
1562,119,1917,0.36347270011901855
1563,119,2027,0.36345770955085754
1564,119,2123,0.3634452521800995
1565,119,789,0.3633698523044586
1566,119,2716,0.3632214665412903
1567,119,2306,0.3631398379802704
1568,119,2315,0.36306655406951904
1569,119,1546,0.3630538582801819
1570,119,1788,0.36297619342803955
1571,119,268,0.36297544836997986
1572,119,1797,0.362904816865921
1573,119,1992,0.36276477575302124
1574,119,2418,0.3627006411552429
1575,119,1093,0.3626973330974579
1576,119,1716,0.36269411444664
1577,119,2110,0.36267757415771484
1578,119,3203,0.36267635226249695
1579,119,255,0.36265283823013306
1580,119,3421,0.36263054609298706
1581,119,1370,0.3624962866306305
1582,119,354,0.3624933660030365
1583,119,483,0.3624248802661896
1584,119,2191,0.3622819483280182
1585,119,1611,0.36218351125717163
1586,119,915,0.36216822266578674
1587,119,3329,0.36199048161506653
1588,119,1386,0.36192163825035095
1589,119,3287,0.3619154095649719
1590,119,552,0.3619145452976227
1591,119,2336,0.3617684245109558
1592,119,3306,0.3617555797100067
1593,119,243,0.36168020963668823
1594,119,761,0.3616601228713989
1595,119,914,0.36153459548950195
1596,119,2042,0.3615264892578125
1597,119,1599,0.3615095317363739
1598,119,596,0.36147481203079224
1599,119,109,0.36141547560691833
1600,119,948,0.3614041209220886
1601,119,2423,0.3613811731338501
1602,119,497,0.3613540828227997
1603,119,3243,0.3612896502017975
1604,119,764,0.3612729609012604
1605,119,3300,0.36124151945114136
1606,119,1572,0.3612041473388672
1607,119,413,0.3611438572406769
1608,119,2489,0.3609744608402252
1609,119,1837,0.36082711815834045
1610,119,2039,0.36080819368362427
1611,119,1264,0.3605862557888031
1612,119,3045,0.36054906249046326
1613,119,1189,0.3605213463306427
1614,119,1106,0.36040133237838745
1615,119,3062,0.3603303134441376
1616,119,372,0.3603062331676483
1617,119,2308,0.3602610230445862
1618,119,1564,0.36017268896102905
1619,119,547,0.3601706624031067
1620,119,2345,0.36014196276664734
1621,119,2368,0.36013489961624146
1622,119,884,0.36010196805000305
1623,119,1256,0.36008965969085693
1624,119,294,0.36001208424568176
1625,119,1786,0.35989460349082947
1626,119,1710,0.35987555980682373
1627,119,355,0.35986196994781494
1628,119,1841,0.35985007882118225
1629,119,2088,0.3598174452781677
1630,119,2785,0.35980531573295593
1631,119,3044,0.3597715198993683
1632,119,3030,0.3597472906112671
1633,119,1677,0.35964280366897583
1634,119,630,0.359464555978775
1635,119,1459,0.3594592213630676
1636,119,2695,0.3594585359096527
1637,119,72,0.3593860864639282
1638,119,749,0.3592384457588196
1639,119,1854,0.3592229187488556
1640,119,3049,0.3591577708721161
1641,119,430,0.3591085374355316
1642,119,1434,0.3590679168701172
1643,119,3230,0.35895681381225586
1644,119,3656,0.3589417040348053
1645,119,2773,0.3589315116405487
1646,119,254,0.35891270637512207
1647,119,1425,0.35891103744506836
1648,119,1350,0.3588571548461914
1649,119,3199,0.35885685682296753
1650,119,3561,0.3588431477546692
1651,119,3254,0.3588283658027649
1652,119,989,0.35882461071014404
1653,119,1879,0.35880759358406067
1654,119,1620,0.35873085260391235
1655,119,453,0.35871338844299316
1656,119,2778,0.35868969559669495
1657,119,3169,0.35868558287620544
1658,119,1697,0.35864511132240295
1659,119,262,0.3586421310901642
1660,119,1451,0.35854780673980713
1661,119,1643,0.3585136830806732
1662,119,1895,0.3584139049053192
1663,119,1641,0.3584062159061432
1664,119,2728,0.3581848740577698
1665,119,2750,0.3581380546092987
1666,119,479,0.35803326964378357
1667,119,2826,0.35798969864845276
1668,119,611,0.35796621441841125
1669,119,3083,0.3579612076282501
1670,119,283,0.35792237520217896
1671,119,1696,0.3579223155975342
1672,119,548,0.3578675389289856
1673,119,1156,0.35778486728668213
1674,119,1770,0.35777807235717773
1675,119,881,0.35770899057388306
1676,119,2698,0.35766032338142395
1677,119,833,0.357622355222702
1678,119,748,0.35760587453842163
1679,119,793,0.35751593112945557
1680,119,2689,0.3574913740158081
1681,119,2769,0.3574761152267456
1682,119,3185,0.3574727475643158
1683,119,3377,0.35746893286705017
1684,119,1918,0.3572097420692444
1685,119,106,0.35719969868659973
1686,119,1076,0.3571956157684326
1687,119,1720,0.3571799099445343
1688,119,1168,0.3571685254573822
1689,119,2876,0.357109397649765
1690,119,1259,0.35707685351371765
1691,119,1348,0.35703974962234497
1692,119,3036,0.35698002576828003
1693,119,3420,0.3569532036781311
1694,119,3026,0.35695016384124756
1695,119,1717,0.3569491505622864
1696,119,3542,0.35678163170814514
1697,119,3197,0.3567405045032501
1698,119,1449,0.35663384199142456
1699,119,969,0.3565913140773773
1700,119,3600,0.3565084934234619
1701,119,605,0.35650739073753357
1702,119,643,0.3564804494380951
1703,119,3338,0.35634082555770874
1704,119,2215,0.35621222853660583
1705,119,2279,0.3562031388282776
1706,119,3350,0.3561478853225708
1707,119,1320,0.3561294674873352
1708,119,3019,0.35612624883651733
1709,119,1765,0.3561190962791443
1710,119,2940,0.3561118245124817
1711,119,1737,0.35610300302505493
1712,119,1693,0.3561025559902191
1713,119,1666,0.3560938239097595
1714,119,2320,0.3560403287410736
1715,119,3496,0.35601338744163513
1716,119,3178,0.3559732139110565
1717,119,1804,0.355933278799057
1718,119,2869,0.35587257146835327
1719,119,2354,0.35586050152778625
1720,119,451,0.3558463752269745
1721,119,2112,0.35581621527671814
1722,119,2196,0.3555756211280823
1723,119,512,0.35554221272468567
1724,119,598,0.35552531480789185
1725,119,1306,0.35546866059303284
1726,119,710,0.3554053008556366
1727,119,394,0.3553421199321747
1728,119,798,0.3553154468536377
1729,119,1885,0.35529381036758423
1730,119,757,0.35524070262908936
1731,119,1469,0.3552137315273285
1732,119,1352,0.3552018105983734
1733,119,2857,0.3551248610019684
1734,119,1176,0.3550933301448822
1735,119,3303,0.35505661368370056
1736,119,1980,0.3550548553466797
1737,119,3559,0.35504430532455444
1738,119,2396,0.3549533188343048
1739,119,783,0.35493338108062744
1740,119,885,0.35486170649528503
1741,119,2923,0.35465583205223083
1742,119,1127,0.35464704036712646
1743,119,1661,0.3546213209629059
1744,119,435,0.35450586676597595
1745,119,632,0.3545026183128357
1746,119,544,0.3543801009654999
1747,119,662,0.35433563590049744
1748,119,2372,0.3541739881038666
1749,119,2719,0.35415950417518616
1750,119,1941,0.3540860712528229
1751,119,1943,0.3540828227996826
1752,119,1332,0.3540252149105072
1753,119,1947,0.35399332642555237
1754,119,1235,0.3539786636829376
1755,119,831,0.3538883328437805
1756,119,556,0.3538224995136261
1757,119,2161,0.3538168668746948
1758,119,2013,0.3537619411945343
1759,119,1908,0.3537619113922119
1760,119,1649,0.35371747612953186
1761,119,1803,0.35345879197120667
1762,119,1819,0.35339099168777466
1763,119,1618,0.35331252217292786
1764,119,2985,0.353310227394104
1765,119,319,0.3532707393169403
1766,119,2811,0.3532406985759735
1767,119,2302,0.3532238006591797
1768,119,1153,0.35319921374320984
1769,119,3181,0.35308611392974854
1770,119,505,0.35306233167648315
1771,119,2288,0.35305333137512207
1772,119,1363,0.3530101180076599
1773,119,367,0.35297656059265137
1774,119,2002,0.35286927223205566
1775,119,1373,0.3528604805469513
1776,119,2852,0.3528515100479126
1777,119,73,0.352817177772522
1778,119,790,0.3527276813983917
1779,119,402,0.3527032434940338
1780,119,1242,0.35269978642463684
1781,119,1629,0.35249820351600647
1782,119,2796,0.3524210751056671
1783,119,3407,0.35241517424583435
1784,119,379,0.3522736132144928
1785,119,1706,0.3522146940231323
1786,119,667,0.35218244791030884
1787,119,2755,0.35217952728271484
1788,119,306,0.3521461486816406
1789,119,677,0.3520892262458801
1790,119,2790,0.3520376682281494
1791,119,2949,0.3520206809043884
1792,119,3092,0.3519982099533081
1793,119,568,0.3519096076488495
1794,119,2824,0.3518509566783905
1795,119,468,0.3518427610397339
1796,119,1753,0.351824551820755
1797,119,3020,0.35175514221191406
1798,119,3082,0.3517344295978546
1799,119,2054,0.3517305254936218
1800,119,3577,0.3517179787158966
1801,119,2968,0.3516550064086914
1802,119,1237,0.35165390372276306
1803,119,775,0.351587176322937
1804,119,1861,0.3515525460243225
1805,119,1937,0.35152170062065125
1806,119,2175,0.3514857590198517
1807,119,3157,0.3513879179954529
1808,119,2171,0.3513747751712799
1809,119,2526,0.3513384163379669
1810,119,1731,0.3513278067111969
1811,119,2436,0.35126993060112
1812,119,590,0.3510814905166626
1813,119,1228,0.3510378301143646
1814,119,760,0.35096535086631775
1815,119,1133,0.3509616553783417
1816,119,739,0.35095274448394775
1817,119,432,0.3508710563182831
1818,119,2105,0.3508363366127014
1819,119,2443,0.3506920635700226
1820,119,1913,0.3506866693496704
1821,119,3575,0.350566029548645
1822,119,2104,0.3505454957485199
1823,119,1698,0.3505271077156067
1824,119,467,0.35045215487480164
1825,119,2283,0.3504081666469574
1826,119,2986,0.3503020405769348
1827,119,323,0.35028862953186035
1828,119,3371,0.35026246309280396
1829,119,2392,0.3501792848110199
1830,119,1713,0.35015180706977844
1831,119,1573,0.3501099646091461
1832,119,2163,0.3500896096229553
1833,119,25,0.3500671684741974
1834,119,2180,0.35005316138267517
1835,119,3183,0.34999293088912964
1836,119,2629,0.3499910235404968
1837,119,2772,0.3499080240726471
1838,119,1290,0.34990498423576355
1839,119,2922,0.34990009665489197
1840,119,1161,0.3498937785625458
1841,119,3578,0.349842369556427
1842,119,872,0.34980684518814087
1843,119,2461,0.3495839238166809
1844,119,701,0.34952813386917114
1845,119,1072,0.3494601845741272
1846,119,696,0.34942594170570374
1847,119,3351,0.34940940141677856
1848,119,204,0.34934738278388977
1849,119,682,0.3493390679359436
1850,119,1762,0.3493095934391022
1851,119,3177,0.34919223189353943
1852,119,2671,0.3491620421409607
1853,119,1877,0.3491557240486145
1854,119,1281,0.34911006689071655
1855,119,2547,0.3490504324436188
1856,119,1172,0.34902480244636536
1857,119,676,0.3489743769168854
1858,119,3636,0.3489367663860321
1859,119,137,0.34893542528152466
1860,119,1900,0.3488982021808624
1861,119,1488,0.3488410413265228
1862,119,1933,0.348686546087265
1863,119,1936,0.34867897629737854
1864,119,2575,0.3484811782836914
1865,119,3085,0.34846243262290955
1866,119,829,0.34843742847442627
1867,119,1554,0.3483341634273529
1868,119,1323,0.3482990562915802
1869,119,2520,0.34822985529899597
1870,119,1346,0.3482246696949005
1871,119,3509,0.34819141030311584
1872,119,2228,0.3480967581272125
1873,119,2582,0.3480759859085083
1874,119,2726,0.34799930453300476
1875,119,2103,0.34799230098724365
1876,119,1195,0.34798792004585266
1877,119,3221,0.3479483723640442
1878,119,1517,0.3479265868663788
1879,119,484,0.3479127287864685
1880,119,2309,0.3478945195674896
1881,119,1733,0.3478521406650543
1882,119,2183,0.34780436754226685
1883,119,2643,0.34767839312553406
1884,119,2119,0.34767553210258484
1885,119,693,0.34764230251312256
1886,119,2033,0.3476138710975647
1887,119,2904,0.3475993573665619
1888,119,2264,0.34759339690208435
1889,119,2094,0.34756651520729065
1890,119,2011,0.34753432869911194
1891,119,3330,0.34746333956718445
1892,119,3443,0.34746047854423523
1893,119,2877,0.3474378287792206
1894,119,2562,0.3473387062549591
1895,119,126,0.347333163022995
1896,119,812,0.34732964634895325
1897,119,1795,0.34716400504112244
1898,119,2931,0.3471328318119049
1899,119,874,0.34712937474250793
1900,119,2889,0.34709876775741577
1901,119,1509,0.34706994891166687
1902,119,993,0.3470199406147003
1903,119,1678,0.34698233008384705
1904,119,3184,0.3467458188533783
1905,119,1779,0.34674572944641113
1906,119,309,0.3467377722263336
1907,119,170,0.34671616554260254
1908,119,2888,0.34669598937034607
1909,119,800,0.3466738760471344
1910,119,401,0.34649577736854553
1911,119,1851,0.3464789092540741
1912,119,270,0.3464518189430237
1913,119,419,0.34644410014152527
1914,119,1395,0.34629324078559875
1915,119,2501,0.34617364406585693
1916,119,441,0.34611573815345764
1917,119,2403,0.34603220224380493
1918,119,3435,0.34601810574531555
1919,119,148,0.34596535563468933
1920,119,1929,0.34593361616134644
1921,119,1448,0.34588921070098877
1922,119,3598,0.34588372707366943
1923,119,2319,0.3457205593585968
1924,119,3264,0.34565985202789307
1925,119,1284,0.3455820679664612
1926,119,155,0.34555956721305847
1927,119,2176,0.345488041639328
1928,119,2407,0.3454872667789459
1929,119,988,0.34545934200286865
1930,119,1497,0.34542062878608704
1931,119,3224,0.3453861474990845
1932,119,2533,0.3453594148159027
1933,119,2829,0.34530481696128845
1934,119,2046,0.3452620804309845
1935,119,2452,0.34511664509773254
1936,119,491,0.3451108932495117
1937,119,2284,0.3450387120246887
1938,119,1082,0.34502464532852173
1939,119,2753,0.3449340760707855
1940,119,880,0.34489181637763977
1941,119,2751,0.3448518216609955
1942,119,1377,0.3448364734649658
1943,119,2662,0.3448169529438019
1944,119,3390,0.34473133087158203
1945,119,3585,0.34473079442977905
1946,119,1303,0.34467074275016785
1947,119,3102,0.3446615934371948
1948,119,1942,0.3446168601512909
1949,119,832,0.34448936581611633
1950,119,545,0.3444705605506897
1951,119,3562,0.34440499544143677
1952,119,1440,0.34437525272369385
1953,119,737,0.34423530101776123
1954,119,1670,0.344206839799881
1955,119,2675,0.34416672587394714
1956,119,661,0.3441599905490875
1957,119,284,0.3440926671028137
1958,119,1441,0.34403878450393677
1959,119,425,0.34399324655532837
1960,119,717,0.34397807717323303
1961,119,2289,0.34394821524620056
1962,119,1482,0.3439147472381592
1963,119,2713,0.34374701976776123
1964,119,2735,0.343732088804245
1965,119,1238,0.34372609853744507
1966,119,1030,0.3437146842479706
1967,119,3298,0.34365135431289673
1968,119,1606,0.3436221480369568
1969,119,102,0.34352391958236694
1970,119,2757,0.3435109555721283
1971,119,3547,0.34342139959335327
1972,119,852,0.3434211015701294
1973,119,3270,0.34340178966522217
1974,119,443,0.34321823716163635
1975,119,1204,0.34321409463882446
1976,119,3526,0.3431945741176605
1977,119,3545,0.34311768412590027
1978,119,2410,0.34285539388656616
1979,119,750,0.34280598163604736
1980,119,3554,0.34270986914634705
1981,119,3296,0.34269633889198303
1982,119,1892,0.34269383549690247
1983,119,3172,0.3426664173603058
1984,119,756,0.3426314890384674
1985,119,396,0.3425997793674469
1986,119,781,0.3425990045070648
1987,119,506,0.34251755475997925
1988,119,2462,0.3425006866455078
1989,119,3571,0.34249746799468994
1990,119,503,0.3424778878688812
1991,119,3621,0.34240370988845825
1992,119,3277,0.3423987030982971
1993,119,3397,0.34233030676841736
1994,119,3260,0.3422659933567047
1995,119,1387,0.34209713339805603
1996,119,3393,0.34200340509414673
1997,119,3580,0.3419889509677887
1998,119,2777,0.34198838472366333
1999,119,472,0.34194883704185486
2000,119,1636,0.34193724393844604
2001,119,658,0.3418402671813965
2002,119,1887,0.34182214736938477
2003,119,779,0.3417937159538269
2004,119,3473,0.3417413532733917
2005,119,2358,0.34173545241355896
2006,119,2356,0.34173545241355896
2007,119,930,0.34169214963912964
2008,119,2296,0.34166356921195984
2009,119,456,0.34142881631851196
2010,119,2292,0.3414119482040405
2011,119,2625,0.3414079248905182
2012,119,3072,0.34136340022087097
2013,119,3369,0.34134772419929504
2014,119,2916,0.341322124004364
2015,119,1911,0.34129101037979126
2016,119,3391,0.3412076532840729
2017,119,368,0.3412074148654938
2018,119,225,0.34107705950737
2019,119,2006,0.3409802317619324
2020,119,1738,0.34096673130989075
2021,119,1893,0.3409467041492462
2022,119,428,0.3409172296524048
2023,119,2400,0.34091272950172424
2024,119,3400,0.3408871293067932
2025,119,377,0.3408655524253845
2026,119,3304,0.34086406230926514
2027,119,1134,0.34082990884780884
2028,119,1991,0.3408021926879883
2029,119,1326,0.34073787927627563
2030,119,42,0.3407190442085266
2031,119,49,0.3406810164451599
2032,119,2756,0.3406311571598053
2033,119,774,0.34055206179618835
2034,119,312,0.3405092656612396
2035,119,1211,0.3404492139816284
2036,119,2208,0.3404445946216583
2037,119,493,0.3403905928134918
2038,119,3059,0.3403710424900055
2039,119,2270,0.340364933013916
2040,119,1192,0.3403141498565674
2041,119,3119,0.3403005599975586
2042,119,3536,0.34029942750930786
2043,119,1855,0.34029048681259155
2044,119,2382,0.3400724530220032
2045,119,655,0.34004512429237366
2046,119,1690,0.3400058448314667
2047,119,3574,0.33990904688835144
2048,119,1673,0.33989331126213074
2049,119,2115,0.33984220027923584
2050,119,2411,0.3396341800689697
2051,119,1036,0.3396320939064026
2052,119,937,0.33955517411231995
2053,119,2936,0.3395415246486664
2054,119,1999,0.3395252525806427
2055,119,2783,0.3395129144191742
2056,119,1380,0.339511513710022
2057,119,3579,0.33946478366851807
2058,119,1174,0.33945977687835693
2059,119,1777,0.33943358063697815
2060,119,2802,0.3394217789173126
2061,119,2715,0.33923906087875366
2062,119,2314,0.3392256498336792
2063,119,3653,0.33920422196388245
2064,119,2459,0.33916136622428894
2065,119,3299,0.3390524685382843
2066,119,2586,0.3390418291091919
2067,119,1520,0.3387332558631897
2068,119,426,0.3387153446674347
2069,119,1037,0.3387088477611542
2070,119,3565,0.3387032747268677
2071,119,1311,0.33859169483184814
2072,119,2988,0.3385336399078369
2073,119,2645,0.3384751081466675
2074,119,271,0.338187575340271
2075,119,3226,0.3380989134311676
2076,119,1318,0.33808284997940063
2077,119,3312,0.3379133641719818
2078,119,3267,0.33773425221443176
2079,119,436,0.33772093057632446
2080,119,266,0.3376658260822296
2081,119,2301,0.33764639496803284
2082,119,469,0.3376409709453583
2083,119,193,0.33761662244796753
2084,119,2667,0.3375331163406372
2085,119,77,0.33745530247688293
2086,119,3206,0.33733436465263367
2087,119,195,0.3371838331222534
2088,119,185,0.33717936277389526
2089,119,2917,0.33711889386177063
2090,119,280,0.3370226323604584
2091,119,1041,0.33696499466896057
2092,119,462,0.33684563636779785
2093,119,198,0.33677780628204346
2094,119,686,0.33672016859054565
2095,119,122,0.3366585373878479
2096,119,695,0.336617648601532
2097,119,362,0.3365965485572815
2098,119,3301,0.33654311299324036
2099,119,2942,0.3365336060523987
2100,119,2350,0.3365246057510376
2101,119,524,0.3364872336387634
2102,119,1040,0.3364218771457672
2103,119,1098,0.3364192843437195
2104,119,1657,0.33637669682502747
2105,119,1420,0.33632686734199524
2106,119,2340,0.33631399273872375
2107,119,2147,0.3362947106361389
2108,119,1832,0.33629050850868225
2109,119,634,0.33625033497810364
2110,119,1902,0.33617743849754333
2111,119,1438,0.33605366945266724
2112,119,157,0.3360298275947571
2113,119,2690,0.3359936773777008
2114,119,111,0.33598554134368896
2115,119,3601,0.33597347140312195
2116,119,1321,0.33591145277023315
2117,119,2220,0.33590781688690186
2118,119,2272,0.3358868956565857
2119,119,2570,0.3358415365219116
2120,119,1978,0.33583778142929077
2121,119,657,0.3357718586921692
2122,119,1115,0.3357451260089874
2123,119,2291,0.3356766402721405
2124,119,729,0.3356733024120331
2125,119,53,0.33565670251846313
2126,119,2627,0.33565640449523926
2127,119,2514,0.33565640449523926
2128,119,52,0.33565157651901245
2129,119,1061,0.33560171723365784
2130,119,3308,0.33554089069366455
2131,119,2097,0.33536097407341003
2132,119,2578,0.33535653352737427
2133,119,3520,0.33534476161003113
2134,119,642,0.3352796733379364
2135,119,1394,0.3352373540401459
2136,119,3581,0.3352244794368744
2137,119,546,0.3351885974407196
2138,119,3527,0.33510738611221313
2139,119,495,0.3350856304168701
2140,119,688,0.3350614607334137
2141,119,1055,0.3348843455314636
2142,119,3261,0.33483776450157166
2143,119,1198,0.3347504436969757
2144,119,2261,0.33473941683769226
2145,119,848,0.33473488688468933
2146,119,1355,0.33466118574142456
2147,119,2989,0.3346439003944397
2148,119,91,0.33457863330841064
2149,119,2542,0.33453369140625
2150,119,1164,0.3345244526863098
2151,119,150,0.33447274565696716
2152,119,3133,0.3343680202960968
2153,119,1952,0.3343660533428192
2154,119,2491,0.3343183994293213
2155,119,1184,0.3343173563480377
2156,119,3208,0.3342849016189575
2157,119,3256,0.3342691659927368
2158,119,1571,0.334192156791687
2159,119,3315,0.33413761854171753
2160,119,2952,0.3340584337711334
2161,119,1383,0.33404940366744995
2162,119,2342,0.33400824666023254
2163,119,1435,0.33400824666023254
2164,119,2910,0.33400824666023254
2165,119,1475,0.33400824666023254
2166,119,747,0.33400824666023254
2167,119,1506,0.33400824666023254
2168,119,1523,0.33400824666023254
2169,119,1470,0.33400824666023254
2170,119,3497,0.33400824666023254
2171,119,1439,0.33400824666023254
2172,119,769,0.33400824666023254
2173,119,1463,0.33400824666023254
2174,119,703,0.33400824666023254
2175,119,3479,0.33400824666023254
2176,119,1524,0.33400824666023254
2177,119,2070,0.33400824666023254
2178,119,1535,0.33400824666023254
2179,119,2060,0.33400824666023254
2180,119,2149,0.33400824666023254
2181,119,3499,0.33400824666023254
2182,119,1966,0.33400824666023254
2183,119,1744,0.33400824666023254
2184,119,822,0.33400824666023254
2185,119,2153,0.33400824666023254
2186,119,2969,0.33400824666023254
2187,119,2273,0.33400824666023254
2188,119,1946,0.33400824666023254
2189,119,1553,0.33400824666023254
2190,119,2265,0.33400824666023254
2191,119,2274,0.33400824666023254
2192,119,1491,0.33400824666023254
2193,119,1843,0.33400824666023254
2194,119,1486,0.33400824666023254
2195,119,2144,0.33400824666023254
2196,119,171,0.33400824666023254
2197,119,1485,0.33400824666023254
2198,119,3502,0.33400824666023254
2199,119,787,0.33400824666023254
2200,119,2896,0.33400824666023254
2201,119,3566,0.33400824666023254
2202,119,3501,0.33400824666023254
2203,119,744,0.33400824666023254
2204,119,322,0.33400824666023254
2205,119,2707,0.3339826762676239
2206,119,714,0.33396056294441223
2207,119,1083,0.33391764760017395
2208,119,1148,0.33389416337013245
2209,119,2377,0.3338073492050171
2210,119,1996,0.33377769589424133
2211,119,3427,0.33365464210510254
2212,119,2482,0.3336392343044281
2213,119,3382,0.33363309502601624
2214,119,2347,0.33362746238708496
2215,119,3214,0.3335604965686798
2216,119,2768,0.33354994654655457
2217,119,1894,0.3335410952568054
2218,119,2805,0.33350953459739685
2219,119,1886,0.33348220586776733
2220,119,1852,0.33347469568252563
2221,119,1763,0.3334592282772064
2222,119,1784,0.33336392045021057
2223,119,746,0.33329758048057556
2224,119,1468,0.33329105377197266
2225,119,488,0.3332447409629822
2226,119,2066,0.333232045173645
2227,119,664,0.3332004249095917
2228,119,1372,0.33317136764526367
2229,119,222,0.3331533968448639
2230,119,27,0.3331400454044342
2231,119,409,0.33313894271850586
2232,119,281,0.3331373929977417
2233,119,336,0.3330570161342621
2234,119,2333,0.3330552875995636
2235,119,2860,0.3330550491809845
2236,119,2415,0.33303210139274597
2237,119,438,0.33301669359207153
2238,119,3043,0.3330024182796478
2239,119,1901,0.33295419812202454
2240,119,716,0.33295249938964844
2241,119,2932,0.33289647102355957
2242,119,520,0.33277538418769836
2243,119,3182,0.33271658420562744
2244,119,1302,0.3326942026615143
2245,119,2304,0.3326103687286377
2246,119,3168,0.33248093724250793
2247,119,433,0.3323986232280731
2248,119,2151,0.33231213688850403
2249,119,233,0.33227354288101196
2250,119,2091,0.33225756883621216
2251,119,623,0.3321855962276459
2252,119,3384,0.3321840763092041
2253,119,1308,0.332140177488327
2254,119,3429,0.332113116979599
2255,119,3225,0.33205583691596985
2256,119,2589,0.33203983306884766
2257,119,1157,0.3320212662220001
2258,119,767,0.33201199769973755
2259,119,821,0.33200526237487793
2260,119,244,0.33199024200439453
2261,119,2848,0.3319348990917206
2262,119,1859,0.3319234251976013
2263,119,1405,0.3318600058555603
2264,119,1226,0.3317447304725647
2265,119,1626,0.3316636085510254
2266,119,1293,0.3316189646720886
2267,119,811,0.3315703570842743
2268,119,445,0.33148303627967834
2269,119,2327,0.3314819931983948
2270,119,3531,0.33137235045433044
2271,119,235,0.3313196003437042
2272,119,805,0.3312694728374481
2273,119,1954,0.3312222957611084
2274,119,652,0.3311880826950073
2275,119,708,0.33118125796318054
2276,119,1985,0.3311117887496948
2277,119,3255,0.3310908079147339
2278,119,2120,0.33108755946159363
2279,119,3276,0.33104434609413147
2280,119,1939,0.3309768736362457
2281,119,1582,0.3309617340564728
2282,119,1218,0.3308323323726654
2283,119,342,0.330812007188797
2284,119,2655,0.3307999074459076
2285,119,3104,0.33076420426368713
2286,119,1631,0.33073943853378296
2287,119,3408,0.330712229013443
2288,119,1983,0.3306953012943268
2289,119,2062,0.3306747376918793
2290,119,924,0.3306557536125183
2291,119,3615,0.33062630891799927
2292,119,2371,0.33062490820884705
2293,119,762,0.3304659426212311
2294,119,2098,0.33046114444732666
2295,119,2221,0.33037513494491577
2296,119,1752,0.3303406238555908
2297,119,1653,0.33031660318374634
2298,119,2154,0.33028650283813477
2299,119,2211,0.33023422956466675
2300,119,1315,0.3302188813686371
2301,119,694,0.33019423484802246
2302,119,654,0.33019423484802246
2303,119,300,0.3301227390766144
2304,119,2348,0.3301190733909607
2305,119,2257,0.33000215888023376
2306,119,2642,0.32994773983955383
2307,119,1695,0.32990744709968567
2308,119,1812,0.3298792839050293
2309,119,1043,0.3298255503177643
2310,119,2673,0.32976874709129333
2311,119,2106,0.32976552844047546
2312,119,3629,0.32971084117889404
2313,119,415,0.32970529794692993
2314,119,763,0.3297048807144165
2315,119,665,0.32969945669174194
2316,119,835,0.3296879529953003
2317,119,612,0.32962343096733093
2318,119,1353,0.32954469323158264
2319,119,3025,0.32951465249061584
2320,119,2947,0.32948270440101624
2321,119,1633,0.3294607102870941
2322,119,3374,0.32942572236061096
2323,119,3441,0.3294249475002289
2324,119,625,0.3293921947479248
2325,119,1294,0.3293100595474243
2326,119,1956,0.3292839229106903
2327,119,2865,0.32927659153938293
2328,119,3544,0.3292439579963684
2329,119,1667,0.32923322916030884
2330,119,2360,0.32921984791755676
2331,119,628,0.32919996976852417
2332,119,1761,0.3291487693786621
2333,119,298,0.3290158212184906
2334,119,3515,0.329010009765625
2335,119,1989,0.32900270819664
2336,119,1959,0.32898417115211487
2337,119,2724,0.3289816677570343
2338,119,1322,0.3289678394794464
2339,119,1241,0.32893940806388855
2340,119,3560,0.3289365768432617
2341,119,1639,0.3289235830307007
2342,119,1196,0.32887744903564453
2343,119,2529,0.3288637101650238
2344,119,3532,0.3288574516773224
2345,119,3253,0.3288472294807434
2346,119,1317,0.32882773876190186
2347,119,839,0.3286411762237549
2348,119,1085,0.32861506938934326
2349,119,410,0.3286064863204956
2350,119,3403,0.32854318618774414
2351,119,3179,0.3285389840602875
2352,119,3233,0.3284195065498352
2353,119,2548,0.3284182846546173
2354,119,376,0.32840147614479065
2355,119,2803,0.32832983136177063
2356,119,2433,0.32831481099128723
2357,119,2838,0.32825472950935364
2358,119,1800,0.32822132110595703
2359,119,3333,0.3281504809856415
2360,119,1205,0.32814860343933105
2361,119,2313,0.3281172215938568
2362,119,3517,0.3281087875366211
2363,119,2298,0.3280203342437744
2364,119,2402,0.32797324657440186
2365,119,753,0.3279664218425751
2366,119,2749,0.3277098536491394
2367,119,2434,0.32769665122032166
2368,119,337,0.3275381326675415
2369,119,1339,0.32752376794815063
2370,119,1829,0.327457457780838
2371,119,626,0.3274378478527069
2372,119,2930,0.3274112045764923
2373,119,1970,0.3273875117301941
2374,119,3332,0.32733529806137085
2375,119,1223,0.32729849219322205
2376,119,361,0.32727545499801636
2377,119,2650,0.3271801769733429
2378,119,2213,0.3271331787109375
2379,119,1839,0.3270752429962158
2380,119,1324,0.3269863724708557
2381,119,1349,0.3269587457180023
2382,119,2008,0.32692432403564453
2383,119,1340,0.32688799500465393
2384,119,1234,0.3268462121486664
2385,119,363,0.3267556428909302
2386,119,289,0.3266502320766449
2387,119,3286,0.32662761211395264
2388,119,3098,0.32640591263771057
2389,119,404,0.3263634443283081
2390,119,1221,0.32627639174461365
2391,119,3028,0.3262726664543152
2392,119,1591,0.32625722885131836
2393,119,2034,0.32625141739845276
2394,119,182,0.3262162208557129
2395,119,1513,0.32620909810066223
2396,119,565,0.3261967897415161
2397,119,2925,0.3261829912662506
2398,119,2189,0.3261672556400299
2399,119,3459,0.32613110542297363
2400,119,1304,0.3261076509952545
2401,119,498,0.3260584771633148
2402,119,2383,0.32601800560951233
2403,119,138,0.3259785771369934
2404,119,2074,0.3259653151035309
2405,119,836,0.32590949535369873
2406,119,855,0.3258567154407501
2407,119,3284,0.32585039734840393
2408,119,3348,0.32585039734840393
2409,119,3392,0.3258068859577179
2410,119,1458,0.3257831037044525
2411,119,1471,0.32574522495269775
2412,119,2210,0.3257273733615875
2413,119,671,0.3256467580795288
2414,119,2761,0.32552772760391235
2415,119,1181,0.3254035711288452
2416,119,2564,0.3253527581691742
2417,119,1910,0.3252919912338257
2418,119,616,0.32527345418930054
2419,119,3406,0.3252176344394684
2420,119,861,0.3251045346260071
2421,119,156,0.3250574469566345
2422,119,709,0.3250526785850525
2423,119,1146,0.32494959235191345
2424,119,1390,0.3249290883541107
2425,119,2399,0.32489922642707825
2426,119,1676,0.3247919976711273
2427,119,3450,0.3247390389442444
2428,119,740,0.3246976435184479
2429,119,1630,0.3245176672935486
2430,119,1203,0.3244728744029999
2431,119,3444,0.32446202635765076
2432,119,862,0.32445642352104187
2433,119,1262,0.32440802454948425
2434,119,2906,0.3243836462497711
2435,119,1437,0.32428938150405884
2436,119,3162,0.3242436945438385
2437,119,2460,0.32422658801078796
2438,119,1727,0.32416990399360657
2439,119,2856,0.3240419030189514
2440,119,1845,0.32399478554725647
2441,119,2525,0.32389119267463684
2442,119,660,0.3238765597343445
2443,119,1705,0.3238740861415863
2444,119,3481,0.32382237911224365
2445,119,770,0.3236314058303833
2446,119,3399,0.32355988025665283
2447,119,440,0.32352766394615173
2448,119,2808,0.3233500123023987
2449,119,3573,0.32325810194015503
2450,119,273,0.32318803668022156
2451,119,3070,0.3231765329837799
2452,119,1229,0.32317212224006653
2453,119,3648,0.32316213846206665
2454,119,3173,0.3230152726173401
2455,119,2079,0.3229960501194
2456,119,1364,0.32298022508621216
2457,119,1179,0.32291677594184875
2458,119,3642,0.32284867763519287
2459,119,424,0.3227619528770447
2460,119,651,0.3227202594280243
2461,119,3124,0.32266679406166077
2462,119,2935,0.3226620852947235
2463,119,3608,0.32258838415145874
2464,119,21,0.32252147793769836
2465,119,3432,0.3224301338195801
2466,119,3654,0.32241150736808777
2467,119,3402,0.322404682636261
2468,119,2697,0.3223592936992645
2469,119,1924,0.3223531246185303
2470,119,23,0.32226860523223877
2471,119,1026,0.3222549557685852
2472,119,1154,0.32223281264305115
2473,119,597,0.3222145438194275
2474,119,61,0.32215192914009094
2475,119,3416,0.3221015930175781
2476,119,3430,0.32206588983535767
2477,119,3398,0.3220563232898712
2478,119,2471,0.3220529556274414
2479,119,1032,0.32201045751571655
2480,119,161,0.322000652551651
2481,119,2141,0.3218591511249542
2482,119,476,0.3218587338924408
2483,119,3009,0.32161831855773926
2484,119,3546,0.3214704394340515
2485,119,3370,0.32131844758987427
2486,119,2133,0.3211701512336731
2487,119,1201,0.3211493492126465
2488,119,2939,0.3210986256599426
2489,119,1081,0.32099613547325134
2490,119,1279,0.32092756032943726
2491,119,870,0.3209012746810913
2492,119,3305,0.3208630681037903
2493,119,1578,0.3207947313785553
2494,119,796,0.3207452595233917
2495,119,3486,0.3207366466522217
2496,119,933,0.3207232356071472
2497,119,633,0.3206786811351776
2498,119,867,0.32064032554626465
2499,119,3434,0.3206292986869812
2500,119,1433,0.320622056722641
2501,119,2879,0.3205184042453766
2502,119,317,0.3205060660839081
2503,119,455,0.3204754889011383
2504,119,1233,0.3204536437988281
2505,119,1224,0.32026827335357666
2506,119,2841,0.32019203901290894
2507,119,3056,0.3201672434806824
2508,119,3594,0.32009992003440857
2509,119,146,0.3200879395008087
2510,119,347,0.3200078010559082
2511,119,1882,0.3199262320995331
2512,119,615,0.31991976499557495
2513,119,3587,0.31978821754455566
2514,119,2312,0.319742888212204
2515,119,2440,0.3196330964565277
2516,119,2858,0.3196065425872803
2517,119,241,0.31957417726516724
2518,119,267,0.31953200697898865
2519,119,3556,0.31951507925987244
2520,119,3628,0.3193756937980652
2521,119,1,0.31932172179222107
2522,119,2000,0.3192807137966156
2523,119,771,0.3192070722579956
2524,119,1075,0.31919366121292114
2525,119,3521,0.3191116750240326
2526,119,1190,0.31904298067092896
2527,119,3237,0.31901514530181885
2528,119,3525,0.31898239254951477
2529,119,2111,0.3189444839954376
2530,119,1751,0.31891849637031555
2531,119,197,0.31884655356407166
2532,119,2364,0.31881675124168396
2533,119,331,0.3187299966812134
2534,119,3503,0.3186468482017517
2535,119,2225,0.3186452090740204
2536,119,3337,0.3185829520225525
2537,119,1062,0.3185771405696869
2538,119,1254,0.3185574412345886
2539,119,2337,0.31854841113090515
2540,119,2136,0.3185347616672516
2541,119,1268,0.3185111880302429
2542,119,1108,0.31850215792655945
2543,119,2201,0.3184617757797241
2544,119,2509,0.3184087574481964
2545,119,2485,0.3182653486728668
2546,119,3463,0.3182370662689209
2547,119,2134,0.3181695342063904
2548,119,3596,0.31806233525276184
2549,119,2361,0.31801238656044006
2550,119,110,0.3180064857006073
2551,119,2616,0.31793510913848877
2552,119,554,0.31790417432785034
2553,119,732,0.31781429052352905
2554,119,7,0.31775858998298645
2555,119,878,0.3176887035369873
2556,119,2701,0.3176816403865814
2557,119,1899,0.3176082372665405
2558,119,489,0.31753721833229065
2559,119,2085,0.31742429733276367
2560,119,1450,0.3173791170120239
2561,119,154,0.31735774874687195
2562,119,358,0.31730762124061584
2563,119,3607,0.31729602813720703
2564,119,1170,0.31725433468818665
2565,119,486,0.31722497940063477
2566,119,2847,0.31716254353523254
2567,119,2791,0.3170419931411743
2568,119,2523,0.3170158565044403
2569,119,1940,0.3170130252838135
2570,119,454,0.3169878125190735
2571,119,1068,0.31695061922073364
2572,119,1379,0.3168812394142151
2573,119,3611,0.31681838631629944
2574,119,2530,0.3167775869369507
2575,119,3492,0.3167110085487366
2576,119,1875,0.3166567087173462
2577,119,743,0.31664571166038513
2578,119,452,0.31662583351135254
2579,119,2718,0.3166145086288452
2580,119,231,0.3165976107120514
2581,119,1064,0.3165796995162964
2582,119,869,0.3165334165096283
2583,119,2495,0.3165052831172943
2584,119,644,0.3164913058280945
2585,119,1180,0.31648457050323486
2586,119,1964,0.31645703315734863
2587,119,1419,0.3164387047290802
2588,119,1338,0.3163214921951294
2589,119,2326,0.3161294758319855
2590,119,55,0.3161190450191498
2591,119,3198,0.3160516321659088
2592,119,827,0.31597959995269775
2593,119,3516,0.3159589171409607
2594,119,2764,0.31594905257225037
2595,119,3120,0.3159193992614746
2596,119,2216,0.3158493638038635
2597,119,3539,0.3158029019832611
2598,119,3622,0.31569939851760864
2599,119,3411,0.31566256284713745
2600,119,561,0.3156561553478241
2601,119,637,0.31545260548591614
2602,119,1209,0.315388947725296
2603,119,2437,0.31527936458587646
2604,119,721,0.3152793347835541
2605,119,2378,0.3152550756931305
2606,119,1271,0.3152540624141693
2607,119,2938,0.31514814496040344
2608,119,1514,0.3151378929615021
2609,119,3125,0.3150630295276642
2610,119,153,0.3150613605976105
2611,119,2837,0.3150427043437958
2612,119,1907,0.31496039032936096
2613,119,3152,0.3149111866950989
2614,119,1584,0.31487447023391724
2615,119,2661,0.3148157000541687
2616,119,1101,0.3148118853569031
2617,119,411,0.3147191107273102
2618,119,2223,0.31470251083374023
2619,119,232,0.31460702419281006
2620,119,3257,0.3145819306373596
2621,119,259,0.31450843811035156
2622,119,3050,0.31447306275367737
2623,119,79,0.31447193026542664
2624,119,1104,0.3144530951976776
2625,119,2681,0.31444844603538513
2626,119,38,0.3144245445728302
2627,119,2160,0.3143827021121979
2628,119,1163,0.31438136100769043
2629,119,3543,0.3143218159675598
2630,119,646,0.3143099844455719
2631,119,1034,0.3143077790737152
2632,119,58,0.3142944574356079
2633,119,1722,0.3142832815647125
2634,119,32,0.3142634630203247
2635,119,3469,0.3142622709274292
2636,119,3483,0.31424564123153687
2637,119,3395,0.31423887610435486
2638,119,3228,0.31423455476760864
2639,119,2379,0.31419816613197327
2640,119,3336,0.31409910321235657
2641,119,1060,0.3140510320663452
2642,119,473,0.3139764964580536
2643,119,3540,0.3139035403728485
2644,119,3109,0.3137960731983185
2645,119,1997,0.3137850761413574
2646,119,792,0.31378069519996643
2647,119,2375,0.3137376606464386
2648,119,3647,0.3136660158634186
2649,119,224,0.31355953216552734
2650,119,2470,0.3134957253932953
2651,119,2788,0.3134344220161438
2652,119,1429,0.3134251534938812
2653,119,602,0.3131989538669586
2654,119,3265,0.31298133730888367
2655,119,1574,0.31295108795166016
2656,119,217,0.31288254261016846
2657,119,1033,0.3128524124622345
2658,119,1084,0.3128407895565033
2659,119,3472,0.312824010848999
2660,119,2786,0.3128029406070709
2661,119,3567,0.3125358819961548
2662,119,75,0.31250903010368347
2663,119,1807,0.3124654293060303
2664,119,684,0.3124522268772125
2665,119,1191,0.3124472498893738
2666,119,1158,0.3124360144138336
2667,119,2836,0.31241804361343384
2668,119,22,0.3123778998851776
2669,119,1328,0.3123730421066284
2670,119,2730,0.312358558177948
2671,119,2135,0.3123568296432495
2672,119,407,0.31234970688819885
2673,119,2657,0.31231600046157837
2674,119,1688,0.3122756779193878
2675,119,3099,0.3122679591178894
2676,119,647,0.3122439682483673
2677,119,1541,0.31222477555274963
2678,119,50,0.3121950030326843
2679,119,724,0.3120773136615753
2680,119,2293,0.3120681047439575
2681,119,140,0.3120664656162262
2682,119,239,0.3120076358318329
2683,119,1703,0.31194406747817993
2684,119,1149,0.31190165877342224
2685,119,481,0.31189534068107605
2686,119,1481,0.3118486702442169
2687,119,649,0.31172505021095276
2688,119,599,0.31170281767845154
2689,119,2617,0.3116491734981537
2690,119,1931,0.311579167842865
2691,119,3564,0.31156593561172485
2692,119,1367,0.311525821685791
2693,119,555,0.3115123510360718
2694,119,3211,0.3113194704055786
2695,119,114,0.3112601637840271
2696,119,447,0.3112412393093109
2697,119,3504,0.31123873591423035
2698,119,2822,0.31118160486221313
2699,119,843,0.31115418672561646
2700,119,1316,0.31113529205322266
2701,119,1381,0.3111032545566559
2702,119,3528,0.31104758381843567
2703,119,563,0.3110435903072357
2704,119,1216,0.31083545088768005
2705,119,1975,0.31078922748565674
2706,119,1183,0.3107869327068329
2707,119,890,0.3107855021953583
2708,119,444,0.3107834458351135
2709,119,1398,0.3107549548149109
2710,119,1130,0.3107514977455139
2711,119,1065,0.31072112917900085
2712,119,1369,0.31071317195892334
2713,119,2493,0.3107040822505951
2714,119,3488,0.3106670081615448
2715,119,3522,0.3106063902378082
2716,119,3533,0.31060487031936646
2717,119,1057,0.31057241559028625
2718,119,2174,0.3105257749557495
2719,119,1658,0.3105221688747406
2720,119,2394,0.31046435236930847
2721,119,87,0.31036636233329773
2722,119,2032,0.3103558123111725
2723,119,525,0.3103279769420624
2724,119,83,0.31022241711616516
2725,119,1708,0.3101739287376404
2726,119,1904,0.3101455271244049
2727,119,1094,0.3101329505443573
2728,119,1612,0.3101152181625366
2729,119,859,0.31010881066322327
2730,119,1246,0.31002190709114075
2731,119,1891,0.30993711948394775
2732,119,333,0.3099347949028015
2733,119,1876,0.30992650985717773
2734,119,1121,0.3099139630794525
2735,119,1712,0.3098970353603363
2736,119,2475,0.3098970353603363
2737,119,3572,0.30970531702041626
2738,119,3170,0.30964395403862
2739,119,3650,0.30961108207702637
2740,119,227,0.3095865845680237
2741,119,2028,0.3095357120037079
2742,119,3586,0.3095211982727051
2743,119,2946,0.30948352813720703
2744,119,672,0.30945971608161926
2745,119,3563,0.30939722061157227
2746,119,2246,0.3093417286872864
2747,119,3453,0.30933696031570435
2748,119,2464,0.3093189001083374
2749,119,704,0.3092581629753113
2750,119,3314,0.30919092893600464
2751,119,875,0.3091895878314972
2752,119,1977,0.3091222643852234
2753,119,1362,0.30898457765579224
2754,119,1613,0.30894193053245544
2755,119,1622,0.30889734625816345
2756,119,1389,0.30885982513427734
2757,119,2417,0.3088162839412689
2758,119,151,0.30864202976226807
2759,119,595,0.3086313307285309
2760,119,600,0.3085997700691223
2761,119,2439,0.3085726797580719
2762,119,3188,0.30856919288635254
2763,119,3619,0.3085644245147705
2764,119,1493,0.3085116744041443
2765,119,1240,0.30849671363830566
2766,119,604,0.30847951769828796
2767,119,178,0.3082997798919678
2768,119,1575,0.3080662786960602
2769,119,1614,0.30806225538253784
2770,119,1139,0.3080565929412842
2771,119,74,0.3080551028251648
2772,119,3417,0.30805376172065735
2773,119,431,0.30801597237586975
2774,119,282,0.3079999089241028
2775,119,3425,0.30795806646347046
2776,119,2546,0.3079231083393097
2777,119,3627,0.3079107403755188
2778,119,887,0.30787864327430725
2779,119,1627,0.30787333846092224
2780,119,1827,0.3078671395778656
2781,119,34,0.30782267451286316
2782,119,1576,0.30780819058418274
2783,119,186,0.3077205717563629
2784,119,2725,0.30769044160842896
2785,119,543,0.30767035484313965
2786,119,2604,0.3075565993785858
2787,119,2121,0.3075258731842041
2788,119,3116,0.30734166502952576
2789,119,2517,0.30723392963409424
2790,119,1063,0.30716434121131897
2791,119,2787,0.3071509599685669
2792,119,2095,0.3071313202381134
2793,119,3604,0.3070737421512604
2794,119,523,0.3069021999835968
2795,119,2524,0.3068927526473999
2796,119,2290,0.306883305311203
2797,119,3310,0.30684566497802734
2798,119,264,0.30678656697273254
2799,119,3002,0.30678221583366394
2800,119,3309,0.3067489266395569
2801,119,3474,0.30674663186073303
2802,119,2966,0.30672940611839294
2803,119,181,0.3067024052143097
2804,119,2187,0.30664753913879395
2805,119,1862,0.3066243529319763
2806,119,2204,0.3065807819366455
2807,119,1188,0.30657655000686646
2808,119,3446,0.306559681892395
2809,119,1984,0.3065531253814697
2810,119,1366,0.30653616786003113
2811,119,517,0.306531697511673
2812,119,1035,0.306520015001297
2813,119,2422,0.306428462266922
2814,119,860,0.3063998520374298
2815,119,3357,0.3063969016075134
2816,119,3514,0.3063940107822418
2817,119,2018,0.30639001727104187
2818,119,3122,0.30636096000671387
2819,119,3190,0.30633628368377686
2820,119,1217,0.30626180768013
2821,119,3643,0.3061596751213074
2822,119,3637,0.3061411380767822
2823,119,830,0.30607831478118896
2824,119,2343,0.30601733922958374
2825,119,1361,0.3058975636959076
2826,119,2408,0.3058575391769409
2827,119,1619,0.30581051111221313
2828,119,2819,0.30579301714897156
2829,119,3593,0.30578702688217163
2830,119,1472,0.3057751953601837
2831,119,1726,0.3056508004665375
2832,119,3024,0.3056381642818451
2833,119,2278,0.30561432242393494
2834,119,96,0.3056073486804962
2835,119,1914,0.3055148124694824
2836,119,3141,0.3054889440536499
2837,119,2919,0.30544325709342957
2838,119,1073,0.3054365813732147
2839,119,725,0.305428683757782
2840,119,2044,0.3053695857524872
2841,119,3273,0.3053394854068756
2842,119,1444,0.30521154403686523
2843,119,2323,0.3052094876766205
2844,119,2532,0.3051500916481018
2845,119,100,0.3051298260688782
2846,119,128,0.30505460500717163
2847,119,1171,0.30503711104393005
2848,119,1107,0.3049805462360382
2849,119,3489,0.3049013614654541
2850,119,1220,0.3048674762248993
2851,119,470,0.3048056662082672
2852,119,1732,0.3048017919063568
2853,119,1586,0.30476659536361694
2854,119,257,0.30474841594696045
2855,119,1305,0.30468931794166565
2856,119,2721,0.30465200543403625
2857,119,1746,0.3045838475227356
2858,119,564,0.30448994040489197
2859,119,3327,0.30448171496391296
2860,119,2563,0.30445098876953125
2861,119,429,0.30443820357322693
2862,119,3378,0.3042335510253906
2863,119,3590,0.3042260408401489
2864,119,3583,0.30421531200408936
2865,119,2334,0.3042038083076477
2866,119,1928,0.30406901240348816
2867,119,166,0.3039834499359131
2868,119,3401,0.30397409200668335
2869,119,3646,0.30379194021224976
2870,119,1624,0.3037002980709076
2871,119,1580,0.30366647243499756
2872,119,3485,0.30362260341644287
2873,119,2537,0.3035954236984253
2874,119,1175,0.3035886883735657
2875,119,1212,0.303534597158432
2876,119,3639,0.3035297691822052
2877,119,1432,0.3035230338573456
2878,119,2391,0.30350765585899353
2879,119,2828,0.30346477031707764
2880,119,516,0.30345380306243896
2881,119,845,0.3034450113773346
2882,119,202,0.30339768528938293
2883,119,2118,0.3033967614173889
2884,119,2016,0.30329662561416626
2885,119,2779,0.30328568816185
2886,119,2344,0.3032478988170624
2887,119,1160,0.30321213603019714
2888,119,176,0.3032092750072479
2889,119,2446,0.3031831383705139
2890,119,203,0.30314624309539795
2891,119,1816,0.30313971638679504
2892,119,1511,0.3031223714351654
2893,119,205,0.30309197306632996
2894,119,2447,0.3030686378479004
2895,119,3215,0.3030092418193817
2896,119,135,0.30300167202949524
2897,119,2670,0.3029267191886902
2898,119,3652,0.30290380120277405
2899,119,2355,0.30287209153175354
2900,119,1645,0.3028413951396942
2901,119,2821,0.3028116226196289
2902,119,3617,0.30275970697402954
2903,119,795,0.30272984504699707
2904,119,1270,0.302688866853714
2905,119,2321,0.30256223678588867
2906,119,3187,0.3025570511817932
2907,119,780,0.302518367767334
2908,119,450,0.302509069442749
2909,119,258,0.30248934030532837
2910,119,3548,0.30239352583885193
2911,119,1187,0.3023361265659332
2912,119,1103,0.3023214340209961
2913,119,2565,0.3023116886615753
2914,119,1790,0.3022915720939636
2915,119,3635,0.302283376455307
2916,119,3523,0.3022819459438324
2917,119,2863,0.30224692821502686
2918,119,2448,0.3022306561470032
2919,119,2218,0.30222588777542114
2920,119,2653,0.3022189140319824
2921,119,2539,0.30215319991111755
2922,119,490,0.3021399974822998
2923,119,1858,0.3020750880241394
2924,119,1329,0.30200305581092834
2925,119,408,0.30193090438842773
2926,119,2205,0.3018617331981659
2927,119,1314,0.30183717608451843
2928,119,786,0.3018307685852051
2929,119,3477,0.30169880390167236
2930,119,2549,0.3016294836997986
2931,119,3159,0.30153611302375793
2932,119,2332,0.3015348017215729
2933,119,403,0.3014761209487915
2934,119,656,0.30138298869132996
2935,119,1088,0.30132803320884705
2936,119,1525,0.30118024349212646
2937,119,1105,0.3011535704135895
2938,119,76,0.30115023255348206
2939,119,1097,0.3011440336704254
2940,119,3614,0.30110079050064087
2941,119,1147,0.30078184604644775
2942,119,3151,0.3007780909538269
2943,119,868,0.30076736211776733
2944,119,2068,0.30069050192832947
2945,119,2958,0.30061349272727966
2946,119,2384,0.300518661737442
2947,119,3342,0.30048656463623047
2948,119,1905,0.30047160387039185
2949,119,2505,0.30039024353027344
2950,119,1869,0.30030980706214905
2951,119,405,0.3002835512161255
2952,119,1199,0.30027109384536743
2953,119,1058,0.3002399802207947
2954,119,173,0.300204336643219
2955,119,3633,0.30016791820526123
2956,119,3467,0.30016255378723145
2957,119,504,0.29997989535331726
2958,119,3610,0.2999695837497711
2959,119,307,0.2999204397201538
2960,119,2784,0.2998912036418915
2961,119,2065,0.29986515641212463
2962,119,2406,0.2998119592666626
2963,119,291,0.29976651072502136
2964,119,2092,0.2997429668903351
2965,119,3612,0.29967397451400757
2966,119,2544,0.2996087074279785
2967,119,2590,0.2994970679283142
2968,119,1675,0.2994338572025299
2969,119,2731,0.29928961396217346
2970,119,3011,0.29924872517585754
2971,119,465,0.299209326505661
2972,119,1123,0.29917824268341064
2973,119,278,0.2991745173931122
2974,119,1883,0.2991635799407959
2975,119,3555,0.29904648661613464
2976,119,865,0.2989543676376343
2977,119,2720,0.2988041043281555
2978,119,464,0.2987973093986511
2979,119,1150,0.298764169216156
2980,119,601,0.29870012402534485
2981,119,3246,0.2985585927963257
2982,119,2597,0.29839420318603516
2983,119,169,0.2983899712562561
2984,119,3128,0.2983875572681427
2985,119,2203,0.29836806654930115
2986,119,434,0.29829180240631104
2987,119,51,0.2982732653617859
2988,119,3202,0.29819342494010925
2989,119,2683,0.29811957478523254
2990,119,3602,0.29806119203567505
2991,119,1044,0.2980155944824219
2992,119,41,0.29797235131263733
2993,119,3632,0.29791656136512756
2994,119,1208,0.2978654205799103
2995,119,163,0.29786503314971924
2996,119,200,0.29785582423210144
2997,119,638,0.2978332042694092
2998,119,1301,0.2978275716304779
2999,119,1140,0.2978235185146332
3000,119,3101,0.29776155948638916
3001,119,15,0.2977391481399536
3002,119,28,0.29767632484436035
3003,119,1206,0.2976463735103607
3004,119,1200,0.29764288663864136
3005,119,2093,0.29763472080230713
3006,119,2815,0.2975199520587921
3007,119,2472,0.29749587178230286
3008,119,3461,0.2974013090133667
3009,119,3534,0.2973845601081848
3010,119,2699,0.2972929775714874
3011,119,518,0.297242671251297
3012,119,2978,0.2970900237560272
3013,119,1069,0.2969118058681488
3014,119,2691,0.29690250754356384
3015,119,3283,0.29679176211357117
3016,119,1948,0.29673001170158386
3017,119,3229,0.29666000604629517
3018,119,3039,0.29664698243141174
3019,119,723,0.2965964674949646
3020,119,3535,0.2965778708457947
3021,119,3200,0.2965778410434723
3022,119,175,0.2964625656604767
3023,119,1031,0.29634174704551697
3024,119,1042,0.2963188886642456
3025,119,1210,0.2961982190608978
3026,119,1965,0.2961755692958832
3027,119,2389,0.2960798442363739
3028,119,463,0.29599529504776
3029,119,448,0.2959551513195038
3030,119,1476,0.29590681195259094
3031,119,3529,0.29590126872062683
3032,119,519,0.295782208442688
3033,119,112,0.2957729697227478
3034,119,1128,0.29567837715148926
3035,119,1111,0.29558682441711426
3036,119,2694,0.29556000232696533
3037,119,2559,0.29551228880882263
3038,119,3597,0.2953817844390869
3039,119,2395,0.2953481376171112
3040,119,207,0.2953401803970337
3041,119,876,0.2953196167945862
3042,119,2981,0.2952291667461395
3043,119,1865,0.29518917202949524
3044,119,2536,0.2951886057853699
3045,119,2479,0.2950884699821472
3046,119,2598,0.29505494236946106
3047,119,3634,0.29502665996551514
3048,119,679,0.29496535658836365
3049,119,3464,0.2949046194553375
3050,119,1053,0.29476019740104675
3051,119,2483,0.29474031925201416
3052,119,3592,0.29471516609191895
3053,119,189,0.2947068214416504
3054,119,1681,0.2947032153606415
3055,119,2607,0.29456159472465515
3056,119,1165,0.2945546507835388
3057,119,2678,0.2945045828819275
3058,119,1162,0.2944810688495636
3059,119,3505,0.2944638133049011
3060,119,2139,0.2943898141384125
3061,119,1397,0.294331431388855
3062,119,1278,0.29432234168052673
3063,119,3176,0.29431477189064026
3064,119,2964,0.29430559277534485
3065,119,2672,0.29427653551101685
3066,119,819,0.29427045583724976
3067,119,1144,0.29417213797569275
3068,119,1354,0.29416194558143616
3069,119,2963,0.29412642121315
3070,119,1335,0.2941230535507202
3071,119,2166,0.2941073179244995
3072,119,1680,0.29406794905662537
3073,119,108,0.29402416944503784
3074,119,2744,0.2939853072166443
3075,119,3595,0.29389509558677673
3076,119,9,0.29369214177131653
3077,119,1628,0.2935415208339691
3078,119,3117,0.29353395104408264
3079,119,494,0.2935139536857605
3080,119,863,0.2934362292289734
3081,119,3491,0.2934299111366272
3082,119,1783,0.2933989465236664
3083,119,620,0.29339003562927246
3084,119,2414,0.2932911217212677
3085,119,2550,0.2932286858558655
3086,119,2200,0.2931428551673889
3087,119,3000,0.29301658272743225
3088,119,1958,0.29295650124549866
3089,119,2999,0.29290246963500977
3090,119,3285,0.2928994596004486
3091,119,3484,0.29289472103118896
3092,119,1052,0.29283857345581055
3093,119,641,0.29265981912612915
3094,119,650,0.29261547327041626
3095,119,2227,0.292563259601593
3096,119,3495,0.29253771901130676
3097,119,1903,0.29253634810447693
3098,119,3576,0.29248493909835815
3099,119,2430,0.2923545837402344
3100,119,1730,0.2923307716846466
3101,119,237,0.292270690202713
3102,119,1342,0.2920917570590973
3103,119,2855,0.29208940267562866
3104,119,1856,0.29208478331565857
3105,119,3096,0.29206839203834534
3106,119,3519,0.2920660376548767
3107,119,1250,0.2918224632740021
3108,119,3346,0.2918104827404022
3109,119,2010,0.29176920652389526
3110,119,3537,0.29172834753990173
3111,119,3589,0.2917264699935913
3112,119,1609,0.2916097640991211
3113,119,1638,0.29159533977508545
3114,119,645,0.29139724373817444
3115,119,2957,0.29139459133148193
3116,119,510,0.2912588119506836
3117,119,1774,0.2912495732307434
3118,119,3422,0.291220486164093
3119,119,3328,0.2911531329154968
3120,119,3118,0.29115039110183716
3121,119,551,0.2910859286785126
3122,119,1682,0.2909814119338989
3123,119,1385,0.2909711003303528
3124,119,1095,0.29095229506492615
3125,119,180,0.29088956117630005
3126,119,3396,0.2908872663974762
3127,119,2457,0.29081887006759644
3128,119,2463,0.2907964587211609
3129,119,2012,0.2907787561416626
3130,119,537,0.2907177209854126
3131,119,2170,0.2906491458415985
3132,119,526,0.2906356751918793
3133,119,3322,0.29055100679397583
3134,119,1285,0.29054683446884155
3135,119,1249,0.2905087172985077
3136,119,3345,0.2904907166957855
3137,119,2427,0.29047536849975586
3138,119,3613,0.2903793752193451
3139,119,2329,0.2903311252593994
3140,119,3163,0.2903025150299072
3141,119,692,0.29029837250709534
3142,119,3569,0.2901581823825836
3143,119,3626,0.2901357114315033
3144,119,921,0.290096253156662
3145,119,2167,0.2899274528026581
3146,119,1817,0.2899216115474701
3147,119,669,0.289886474609375
3148,119,3386,0.2898852527141571
3149,119,1654,0.28981348872184753
3150,119,892,0.28980401158332825
3151,119,1039,0.28976044058799744
3152,119,1110,0.28957250714302063
3153,119,2666,0.2895105183124542
3154,119,3424,0.2895062267780304
3155,119,2774,0.2894168496131897
3156,119,2212,0.28940916061401367
3157,119,2188,0.2891879677772522
3158,119,3584,0.28906288743019104
3159,119,3623,0.288834810256958
3160,119,3624,0.2885858416557312
3161,119,3272,0.28857913613319397
3162,119,2745,0.28857383131980896
3163,119,167,0.28852903842926025
3164,119,907,0.2884845435619354
3165,119,1307,0.2884518504142761
3166,119,1277,0.28844133019447327
3167,119,2186,0.28835296630859375
3168,119,1074,0.2883274555206299
3169,119,1396,0.288235604763031
3170,119,2380,0.28821125626564026
3171,119,2007,0.2882091701030731
3172,119,3289,0.2881474196910858
3173,119,1642,0.2881282567977905
3174,119,3097,0.2880372405052185
3175,119,2515,0.2880271077156067
3176,119,2613,0.2879818379878998
3177,119,1327,0.2879100739955902
3178,119,1100,0.28789761662483215
3179,119,187,0.28781625628471375
3180,119,2636,0.28780919313430786
3181,119,3588,0.28774863481521606
3182,119,3236,0.2876720726490021
3183,119,1579,0.2875455319881439
3184,119,668,0.2874862253665924
3185,119,2955,0.28738537430763245
3186,119,141,0.28737306594848633
3187,119,3649,0.28720688819885254
3188,119,26,0.28699707984924316
3189,119,2717,0.2869895100593567
3190,119,459,0.2869371771812439
3191,119,1227,0.28686195611953735
3192,119,16,0.28685006499290466
3193,119,846,0.2867770791053772
3194,119,211,0.28658097982406616
3195,119,765,0.28651729226112366
3196,119,194,0.2864497900009155
3197,119,2387,0.2864333987236023
3198,119,2573,0.2863899767398834
3199,119,1086,0.2861388325691223
3200,119,3410,0.28609007596969604
3201,119,1662,0.28597956895828247
3202,119,3455,0.2858920395374298
3203,119,325,0.2858865559101105
3204,119,1117,0.2858790159225464
3205,119,3506,0.2858790159225464
3206,119,2425,0.2858765721321106
3207,119,2628,0.2857588529586792
3208,119,2353,0.2857450544834137
3209,119,1045,0.28562185168266296
3210,119,387,0.2856069803237915
3211,119,2543,0.28560394048690796
3212,119,2125,0.28544479608535767
3213,119,1113,0.28543996810913086
3214,119,1173,0.2853981554508209
3215,119,2606,0.2852311432361603
3216,119,466,0.2851784825325012
3217,119,3640,0.285052627325058
3218,119,1255,0.2849313020706177
3219,119,707,0.28491589426994324
3220,119,3655,0.2848943769931793
3221,119,3603,0.28486520051956177
3222,119,446,0.2848361134529114
3223,119,238,0.2848081886768341
3224,119,3507,0.284648060798645
3225,119,3494,0.2845097780227661
3226,119,2972,0.2844379246234894
3227,119,2428,0.2844023108482361
3228,119,1243,0.28432366251945496
3229,119,2583,0.2841724455356598
3230,119,1080,0.28415462374687195
3231,119,59,0.28413090109825134
3232,119,98,0.2840762436389923
3233,119,104,0.28392449021339417
3234,119,1136,0.2838330864906311
3235,119,2480,0.28382670879364014
3236,119,3641,0.28372061252593994
3237,119,2499,0.2836523950099945
3238,119,3302,0.2836436629295349
3239,119,117,0.2836397588253021
3240,119,2614,0.2836264967918396
3241,119,1925,0.28361162543296814
3242,119,152,0.28351691365242004
3243,119,2318,0.28328758478164673
3244,119,1505,0.283265620470047
3245,119,121,0.2831980884075165
3246,119,3439,0.28318071365356445
3247,119,1089,0.2831510901451111
3248,119,62,0.28314757347106934
3249,119,1402,0.28309717774391174
3250,119,3620,0.28304237127304077
3251,119,3341,0.28299975395202637
3252,119,759,0.28289833664894104
3253,119,2426,0.2828432321548462
3254,119,2169,0.2827660143375397
3255,119,2679,0.28273341059684753
3256,119,139,0.2827092111110687
3257,119,2806,0.2826755940914154
3258,119,2,0.28264695405960083
3259,119,2584,0.2825848460197449
3260,119,3274,0.2824629545211792
3261,119,1067,0.2824493944644928
3262,119,3630,0.2823276221752167
3263,119,1374,0.2822837233543396
3264,119,2102,0.2822541892528534
3265,119,118,0.2822018563747406
3266,119,2619,0.2821991741657257
3267,119,1122,0.2819043695926666
3268,119,70,0.28184059262275696
3269,119,2538,0.2817555367946625
3270,119,1286,0.2817370295524597
3271,119,1898,0.281735897064209
3272,119,3530,0.2816542088985443
3273,119,3339,0.2813742756843567
3274,119,3113,0.2813725173473358
3275,119,2574,0.28132298588752747
3276,119,3121,0.2813223898410797
3277,119,311,0.2812405526638031
3278,119,1714,0.2812144160270691
3279,119,2476,0.2811822295188904
3280,119,2638,0.28104928135871887
3281,119,2349,0.28103432059288025
3282,119,261,0.2809534966945648
3283,119,1415,0.280779093503952
3284,119,5,0.28074634075164795
3285,119,2663,0.2806132137775421
3286,119,1126,0.2804993689060211
3287,119,2385,0.28049618005752563
3288,119,2363,0.2804931700229645
3289,119,2096,0.2804889678955078
3290,119,3645,0.2804417610168457
3291,119,603,0.2803705334663391
3292,119,501,0.2803472578525543
3293,119,539,0.28027546405792236
3294,119,123,0.2802595794200897
3295,119,3553,0.28025367856025696
3296,119,1368,0.28024035692214966
3297,119,2795,0.2801666557788849
3298,119,412,0.28008905053138733
3299,119,2566,0.2800338566303253
3300,119,113,0.28002533316612244
3301,119,2214,0.2798842191696167
3302,119,3091,0.2798721492290497
3303,119,2199,0.2798157334327698
3304,119,129,0.27981364727020264
3305,119,2915,0.2797990143299103
3306,119,81,0.2797171473503113
3307,119,2467,0.2796815037727356
3308,119,2370,0.27949243783950806
3309,119,1296,0.27948296070098877
3310,119,1137,0.27942925691604614
3311,119,1202,0.27940112352371216
3312,119,613,0.2790696620941162
3313,119,89,0.2789451777935028
3314,119,2444,0.27890563011169434
3315,119,1707,0.27871114015579224
3316,119,3599,0.2786690294742584
3317,119,3625,0.27858299016952515
3318,119,20,0.2783421576023102
3319,119,653,0.27826622128486633
3320,119,2001,0.2782368063926697
3321,119,192,0.2779582440853119
3322,119,3219,0.27792784571647644
3323,119,1625,0.2779037654399872
3324,119,1078,0.27789321541786194
3325,119,2868,0.27778345346450806
3326,119,2040,0.2777470648288727
3327,119,1850,0.2776486575603485
3328,119,533,0.2775907516479492
3329,119,2496,0.27718186378479004
3330,119,2435,0.27714431285858154
3331,119,134,0.27697017788887024
3332,119,1051,0.27690473198890686
3333,119,1230,0.2768692970275879
3334,119,2451,0.27685925364494324
3335,119,2192,0.2767011821269989
3336,119,3340,0.27668678760528564
3337,119,2587,0.27665096521377563
3338,119,2595,0.2765073776245117
3339,119,1982,0.2764003276824951
3340,119,1207,0.276238352060318
3341,119,2748,0.27601155638694763
3342,119,3217,0.2758655250072479
3343,119,1384,0.27585071325302124
3344,119,2075,0.27579233050346375
3345,119,2206,0.2757832705974579
3346,119,538,0.2757585346698761
3347,119,2099,0.27570873498916626
3348,119,3207,0.27553144097328186
3349,119,3112,0.27548927068710327
3350,119,3114,0.27544480562210083
3351,119,1167,0.27537938952445984
3352,119,90,0.27531006932258606
3353,119,3616,0.2748265564441681
3354,119,3205,0.27480295300483704
3355,119,2322,0.2747441232204437
3356,119,2555,0.2746903598308563
3357,119,1186,0.27455851435661316
3358,119,1773,0.2742965519428253
3359,119,1403,0.27428722381591797
3360,119,1407,0.27417120337486267
3361,119,2676,0.27416953444480896
3362,119,2450,0.27414414286613464
3363,119,2781,0.2741047143936157
3364,119,1197,0.2739567160606384
3365,119,1050,0.27389708161354065
3366,119,618,0.27389296889305115
3367,119,93,0.27370980381965637
3368,119,2156,0.27367734909057617
3369,119,2669,0.273584246635437
3370,119,199,0.27357250452041626
3371,119,1912,0.27351292967796326
3372,119,2762,0.273509681224823
3373,119,221,0.2734571397304535
3374,119,2404,0.27343952655792236
3375,119,2771,0.27336835861206055
3376,119,330,0.2733301818370819
3377,119,979,0.2732723355293274
3378,119,1275,0.2732591927051544
3379,119,1120,0.27324697375297546
3380,119,2184,0.2732023596763611
3381,119,177,0.2731640338897705
3382,119,2405,0.27308738231658936
3383,119,2729,0.2730732858181
3384,119,2934,0.27305594086647034
3385,119,125,0.2729584872722626
3386,119,2601,0.27272555232048035
3387,119,1131,0.2727195918560028
3388,119,2177,0.2726691663265228
3389,119,1378,0.27265793085098267
3390,119,340,0.27257052063941956
3391,119,136,0.27255910634994507
3392,119,3482,0.2725234031677246
3393,119,327,0.27248454093933105
3394,119,3498,0.2724415957927704
3395,119,2511,0.27227628231048584
3396,119,1404,0.27224043011665344
3397,119,449,0.2718319594860077
3398,119,1406,0.2716744840145111
3399,119,3385,0.2715952694416046
3400,119,3,0.27157384157180786
3401,119,1119,0.27156862616539
3402,119,1870,0.2714610695838928
3403,119,487,0.2714405953884125
3404,119,535,0.2714277505874634
3405,119,2198,0.27136796712875366
3406,119,44,0.2710912823677063
3407,119,2190,0.27100539207458496
3408,119,2386,0.2710045278072357
3409,119,1728,0.2708643078804016
3410,119,1276,0.2706495225429535
3411,119,1143,0.27061691880226135
3412,119,2412,0.2705380916595459
3413,119,3115,0.2704983353614807
3414,119,3129,0.27040714025497437
3415,119,1102,0.2702513039112091
3416,119,3110,0.27017298340797424
3417,119,66,0.27007994055747986
3418,119,69,0.27007216215133667
3419,119,2886,0.26999276876449585
3420,119,1151,0.26997801661491394
3421,119,2373,0.2697991132736206
3422,119,6,0.26978886127471924
3423,119,288,0.2696564197540283
3424,119,1729,0.26964300870895386
3425,119,3454,0.2693827152252197
3426,119,1114,0.2692936658859253
3427,119,2484,0.2692797780036926
3428,119,3451,0.26921889185905457
3429,119,2581,0.26920247077941895
3430,119,2551,0.269174724817276
3431,119,461,0.2691381275653839
3432,119,2431,0.2691314220428467
3433,119,3524,0.2689335346221924
3434,119,3313,0.26891639828681946
3435,119,2316,0.2689046561717987
3436,119,3541,0.26885169744491577
3437,119,12,0.2688174545764923
3438,119,101,0.26857611536979675
3439,119,1141,0.26837706565856934
3440,119,536,0.26825669407844543
3441,119,1312,0.26820528507232666
3442,119,260,0.2682027220726013
3443,119,0,0.26814040541648865
3444,119,3609,0.2681063711643219
3445,119,2477,0.2680763900279999
3446,119,3644,0.2677704989910126
3447,119,64,0.26775071024894714
3448,119,2388,0.2677159011363983
3449,119,2870,0.2674558758735657
3450,119,2608,0.26739034056663513
3451,119,1142,0.2672979533672333
3452,119,1343,0.26706406474113464
3453,119,2626,0.26706135272979736
3454,119,2867,0.2668174207210541
3455,119,2506,0.2668009102344513
3456,119,1915,0.2667585611343384
3457,119,3428,0.26674771308898926
3458,119,11,0.2666762173175812
3459,119,3471,0.2666606307029724
3460,119,1048,0.26661840081214905
3461,119,614,0.2665551006793976
3462,119,1118,0.2663690745830536
3463,119,1125,0.2660534083843231
3464,119,2474,0.2660185396671295
3465,119,1272,0.26582494378089905
3466,119,3171,0.2655215263366699
3467,119,1413,0.26541030406951904
3468,119,2516,0.2652082145214081
3469,119,3319,0.26518288254737854
3470,119,3344,0.2650682032108307
3471,119,1981,0.2649289667606354
3472,119,2469,0.2649085521697998
3473,119,2468,0.2646278142929077
3474,119,1399,0.26452428102493286
3475,119,1749,0.26409265398979187
3476,119,14,0.2640712559223175
3477,119,1577,0.26372575759887695
3478,119,540,0.2637075185775757
3479,119,2553,0.26319384574890137
3480,119,1426,0.2631556987762451
3481,119,1341,0.2631527781486511
3482,119,2432,0.2629019021987915
3483,119,2577,0.2627679705619812
3484,119,1414,0.2625574767589569
3485,119,2486,0.26242169737815857
3486,119,3142,0.2622770071029663
3487,119,1070,0.26216426491737366
3488,119,2124,0.2620598077774048
3489,119,1507,0.26176539063453674
3490,119,2222,0.26167961955070496
3491,119,37,0.2616403102874756
3492,119,534,0.26159578561782837
3493,119,3605,0.2615821063518524
3494,119,398,0.2613438665866852
3495,119,2390,0.26119133830070496
3496,119,316,0.26060500741004944
3497,119,1109,0.26046159863471985
3498,119,1371,0.260458767414093
3499,119,2185,0.26045191287994385
3500,119,226,0.26034221053123474
3501,119,2980,0.26028406620025635
3502,119,2202,0.2602624297142029
3503,119,63,0.26022279262542725
3504,119,2226,0.2601228654384613
3505,119,2359,0.25986188650131226
3506,119,1169,0.25975528359413147
3507,119,619,0.2596694827079773
3508,119,1071,0.25964319705963135
3509,119,210,0.25962287187576294
3510,119,1391,0.25959861278533936
3511,119,304,0.25958505272865295
3512,119,528,0.259390652179718
3513,119,46,0.25934192538261414
3514,119,1411,0.2592611312866211
3515,119,1409,0.2588428556919098
3516,119,31,0.2585434913635254
3517,119,1748,0.2585178017616272
3518,119,3476,0.2582453489303589
3519,119,45,0.2581186294555664
3520,119,3551,0.2579021155834198
3521,119,1957,0.25784844160079956
3522,119,1359,0.25783663988113403
3523,119,3105,0.2576809823513031
3524,119,2116,0.25766539573669434
3525,119,3210,0.25757452845573425
3526,119,1347,0.25753456354141235
3527,119,365,0.25752171874046326
3528,119,40,0.25751394033432007
3529,119,2741,0.257219135761261
3530,119,39,0.2571936845779419
3531,119,3213,0.2570684850215912
3532,119,99,0.2570144832134247
3533,119,421,0.2569223940372467
3534,119,147,0.2567376494407654
3535,119,3470,0.25671425461769104
3536,119,3248,0.25664055347442627
3537,119,1297,0.25635114312171936
3538,119,350,0.25628674030303955
3539,119,3343,0.2562445402145386
3540,119,285,0.25611719489097595
3541,119,2603,0.25597602128982544
3542,119,532,0.25574979186058044
3543,119,1267,0.2556004524230957
3544,119,196,0.25556430220603943
3545,119,1049,0.2552957534790039
3546,119,2420,0.25525781512260437
3547,119,2557,0.2550443410873413
3548,119,2568,0.25495126843452454
3549,119,188,0.2544701397418976
3550,119,1096,0.25424832105636597
3551,119,352,0.2540246844291687
3552,119,2381,0.2536714971065521
3553,119,2569,0.2535921037197113
3554,119,47,0.25353947281837463
3555,119,206,0.25351381301879883
3556,119,3127,0.2534845471382141
3557,119,3651,0.2532859444618225
3558,119,617,0.2529314458370209
3559,119,2130,0.25255319476127625
3560,119,19,0.25241711735725403
3561,119,3220,0.25197532773017883
3562,119,1112,0.2516865134239197
3563,119,85,0.2513832747936249
3564,119,2197,0.2512749433517456
3565,119,3465,0.2510279715061188
3566,119,864,0.2506141662597656
3567,119,3352,0.2505955696105957
3568,119,2866,0.25059378147125244
3569,119,287,0.25033557415008545
3570,119,1919,0.2502495050430298
3571,119,107,0.25005313754081726
3572,119,2558,0.24999584257602692
3573,119,1005,0.24974386394023895
3574,119,849,0.249469593167305
3575,119,1976,0.24848659336566925
3576,119,905,0.2480740249156952
3577,119,1079,0.24784177541732788
3578,119,2776,0.24779459834098816
3579,119,97,0.24737533926963806
3580,119,2556,0.2472321093082428
3581,119,1152,0.2467014193534851
3582,119,1860,0.24661225080490112
3583,119,2398,0.24530549347400665
3584,119,458,0.24506311118602753
3585,119,460,0.24470485746860504
3586,119,310,0.24451078474521637
3587,119,917,0.24392256140708923
3588,119,2129,0.24391505122184753
3589,119,3135,0.2438027411699295
3590,119,1182,0.24308240413665771
3591,119,158,0.2428400218486786
3592,119,1358,0.24272187054157257
3593,119,2620,0.24242551624774933
3594,119,2591,0.24240270256996155
3595,119,2554,0.24225808680057526
3596,119,2069,0.24181197583675385
3597,119,1280,0.24181127548217773
3598,119,3437,0.2410040944814682
3599,119,2454,0.24096061289310455
3600,119,2339,0.24017328023910522
3601,119,1857,0.23993588984012604
3602,119,144,0.23991630971431732
3603,119,3550,0.23983964323997498
3604,119,3189,0.23940855264663696
3605,119,2325,0.23934683203697205
3606,119,2419,0.23870602250099182
3607,119,3478,0.2383485585451126
3608,119,3134,0.23755936324596405
3609,119,531,0.23730885982513428
3610,119,2849,0.23650424182415009
3611,119,2217,0.23593682050704956
3612,119,374,0.23558807373046875
3613,119,17,0.2354804426431656
3614,119,2369,0.2345370650291443
3615,119,214,0.23385418951511383
3616,119,2195,0.23327578604221344
3617,119,35,0.23230737447738647
3618,119,2594,0.23218488693237305
3619,119,13,0.2321702092885971
3620,119,324,0.23152604699134827
3621,119,755,0.23125405609607697
3622,119,8,0.23042361438274384
3623,119,1132,0.2301756590604782
3624,119,2209,0.22980250418186188
3625,119,1863,0.2296963930130005
3626,119,344,0.2289048582315445
3627,119,527,0.2282482087612152
3628,119,2596,0.22781343758106232
3629,119,341,0.22702856361865997
3630,119,2502,0.22661535441875458
3631,119,326,0.2259358912706375
3632,119,2182,0.22519615292549133
3633,119,3111,0.22420634329319
3634,119,2453,0.22402897477149963
3635,119,60,0.2239377498626709
3636,119,2346,0.22267061471939087
3637,119,1159,0.2226378172636032
3638,119,33,0.22214581072330475
3639,119,530,0.22165213525295258
3640,119,276,0.22162146866321564
3641,119,2618,0.22162127494812012
3642,119,2335,0.22145767509937286
3643,119,1400,0.2194546014070511
3644,119,2219,0.2193964123725891
3645,119,529,0.2166208028793335
3646,119,871,0.21444429457187653
3647,119,2080,0.21444208920001984
3648,119,2317,0.2141280174255371
3649,119,1090,0.21363262832164764
3650,119,2181,0.2135593146085739
3651,119,1356,0.21131622791290283
3652,119,24,0.21039439737796783
3653,119,272,0.20296423137187958
3654,119,1401,0.20077702403068542
3655,119,1351,0.19346223771572113
3656,119,2081,0.17420567572116852
