,target_num,prod_num,similarity
0,1083,1083,0.999999463558197
1,1083,1081,0.8463989496231079
2,1083,2525,0.7924930453300476
3,1083,1129,0.7908716797828674
4,1083,1209,0.7865196466445923
5,1083,1183,0.7707862257957458
6,1083,1069,0.7603504061698914
7,1083,1121,0.7575001120567322
8,1083,1166,0.7510926127433777
9,1083,1188,0.7470321655273438
10,1083,1049,0.7466510534286499
11,1083,2720,0.7459965348243713
12,1083,1085,0.745775580406189
13,1083,2520,0.7441511750221252
14,1083,1104,0.7421440482139587
15,1083,2537,0.7408596873283386
16,1083,1031,0.7380614280700684
17,1083,1156,0.736144483089447
18,1083,1128,0.7332584261894226
19,1083,3183,0.7332301139831543
20,1083,281,0.7319983243942261
21,1083,2491,0.73149573802948
22,1083,2539,0.7314183712005615
23,1083,2548,0.7292531728744507
24,1083,2544,0.7284918427467346
25,1083,1126,0.7283791899681091
26,1083,1115,0.728276789188385
27,1083,1086,0.7278999090194702
28,1083,1191,0.7267696857452393
29,1083,1052,0.7259219288825989
30,1083,1147,0.7246378064155579
31,1083,1124,0.7241628170013428
32,1083,1180,0.7233687043190002
33,1083,255,0.723255455493927
34,1083,2213,0.7232254147529602
35,1083,1908,0.7232080101966858
36,1083,1144,0.7226951122283936
37,1083,1039,0.7206189036369324
38,1083,1171,0.7202038764953613
39,1083,419,0.719745934009552
40,1083,1900,0.7192612290382385
41,1083,2517,0.7177913784980774
42,1083,2583,0.7175467014312744
43,1083,2010,0.7165027260780334
44,1083,1058,0.7163804173469543
45,1083,1907,0.7160373330116272
46,1083,3101,0.7152281403541565
47,1083,707,0.7150455713272095
48,1083,3096,0.7138979434967041
49,1083,1637,0.7130016684532166
50,1083,1040,0.7128901481628418
51,1083,2578,0.7123476266860962
52,1083,2657,0.7121005058288574
53,1083,2616,0.7112925052642822
54,1083,72,0.7100658416748047
55,1083,1051,0.7096462249755859
56,1083,2201,0.7095797657966614
57,1083,2188,0.7094979286193848
58,1083,26,0.7092260718345642
59,1083,684,0.708969235420227
60,1083,1196,0.7088093161582947
61,1083,3517,0.7084724307060242
62,1083,234,0.7076955437660217
63,1083,1869,0.7065650224685669
64,1083,1035,0.7065285444259644
65,1083,254,0.7065099477767944
66,1083,2208,0.706393301486969
67,1083,1167,0.7063304781913757
68,1083,2550,0.706222414970398
69,1083,3516,0.7062168121337891
70,1083,257,0.7053630352020264
71,1083,74,0.7049524188041687
72,1083,2225,0.7048202753067017
73,1083,443,0.7047680020332336
74,1083,2603,0.7040736675262451
75,1083,94,0.7038048505783081
76,1083,1214,0.7037925720214844
77,1083,3416,0.7032980918884277
78,1083,1097,0.7030584216117859
79,1083,716,0.7029238939285278
80,1083,3560,0.7027212977409363
81,1083,1030,0.7021363377571106
82,1083,44,0.7012773156166077
83,1083,3236,0.7004061937332153
84,1083,1075,0.6997442245483398
85,1083,3228,0.699614942073822
86,1083,2559,0.6994304656982422
87,1083,411,0.6992130279541016
88,1083,464,0.6990082263946533
89,1083,1569,0.6982400417327881
90,1083,121,0.69791579246521
91,1083,2702,0.6979048848152161
92,1083,1062,0.6977492570877075
93,1083,649,0.6977211833000183
94,1083,1099,0.6973235011100769
95,1083,1219,0.6972404718399048
96,1083,2505,0.6970971822738647
97,1083,1173,0.6969169974327087
98,1083,2493,0.6966368556022644
99,1083,2533,0.6965696811676025
100,1083,1044,0.6964368224143982
101,1083,2722,0.6964335441589355
102,1083,3274,0.6963925957679749
103,1083,1111,0.6961327195167542
104,1083,58,0.6957088708877563
105,1083,1850,0.6949188709259033
106,1083,2524,0.6948826909065247
107,1083,3163,0.6948693990707397
108,1083,2223,0.6942868828773499
109,1083,436,0.6942355632781982
110,1083,2935,0.6935235261917114
111,1083,462,0.6925197839736938
112,1083,3580,0.6923554539680481
113,1083,1887,0.6917412281036377
114,1083,3554,0.6915050148963928
115,1083,2482,0.6914723515510559
116,1083,2292,0.6913464069366455
117,1083,3304,0.6911905407905579
118,1083,2731,0.6908734440803528
119,1083,1100,0.6904929280281067
120,1083,1084,0.6903026103973389
121,1083,2475,0.6902846097946167
122,1083,1205,0.6899687647819519
123,1083,709,0.6898068189620972
124,1083,1901,0.6896671652793884
125,1083,89,0.6894726157188416
126,1083,431,0.6889627575874329
127,1083,424,0.6883050799369812
128,1083,395,0.6881217360496521
129,1083,1914,0.6878989338874817
130,1083,2296,0.6876398324966431
131,1083,1080,0.6875799298286438
132,1083,3466,0.6875401735305786
133,1083,3182,0.6872948408126831
134,1083,2480,0.6869429349899292
135,1083,3259,0.6868342757225037
136,1083,474,0.6867785453796387
137,1083,3565,0.6864611506462097
138,1083,1895,0.6860942840576172
139,1083,1411,0.6859135031700134
140,1083,413,0.685907244682312
141,1083,70,0.6857350468635559
142,1083,1184,0.6854339241981506
143,1083,2719,0.6853598952293396
144,1083,3576,0.6851710677146912
145,1083,2666,0.685044527053833
146,1083,1136,0.6849401593208313
147,1083,427,0.6846254467964172
148,1083,3522,0.6845569610595703
149,1083,1997,0.6842764616012573
150,1083,52,0.6840481758117676
151,1083,494,0.6840463280677795
152,1083,1140,0.6839582920074463
153,1083,789,0.6838974952697754
154,1083,2523,0.6837856769561768
155,1083,1409,0.683579683303833
156,1083,1207,0.6835311651229858
157,1083,1391,0.6834673881530762
158,1083,600,0.6833962798118591
159,1083,428,0.6829120516777039
160,1083,271,0.6825182437896729
161,1083,1130,0.6825061440467834
162,1083,3285,0.6823415160179138
163,1083,2297,0.6823147535324097
164,1083,468,0.6821575164794922
165,1083,1928,0.6817396879196167
166,1083,1043,0.6814522743225098
167,1083,2586,0.6814382076263428
168,1083,1972,0.6811618208885193
169,1083,725,0.6810904741287231
170,1083,2479,0.681086540222168
171,1083,90,0.681003987789154
172,1083,1073,0.6806871891021729
173,1083,3334,0.6801491379737854
174,1083,2675,0.6800339221954346
175,1083,22,0.6800182461738586
176,1083,1105,0.679663896560669
177,1083,437,0.6791066527366638
178,1083,3256,0.67888343334198
179,1083,1192,0.6788544058799744
180,1083,1157,0.6788045763969421
181,1083,2204,0.6786386966705322
182,1083,3617,0.6786291003227234
183,1083,2877,0.6785767078399658
184,1083,565,0.6782053112983704
185,1083,1218,0.6779430508613586
186,1083,1187,0.6776406168937683
187,1083,3369,0.6776136159896851
188,1083,1206,0.6775421500205994
189,1083,79,0.6773748397827148
190,1083,3552,0.677349328994751
191,1083,1572,0.677174985408783
192,1083,2196,0.67652827501297
193,1083,1366,0.6763994693756104
194,1083,3118,0.6761118173599243
195,1083,3172,0.6758909225463867
196,1083,602,0.6757343411445618
197,1083,2471,0.675723671913147
198,1083,409,0.6753982901573181
199,1083,3092,0.6753768920898438
200,1083,2638,0.6753118634223938
201,1083,1047,0.6750878691673279
202,1083,1034,0.6750302314758301
203,1083,1122,0.6744867563247681
204,1083,3555,0.6744726896286011
205,1083,537,0.674031674861908
206,1083,564,0.6737911105155945
207,1083,651,0.6737452149391174
208,1083,1203,0.6736947894096375
209,1083,1142,0.673676073551178
210,1083,645,0.6735996007919312
211,1083,3519,0.6734270453453064
212,1083,222,0.6733965277671814
213,1083,3544,0.6730966567993164
214,1083,1202,0.6729300618171692
215,1083,2212,0.6728554964065552
216,1083,32,0.6724110841751099
217,1083,3033,0.6720855832099915
218,1083,1160,0.6720330715179443
219,1083,2863,0.6719777584075928
220,1083,568,0.6717516183853149
221,1083,2869,0.6716504693031311
222,1083,1329,0.6713523864746094
223,1083,693,0.6711974740028381
224,1083,592,0.6708222031593323
225,1083,3571,0.6704915165901184
226,1083,3572,0.6704046726226807
227,1083,441,0.6702287793159485
228,1083,266,0.6700584292411804
229,1083,1064,0.669959545135498
230,1083,1903,0.6698738932609558
231,1083,2864,0.6696816086769104
232,1083,3258,0.6696221232414246
233,1083,2008,0.6691229939460754
234,1083,1050,0.669103741645813
235,1083,2198,0.6690883040428162
236,1083,2018,0.6688782572746277
237,1083,2215,0.6686708927154541
238,1083,117,0.6685667634010315
239,1083,1857,0.6683531999588013
240,1083,51,0.6682940125465393
241,1083,362,0.6682049632072449
242,1083,81,0.668110728263855
243,1083,2302,0.6680395603179932
244,1083,2669,0.6676493883132935
245,1083,2470,0.6675891876220703
246,1083,1046,0.6675251722335815
247,1083,2565,0.6673758625984192
248,1083,1094,0.6673160195350647
249,1083,506,0.6672744750976562
250,1083,2211,0.6671720147132874
251,1083,2492,0.6669613718986511
252,1083,490,0.6669594049453735
253,1083,2097,0.6666996479034424
254,1083,1118,0.6666392683982849
255,1083,2216,0.6666168570518494
256,1083,2536,0.6661553978919983
257,1083,405,0.6658151149749756
258,1083,615,0.6657350063323975
259,1083,1041,0.6648107171058655
260,1083,1139,0.664800763130188
261,1083,3283,0.6646890044212341
262,1083,1984,0.6645631194114685
263,1083,123,0.6640365123748779
264,1083,2476,0.6639626026153564
265,1083,1303,0.6639061570167542
266,1083,1259,0.6638110280036926
267,1083,2131,0.6637322306632996
268,1083,2486,0.6637062430381775
269,1083,2564,0.6631511449813843
270,1083,2549,0.6627869009971619
271,1083,2511,0.6624612212181091
272,1083,1616,0.662311851978302
273,1083,2546,0.6621555685997009
274,1083,3343,0.6621527671813965
275,1083,244,0.6621332168579102
276,1083,1216,0.6620694398880005
277,1083,45,0.6617533564567566
278,1083,3310,0.6616984009742737
279,1083,724,0.6616576910018921
280,1083,2478,0.6616348028182983
281,1083,1162,0.6615869402885437
282,1083,2515,0.6610230207443237
283,1083,2495,0.6607602834701538
284,1083,1902,0.6604260206222534
285,1083,1176,0.6601114869117737
286,1083,3306,0.6600325107574463
287,1083,1189,0.6598936319351196
288,1083,3556,0.6597058176994324
289,1083,679,0.6595094799995422
290,1083,3124,0.6594197154045105
291,1083,3305,0.6593428254127502
292,1083,694,0.6590725183486938
293,1083,654,0.6590725183486938
294,1083,444,0.6589562892913818
295,1083,2672,0.6588635444641113
296,1083,2168,0.6588332653045654
297,1083,1150,0.658774197101593
298,1083,27,0.65874844789505
299,1083,1117,0.6586819887161255
300,1083,2931,0.6586818099021912
301,1083,3465,0.6584682464599609
302,1083,3406,0.6584462523460388
303,1083,1937,0.6584115028381348
304,1083,2499,0.6583272218704224
305,1083,3116,0.6583214402198792
306,1083,2304,0.6582444310188293
307,1083,265,0.6581470966339111
308,1083,55,0.6581081748008728
309,1083,258,0.6580750346183777
310,1083,1852,0.6579616069793701
311,1083,3141,0.6579272150993347
312,1083,763,0.6577978730201721
313,1083,3561,0.6576690077781677
314,1083,3573,0.657664954662323
315,1083,3031,0.6576489210128784
316,1083,1629,0.6576233506202698
317,1083,2821,0.6575570106506348
318,1083,1037,0.6574283838272095
319,1083,1273,0.6574150323867798
320,1083,3205,0.657207727432251
321,1083,2580,0.6570504307746887
322,1083,1123,0.6569782495498657
323,1083,2496,0.6563290953636169
324,1083,3338,0.6563289761543274
325,1083,3546,0.656315803527832
326,1083,2498,0.6562997698783875
327,1083,1110,0.6562366485595703
328,1083,1231,0.6561948657035828
329,1083,1186,0.6561799645423889
330,1083,1164,0.6560268998146057
331,1083,2205,0.6558504700660706
332,1083,1055,0.6556801795959473
333,1083,1199,0.6554365158081055
334,1083,66,0.6554041504859924
335,1083,1948,0.6553314328193665
336,1083,3162,0.6552932858467102
337,1083,1854,0.6552778482437134
338,1083,3520,0.6551981568336487
339,1083,2746,0.6551398634910583
340,1083,3596,0.6551320552825928
341,1083,2161,0.655074417591095
342,1083,1390,0.6549602746963501
343,1083,1638,0.6549275517463684
344,1083,2220,0.6548975110054016
345,1083,1107,0.6548884510993958
346,1083,2210,0.6546755433082581
347,1083,2678,0.6545608639717102
348,1083,1313,0.6541982293128967
349,1083,2290,0.6541436314582825
350,1083,2791,0.653968870639801
351,1083,590,0.6538571119308472
352,1083,3350,0.6534180045127869
353,1083,1851,0.6533161401748657
354,1083,1933,0.6532709002494812
355,1083,3332,0.6531715989112854
356,1083,1456,0.6530488729476929
357,1083,676,0.6530162692070007
358,1083,3646,0.6529830098152161
359,1083,404,0.65288245677948
360,1083,2175,0.6527301073074341
361,1083,1161,0.6524099111557007
362,1083,1573,0.6522977948188782
363,1083,502,0.6521750092506409
364,1083,656,0.6521553993225098
365,1083,714,0.6520689129829407
366,1083,3410,0.6518574357032776
367,1083,227,0.6518242955207825
368,1083,2200,0.6518168449401855
369,1083,761,0.6518076062202454
370,1083,2670,0.6516997218132019
371,1083,723,0.6516344547271729
372,1083,425,0.651585578918457
373,1083,473,0.6515318155288696
374,1083,2613,0.6515129804611206
375,1083,1240,0.6514552235603333
376,1083,501,0.6513776779174805
377,1083,1103,0.6513333320617676
378,1083,1293,0.6512840390205383
379,1083,696,0.6511222720146179
380,1083,1057,0.6506015658378601
381,1083,3277,0.6504773497581482
382,1083,469,0.6502820253372192
383,1083,1053,0.649914562702179
384,1083,3226,0.6498189568519592
385,1083,2483,0.6497777700424194
386,1083,3189,0.6496424078941345
387,1083,1074,0.6495000720024109
388,1083,2718,0.6493057012557983
389,1083,2553,0.6492813229560852
390,1083,3319,0.6492239236831665
391,1083,2949,0.6490817070007324
392,1083,3300,0.6487131118774414
393,1083,2730,0.6486937403678894
394,1083,1158,0.6484085917472839
395,1083,2930,0.6484068632125854
396,1083,1612,0.6483449339866638
397,1083,1032,0.6482824683189392
398,1083,3238,0.6481997966766357
399,1083,3531,0.6479622721672058
400,1083,2474,0.6477853059768677
401,1083,2608,0.6476247310638428
402,1083,3233,0.6475834250450134
403,1083,2135,0.647255003452301
404,1083,538,0.6469539999961853
405,1083,48,0.646931529045105
406,1083,2723,0.6468634009361267
407,1083,2577,0.6467256546020508
408,1083,868,0.6462855339050293
409,1083,3181,0.6462699770927429
410,1083,3371,0.6462546586990356
411,1083,1098,0.6460397243499756
412,1083,3248,0.6460244655609131
413,1083,3185,0.6459940671920776
414,1083,235,0.6459508538246155
415,1083,1246,0.6458681225776672
416,1083,2501,0.6458052396774292
417,1083,3514,0.6457736492156982
418,1083,599,0.6456159353256226
419,1083,3382,0.6455768942832947
420,1083,3599,0.6452963948249817
421,1083,3461,0.6452429890632629
422,1083,2332,0.6450043320655823
423,1083,3119,0.6449955701828003
424,1083,535,0.6448616981506348
425,1083,438,0.6448191404342651
426,1083,686,0.6446301341056824
427,1083,445,0.6443606615066528
428,1083,2295,0.6442863941192627
429,1083,3315,0.6442658305168152
430,1083,50,0.6441595554351807
431,1083,489,0.6441531777381897
432,1083,3342,0.6440411806106567
433,1083,3540,0.6438592672348022
434,1083,3199,0.6438449025154114
435,1083,2169,0.6437752842903137
436,1083,3224,0.6437600255012512
437,1083,3295,0.6437538266181946
438,1083,3225,0.6435549259185791
439,1083,3595,0.6434601545333862
440,1083,1343,0.6433481574058533
441,1083,2150,0.6432176232337952
442,1083,2788,0.6430678963661194
443,1083,2477,0.6428899168968201
444,1083,2597,0.6427212357521057
445,1083,3058,0.6426106691360474
446,1083,519,0.6425342559814453
447,1083,1048,0.6424073576927185
448,1083,224,0.6424039602279663
449,1083,3177,0.6423534154891968
450,1083,504,0.6422759890556335
451,1083,1101,0.6422186493873596
452,1083,3430,0.6421639919281006
453,1083,1661,0.6419750452041626
454,1083,2620,0.6418501734733582
455,1083,3047,0.64174884557724
456,1083,1210,0.6416574716567993
457,1083,1578,0.6415584683418274
458,1083,3151,0.6415314078330994
459,1083,1929,0.6414874792098999
460,1083,3298,0.6414465308189392
461,1083,1096,0.6412857174873352
462,1083,647,0.6412194967269897
463,1083,248,0.641166090965271
464,1083,2187,0.641070544719696
465,1083,2570,0.64097660779953
466,1083,771,0.6409463882446289
467,1083,3115,0.6408941745758057
468,1083,3581,0.6405068635940552
469,1083,3537,0.640383243560791
470,1083,3564,0.6402379870414734
471,1083,111,0.6402182579040527
472,1083,2966,0.6399372220039368
473,1083,231,0.6398060321807861
474,1083,3459,0.6397745609283447
475,1083,3229,0.6397450566291809
476,1083,3594,0.6395484805107117
477,1083,710,0.6394968032836914
478,1083,1677,0.6394356489181519
479,1083,1643,0.6391770243644714
480,1083,2726,0.6391534805297852
481,1083,3578,0.6390306949615479
482,1083,2745,0.6389158368110657
483,1083,3062,0.6388057470321655
484,1083,520,0.6387640237808228
485,1083,865,0.6387245655059814
486,1083,2830,0.638658344745636
487,1083,3273,0.6385849714279175
488,1083,3386,0.6384655833244324
489,1083,517,0.6384372115135193
490,1083,812,0.6383490562438965
491,1083,1127,0.6382491588592529
492,1083,614,0.6381449699401855
493,1083,1949,0.6381284594535828
494,1083,1662,0.6380608677864075
495,1083,1886,0.6379624009132385
496,1083,1204,0.6379458904266357
497,1083,3568,0.6379263997077942
498,1083,1071,0.6377189755439758
499,1083,3176,0.6375911235809326
500,1083,2867,0.6375585198402405
501,1083,3428,0.6373270750045776
502,1083,677,0.6369467973709106
503,1083,1132,0.6369231939315796
504,1083,1042,0.6368403434753418
505,1083,555,0.6364196538925171
506,1083,672,0.6359860301017761
507,1083,3313,0.6359351277351379
508,1083,735,0.6356797814369202
509,1083,122,0.6356335878372192
510,1083,841,0.6355661749839783
511,1083,465,0.6351609826087952
512,1083,3450,0.6351463794708252
513,1083,612,0.6349331736564636
514,1083,1063,0.6346561908721924
515,1083,743,0.6345562934875488
516,1083,3347,0.6343926191329956
517,1083,1334,0.6343534588813782
518,1083,644,0.6342553496360779
519,1083,1424,0.6340516805648804
520,1083,429,0.634027361869812
521,1083,2729,0.6339576244354248
522,1083,1112,0.6335304379463196
523,1083,1404,0.6330485343933105
524,1083,856,0.6329537630081177
525,1083,2197,0.6326635479927063
526,1083,3642,0.6326296925544739
527,1083,500,0.6325639486312866
528,1083,2112,0.6325538158416748
529,1083,3425,0.6323425769805908
530,1083,1095,0.6318053603172302
531,1083,1387,0.6315219402313232
532,1083,3434,0.6314602494239807
533,1083,384,0.6311700344085693
534,1083,1108,0.6309734582901001
535,1083,68,0.6308203935623169
536,1083,2228,0.6308008432388306
537,1083,1137,0.6306823492050171
538,1083,3102,0.6305263638496399
539,1083,2532,0.6304991245269775
540,1083,3202,0.6301756501197815
541,1083,3648,0.6299362182617188
542,1083,3523,0.6298010349273682
543,1083,705,0.6296937465667725
544,1083,228,0.6296111345291138
545,1083,3337,0.6295831203460693
546,1083,2171,0.6295247673988342
547,1083,1078,0.6294172406196594
548,1083,653,0.6291931867599487
549,1083,3650,0.6290596127510071
550,1083,3645,0.6289631128311157
551,1083,2541,0.6288198232650757
552,1083,1882,0.6287314891815186
553,1083,100,0.6281212568283081
554,1083,3521,0.6280487775802612
555,1083,683,0.6279288530349731
556,1083,1847,0.6279011964797974
557,1083,2314,0.6276769638061523
558,1083,496,0.6276271343231201
559,1083,112,0.6275284886360168
560,1083,2761,0.6273449659347534
561,1083,261,0.6272680163383484
562,1083,512,0.6271528005599976
563,1083,3345,0.6271152496337891
564,1083,1308,0.6270653605461121
565,1083,1314,0.6267306804656982
566,1083,2860,0.6267110109329224
567,1083,2214,0.6265312433242798
568,1083,28,0.6264632940292358
569,1083,737,0.6262958645820618
570,1083,1181,0.6262550950050354
571,1083,3590,0.6262549757957458
572,1083,459,0.6260724067687988
573,1083,2735,0.6259952783584595
574,1083,1671,0.625993549823761
575,1083,2700,0.6259859204292297
576,1083,2836,0.6258935332298279
577,1083,536,0.6257951259613037
578,1083,3603,0.6256018280982971
579,1083,2848,0.6255620121955872
580,1083,2815,0.6254514455795288
581,1083,2485,0.6253480315208435
582,1083,2293,0.6252173185348511
583,1083,1413,0.6251653432846069
584,1083,483,0.6246910095214844
585,1083,1936,0.6242243051528931
586,1083,845,0.6238933801651001
587,1083,3649,0.6238213181495667
588,1083,2159,0.6236203908920288
589,1083,1695,0.6235948801040649
590,1083,697,0.6235487461090088
591,1083,2584,0.6233925223350525
592,1083,2701,0.6232994198799133
593,1083,1311,0.6230946183204651
594,1083,1906,0.6228846311569214
595,1083,3623,0.6227319240570068
596,1083,641,0.6226053833961487
597,1083,297,0.6224396824836731
598,1083,860,0.6223892569541931
599,1083,3583,0.6223517656326294
600,1083,2203,0.622144341468811
601,1083,491,0.6220199465751648
602,1083,3399,0.6219156384468079
603,1083,2468,0.6218461394309998
604,1083,3217,0.6217658519744873
605,1083,1964,0.6217062473297119
606,1083,1724,0.6216505765914917
607,1083,2755,0.621634840965271
608,1083,1904,0.6215499043464661
609,1083,88,0.621451735496521
610,1083,3122,0.621392011642456
611,1083,1215,0.6213564872741699
612,1083,2925,0.6212690472602844
613,1083,662,0.621131420135498
614,1083,2448,0.6208742260932922
615,1083,3245,0.6207338571548462
616,1083,1226,0.6207303404808044
617,1083,410,0.6206987500190735
618,1083,391,0.6206861138343811
619,1083,2556,0.6206707954406738
620,1083,2728,0.6206239461898804
621,1083,3097,0.6205580830574036
622,1083,3417,0.6204535961151123
623,1083,3200,0.6203044652938843
624,1083,1163,0.6202313899993896
625,1083,765,0.62021404504776
626,1083,3336,0.6198743581771851
627,1083,113,0.6197617053985596
628,1083,2309,0.6197330355644226
629,1083,2359,0.6193987131118774
630,1083,727,0.6193862557411194
631,1083,3548,0.6193041801452637
632,1083,463,0.6193027496337891
633,1083,2334,0.619296669960022
634,1083,1434,0.6191450357437134
635,1083,1386,0.6191339492797852
636,1083,3210,0.6191131472587585
637,1083,1680,0.6190755367279053
638,1083,1362,0.6189306378364563
639,1083,2841,0.6189159750938416
640,1083,3633,0.6188244819641113
641,1083,539,0.618812084197998
642,1083,498,0.61872798204422
643,1083,3574,0.6186208724975586
644,1083,2682,0.6185770034790039
645,1083,3322,0.6184008121490479
646,1083,3296,0.618183434009552
647,1083,562,0.6180969476699829
648,1083,3370,0.618073046207428
649,1083,1339,0.6180216670036316
650,1083,2538,0.6178135275840759
651,1083,2866,0.6176241636276245
652,1083,1685,0.6174392700195312
653,1083,3213,0.6173885464668274
654,1083,3302,0.6173150539398193
655,1083,3051,0.6172705292701721
656,1083,2703,0.6171713471412659
657,1083,497,0.6171453595161438
658,1083,3592,0.6170809268951416
659,1083,3255,0.6170291900634766
660,1083,616,0.6170118451118469
661,1083,2221,0.6170021295547485
662,1083,3117,0.6169312596321106
663,1083,861,0.6169290542602539
664,1083,3280,0.6168366074562073
665,1083,3569,0.6165332198143005
666,1083,1450,0.6165028810501099
667,1083,1177,0.6164133548736572
668,1083,128,0.6163981556892395
669,1083,1973,0.6161970496177673
670,1083,2185,0.6161458492279053
671,1083,613,0.6161221861839294
672,1083,1379,0.616054356098175
673,1083,2837,0.6160464882850647
674,1083,648,0.6158853769302368
675,1083,3563,0.6156777739524841
676,1083,533,0.6155576109886169
677,1083,1300,0.6153329014778137
678,1083,503,0.6152995824813843
679,1083,2943,0.6152129769325256
680,1083,2591,0.6152047514915466
681,1083,618,0.6151783466339111
682,1083,3056,0.6151658892631531
683,1083,1574,0.6147677302360535
684,1083,2484,0.6147295832633972
685,1083,1317,0.6147218942642212
686,1083,2676,0.61471027135849
687,1083,689,0.6147058010101318
688,1083,760,0.6146427392959595
689,1083,3246,0.6145032644271851
690,1083,1234,0.6144160628318787
691,1083,717,0.6143274903297424
692,1083,442,0.6142351031303406
693,1083,238,0.6135754585266113
694,1083,3174,0.6133254766464233
695,1083,382,0.6131991147994995
696,1083,3380,0.6131290793418884
697,1083,561,0.6130765080451965
698,1083,3152,0.6130315065383911
699,1083,878,0.6129624247550964
700,1083,2199,0.6128408908843994
701,1083,869,0.612712562084198
702,1083,719,0.6125158667564392
703,1083,2472,0.6123633980751038
704,1083,2376,0.6123203039169312
705,1083,2772,0.611984133720398
706,1083,3575,0.6118186116218567
707,1083,3135,0.6116998195648193
708,1083,3420,0.6116591691970825
709,1083,3257,0.6114799976348877
710,1083,2457,0.6114684343338013
711,1083,3397,0.6114402413368225
712,1083,93,0.611395537853241
713,1083,1998,0.6113014817237854
714,1083,3173,0.6112624406814575
715,1083,2180,0.6112067103385925
716,1083,3401,0.6111376881599426
717,1083,2016,0.6109424233436584
718,1083,3652,0.6109378933906555
719,1083,2047,0.6107065677642822
720,1083,1777,0.6106213331222534
721,1083,2819,0.610449492931366
722,1083,1698,0.6103159785270691
723,1083,415,0.6102423667907715
724,1083,493,0.6098469495773315
725,1083,1468,0.6098159551620483
726,1083,2752,0.6096720695495605
727,1083,1109,0.6096219420433044
728,1083,226,0.6095165014266968
729,1083,554,0.6093202829360962
730,1083,2626,0.6092134118080139
731,1083,251,0.6091887354850769
732,1083,3641,0.6090300679206848
733,1083,781,0.6089602708816528
734,1083,620,0.6087889671325684
735,1083,3395,0.6086461544036865
736,1083,2300,0.6086103916168213
737,1083,3400,0.6085752844810486
738,1083,3377,0.6083176136016846
739,1083,1381,0.6082705855369568
740,1083,1335,0.6082698702812195
741,1083,439,0.6082552075386047
742,1083,407,0.6082292795181274
743,1083,3628,0.6081015467643738
744,1083,1294,0.6080774068832397
745,1083,2686,0.6079310774803162
746,1083,1316,0.6077658534049988
747,1083,3640,0.607699453830719
748,1083,3411,0.6075326800346375
749,1083,708,0.6073920130729675
750,1083,569,0.6073795557022095
751,1083,2186,0.6073094010353088
752,1083,3653,0.6072965860366821
753,1083,619,0.6072261333465576
754,1083,3604,0.607175350189209
755,1083,2816,0.6071448922157288
756,1083,2831,0.6070060729980469
757,1083,1899,0.6069753170013428
758,1083,3025,0.6066344976425171
759,1083,1995,0.6066132187843323
760,1083,540,0.6065289974212646
761,1083,2853,0.6064612865447998
762,1083,1268,0.6064215898513794
763,1083,1617,0.6063871383666992
764,1083,3333,0.6063700318336487
765,1083,3551,0.60627281665802
766,1083,3286,0.6061432361602783
767,1083,764,0.606142520904541
768,1083,704,0.6060954332351685
769,1083,3589,0.6060850024223328
770,1083,1732,0.6060019731521606
771,1083,118,0.6059489846229553
772,1083,3125,0.60593581199646
773,1083,1720,0.6058148741722107
774,1083,2217,0.6056851148605347
775,1083,3601,0.6055738925933838
776,1083,2327,0.6055598855018616
777,1083,3654,0.6054255366325378
778,1083,1301,0.6053966283798218
779,1083,545,0.6053506135940552
780,1083,2793,0.6048441529273987
781,1083,2764,0.6048250198364258
782,1083,3626,0.6047526597976685
783,1083,3326,0.6047450304031372
784,1083,3346,0.6047323346138
785,1083,2825,0.6044515371322632
786,1083,2695,0.6043047904968262
787,1083,839,0.6042537689208984
788,1083,38,0.6042501330375671
789,1083,3639,0.6037405133247375
790,1083,1742,0.6037304401397705
791,1083,2610,0.603708028793335
792,1083,3528,0.6037066578865051
793,1083,14,0.6033914685249329
794,1083,1145,0.6033897995948792
795,1083,435,0.603073239326477
796,1083,1717,0.6030353903770447
797,1083,2202,0.6027863621711731
798,1083,3615,0.6027266383171082
799,1083,1038,0.6024280190467834
800,1083,1033,0.6022230386734009
801,1083,1630,0.6019270420074463
802,1083,1418,0.6018330454826355
803,1083,1874,0.6018275022506714
804,1083,1944,0.6017559170722961
805,1083,1968,0.6016920804977417
806,1083,1441,0.6016064286231995
807,1083,488,0.6015556454658508
808,1083,3269,0.6014341115951538
809,1083,1198,0.6013288497924805
810,1083,2673,0.6012903451919556
811,1083,1212,0.6012803912162781
812,1083,3231,0.6011430621147156
813,1083,1237,0.6011298894882202
814,1083,2126,0.6010672450065613
815,1083,606,0.6010521650314331
816,1083,3614,0.6009075045585632
817,1083,3625,0.600891649723053
818,1083,61,0.6007432341575623
819,1083,3621,0.6007208228111267
820,1083,1217,0.6006990671157837
821,1083,2857,0.6005383729934692
822,1083,534,0.6001378297805786
823,1083,1625,0.6000512838363647
824,1083,3094,0.600038468837738
825,1083,2313,0.6000185608863831
826,1083,2543,0.5998553037643433
827,1083,62,0.5998414754867554
828,1083,1120,0.5998031497001648
829,1083,456,0.5993571877479553
830,1083,3206,0.5991128087043762
831,1083,1245,0.599054753780365
832,1083,3644,0.5990524291992188
833,1083,838,0.5987733006477356
834,1083,2606,0.5987504720687866
835,1083,1304,0.5987367630004883
836,1083,1579,0.5987076163291931
837,1083,2393,0.5986891984939575
838,1083,1432,0.5986531376838684
839,1083,3532,0.5986165404319763
840,1083,1194,0.5983834266662598
841,1083,1068,0.5983072519302368
842,1083,69,0.5981352925300598
843,1083,2749,0.5981100797653198
844,1083,2779,0.5980817675590515
845,1083,2167,0.5980166792869568
846,1083,1392,0.597901463508606
847,1083,2545,0.597840428352356
848,1083,611,0.5978164076805115
849,1083,467,0.5976342558860779
850,1083,3547,0.5974169373512268
851,1083,1926,0.5972684621810913
852,1083,1241,0.5972059965133667
853,1083,2744,0.5968220829963684
854,1083,1697,0.5967112183570862
855,1083,453,0.5963189601898193
856,1083,736,0.5962523221969604
857,1083,3113,0.5961918234825134
858,1083,3378,0.5961834192276001
859,1083,3284,0.5960144996643066
860,1083,1271,0.5959545969963074
861,1083,2566,0.5959450006484985
862,1083,2957,0.5953982472419739
863,1083,1910,0.5951961278915405
864,1083,870,0.5951231122016907
865,1083,3329,0.5949631333351135
866,1083,3349,0.5948091745376587
867,1083,2589,0.5947718024253845
868,1083,1729,0.5946035385131836
869,1083,700,0.5944113731384277
870,1083,225,0.5942859649658203
871,1083,3314,0.5941305756568909
872,1083,2502,0.5940254926681519
873,1083,1628,0.5940097570419312
874,1083,3049,0.5937185883522034
875,1083,2699,0.593632698059082
876,1083,3303,0.5935770869255066
877,1083,1738,0.5935593247413635
878,1083,1224,0.5935583710670471
879,1083,3328,0.593500018119812
880,1083,552,0.5934306383132935
881,1083,2923,0.5933758616447449
882,1083,1243,0.593340277671814
883,1083,2667,0.5931713581085205
884,1083,518,0.5929405689239502
885,1083,3272,0.5926072597503662
886,1083,1170,0.5924352407455444
887,1083,2190,0.5923972129821777
888,1083,674,0.5922947525978088
889,1083,3454,0.5922414064407349
890,1083,240,0.5921116471290588
891,1083,2674,0.5920367240905762
892,1083,722,0.5919886827468872
893,1083,3586,0.5918578505516052
894,1083,2614,0.5918386578559875
895,1083,692,0.5918200016021729
896,1083,472,0.5917021632194519
897,1083,3050,0.5914977788925171
898,1083,1079,0.5913325548171997
899,1083,1036,0.5913136601448059
900,1083,2717,0.5912690162658691
901,1083,1942,0.5911985039710999
902,1083,1627,0.5911749005317688
903,1083,3040,0.5911341309547424
904,1083,1649,0.5911223292350769
905,1083,54,0.5909428596496582
906,1083,1897,0.5907535552978516
907,1083,2601,0.590750515460968
908,1083,1332,0.5906325578689575
909,1083,1295,0.5905901193618774
910,1083,1321,0.5904874205589294
911,1083,832,0.5903602242469788
912,1083,3587,0.5902164578437805
913,1083,1481,0.5901462435722351
914,1083,1286,0.5901197791099548
915,1083,3562,0.5900942087173462
916,1083,837,0.5900691151618958
917,1083,1977,0.5900264382362366
918,1083,1739,0.5899944305419922
919,1083,9,0.5899865627288818
920,1083,3120,0.5899709463119507
921,1083,3053,0.5899353623390198
922,1083,2464,0.5898255705833435
923,1083,423,0.5896689891815186
924,1083,2625,0.5896062850952148
925,1083,807,0.5896055102348328
926,1083,3320,0.5895571708679199
927,1083,1898,0.5894947052001953
928,1083,1494,0.5894935131072998
929,1083,1943,0.5894875526428223
930,1083,2945,0.58905029296875
931,1083,1174,0.5890448093414307
932,1083,37,0.5890360474586487
933,1083,3290,0.5889803171157837
934,1083,1333,0.5889652371406555
935,1083,2152,0.5889146327972412
936,1083,2668,0.5888855457305908
937,1083,3613,0.5888250470161438
938,1083,3627,0.5888009071350098
939,1083,2568,0.588474690914154
940,1083,3611,0.588407039642334
941,1083,2338,0.588356077671051
942,1083,2604,0.5881714820861816
943,1083,3637,0.5881330370903015
944,1083,2759,0.5879848599433899
945,1083,2065,0.5879277586936951
946,1083,1499,0.5877959132194519
947,1083,1059,0.5877549648284912
948,1083,2311,0.5877087116241455
949,1083,2182,0.5875684022903442
950,1083,91,0.587537944316864
951,1083,3545,0.587391197681427
952,1083,1407,0.5872581601142883
953,1083,3216,0.5868212580680847
954,1083,3533,0.5867874026298523
955,1083,748,0.5866104960441589
956,1083,2783,0.5863121747970581
957,1083,3396,0.5863091349601746
958,1083,2374,0.586233913898468
959,1083,3254,0.5860468745231628
960,1083,3184,0.586030125617981
961,1083,2339,0.5857740640640259
962,1083,1614,0.5857268571853638
963,1083,1633,0.5855733156204224
964,1083,3289,0.5855597853660583
965,1083,408,0.5853574275970459
966,1083,1462,0.5852118134498596
967,1083,3390,0.5849189758300781
968,1083,2071,0.5849108695983887
969,1083,1305,0.5847565531730652
970,1083,643,0.584650456905365
971,1083,557,0.584548830986023
972,1083,1918,0.5842075347900391
973,1083,2160,0.5841606855392456
974,1083,2286,0.5839531421661377
975,1083,1380,0.5833158493041992
976,1083,1152,0.5832558274269104
977,1083,40,0.583195149898529
978,1083,867,0.5829772353172302
979,1083,2698,0.5828506350517273
980,1083,2581,0.5827840566635132
981,1083,3423,0.5826796293258667
982,1083,3464,0.5824461579322815
983,1083,2395,0.5823817849159241
984,1083,1141,0.582366943359375
985,1083,300,0.5823654532432556
986,1083,1113,0.5823630094528198
987,1083,639,0.5822525024414062
988,1083,3340,0.5821762681007385
989,1083,260,0.5820326805114746
990,1083,414,0.5818776488304138
991,1083,2343,0.5818347930908203
992,1083,2540,0.5817434787750244
993,1083,2721,0.5816777348518372
994,1083,2184,0.5814998149871826
995,1083,2748,0.581418514251709
996,1083,1855,0.5813994407653809
997,1083,2173,0.5813786387443542
998,1083,433,0.5809571146965027
999,1083,3188,0.580927848815918
1000,1083,487,0.5808475613594055
1001,1083,3330,0.5807943940162659
1002,1083,1879,0.580792248249054
1003,1083,71,0.5805827379226685
1004,1083,3287,0.5804980397224426
1005,1083,3403,0.5803995728492737
1006,1083,1514,0.5802486538887024
1007,1083,56,0.5798932313919067
1008,1083,824,0.5796831846237183
1009,1083,2868,0.5794160962104797
1010,1083,2871,0.5794106125831604
1011,1083,1654,0.5793763995170593
1012,1083,1684,0.5792542695999146
1013,1083,2905,0.5791881084442139
1014,1083,2219,0.5790124535560608
1015,1083,3312,0.5788267254829407
1016,1083,2370,0.5787137746810913
1017,1083,3381,0.5787004828453064
1018,1083,3593,0.5785719752311707
1019,1083,2739,0.5784905552864075
1020,1083,1406,0.5784487724304199
1021,1083,3597,0.5782444477081299
1022,1083,1233,0.5782301425933838
1023,1083,2006,0.5781869888305664
1024,1083,2170,0.5780585408210754
1025,1083,2206,0.5780094265937805
1026,1083,2928,0.5779725313186646
1027,1083,2554,0.577961266040802
1028,1083,1336,0.5773254036903381
1029,1083,3265,0.5772026777267456
1030,1083,1138,0.5770938992500305
1031,1083,2195,0.5770091414451599
1032,1083,1278,0.5767539143562317
1033,1083,1065,0.5766712427139282
1034,1083,2437,0.5765713453292847
1035,1083,3609,0.5765659809112549
1036,1083,1955,0.5764731168746948
1037,1083,2425,0.5762763023376465
1038,1083,1323,0.5762686133384705
1039,1083,3325,0.5759992003440857
1040,1083,1728,0.5759613513946533
1041,1083,1125,0.5759576559066772
1042,1083,790,0.5759134292602539
1043,1083,2936,0.5758446455001831
1044,1083,767,0.5756045579910278
1045,1083,466,0.5753986835479736
1046,1083,470,0.5753759145736694
1047,1083,3308,0.5749313235282898
1048,1083,1896,0.5748885869979858
1049,1083,1254,0.5748639702796936
1050,1083,3054,0.5747504234313965
1051,1083,481,0.5746909976005554
1052,1083,3263,0.5746263265609741
1053,1083,3559,0.5745559930801392
1054,1083,2506,0.5743564367294312
1055,1083,1172,0.5740965008735657
1056,1083,1884,0.5740194916725159
1057,1083,426,0.5737674236297607
1058,1083,2922,0.5736744999885559
1059,1083,2222,0.573549747467041
1060,1083,859,0.5735383033752441
1061,1083,1626,0.5734705924987793
1062,1083,83,0.5734473466873169
1063,1083,1913,0.57332444190979
1064,1083,1310,0.5732870101928711
1065,1083,3198,0.5732018947601318
1066,1083,2207,0.5730096101760864
1067,1083,2803,0.5729348659515381
1068,1083,3215,0.5728647708892822
1069,1083,1054,0.5727819204330444
1070,1083,3327,0.5726897120475769
1071,1083,246,0.5726549029350281
1072,1083,1849,0.5725542306900024
1073,1083,1803,0.5723259449005127
1074,1083,1384,0.5722880363464355
1075,1083,2301,0.5721912980079651
1076,1083,3619,0.5721430778503418
1077,1083,3529,0.5719897150993347
1078,1083,2377,0.5718596577644348
1079,1083,2582,0.5717813372612
1080,1083,2303,0.5717374682426453
1081,1083,1699,0.571070671081543
1082,1083,638,0.5709233283996582
1083,1083,1877,0.5708916187286377
1084,1083,1503,0.5705289244651794
1085,1083,2827,0.5700274705886841
1086,1083,2870,0.5698009729385376
1087,1083,3387,0.5697877407073975
1088,1083,916,0.5696755051612854
1089,1083,796,0.5694844126701355
1090,1083,659,0.5692374110221863
1091,1083,1320,0.5692274570465088
1092,1083,1070,0.5688667893409729
1093,1083,2802,0.568732738494873
1094,1083,3323,0.5686033368110657
1095,1083,2932,0.5684944987297058
1096,1083,1859,0.5684741735458374
1097,1083,814,0.5684604644775391
1098,1083,1341,0.5682766437530518
1099,1083,1959,0.5679702758789062
1100,1083,2497,0.5679013133049011
1101,1083,2307,0.5677807331085205
1102,1083,726,0.567420482635498
1103,1083,1252,0.5672562718391418
1104,1083,383,0.5671451687812805
1105,1083,2796,0.5667937397956848
1106,1083,1076,0.5666294693946838
1107,1083,1326,0.5665314197540283
1108,1083,1703,0.5664019584655762
1109,1083,2516,0.5663934350013733
1110,1083,1045,0.5663811564445496
1111,1083,3444,0.5662460327148438
1112,1083,1459,0.5662133097648621
1113,1083,1631,0.5661704540252686
1114,1083,3088,0.5660104751586914
1115,1083,1476,0.566007673740387
1116,1083,1676,0.5659017562866211
1117,1083,3099,0.5658995509147644
1118,1083,1634,0.5657274723052979
1119,1083,2981,0.565524697303772
1120,1083,360,0.5655052661895752
1121,1083,1398,0.565424919128418
1122,1083,3030,0.5652612447738647
1123,1083,2861,0.5650898814201355
1124,1083,2777,0.5649862885475159
1125,1083,305,0.5648494362831116
1126,1083,2683,0.5648387670516968
1127,1083,3093,0.5646015405654907
1128,1083,2103,0.5643784999847412
1129,1083,454,0.5643520951271057
1130,1083,1228,0.5642923712730408
1131,1083,650,0.564094603061676
1132,1083,570,0.5640549659729004
1133,1083,3655,0.5640282034873962
1134,1083,2650,0.5637563467025757
1135,1083,451,0.5635843873023987
1136,1083,2594,0.5635148882865906
1137,1083,85,0.5635079741477966
1138,1083,3341,0.5634344816207886
1139,1083,2691,0.5630451440811157
1140,1083,1400,0.5630289912223816
1141,1083,2563,0.5629932880401611
1142,1083,1178,0.5629637837409973
1143,1083,3348,0.5629026293754578
1144,1083,455,0.5628852844238281
1145,1083,3543,0.5628691911697388
1146,1083,3636,0.562866747379303
1147,1083,1658,0.5626693964004517
1148,1083,99,0.5625146627426147
1149,1083,19,0.5622001886367798
1150,1083,12,0.5620208978652954
1151,1083,3100,0.5618280172348022
1152,1083,3515,0.5618143677711487
1153,1083,1285,0.5617279410362244
1154,1083,457,0.5617232918739319
1155,1083,3086,0.5617009401321411
1156,1083,39,0.5616666078567505
1157,1083,2780,0.561353325843811
1158,1083,1655,0.5611988306045532
1159,1083,3647,0.5611685514450073
1160,1083,508,0.5609129667282104
1161,1083,2344,0.560836911201477
1162,1083,1220,0.5607532858848572
1163,1083,1930,0.5607288479804993
1164,1083,1445,0.5607187747955322
1165,1083,510,0.5605229735374451
1166,1083,2535,0.5604161620140076
1167,1083,2781,0.5602405071258545
1168,1083,3518,0.5601664781570435
1169,1083,1504,0.5600444674491882
1170,1083,1862,0.5600317716598511
1171,1083,2330,0.5599343180656433
1172,1083,1296,0.559841513633728
1173,1083,3307,0.559783935546875
1174,1083,2455,0.5597707629203796
1175,1083,86,0.5597273111343384
1176,1083,2014,0.5596016049385071
1177,1083,556,0.5594200491905212
1178,1083,3159,0.5593851804733276
1179,1083,412,0.5592843294143677
1180,1083,3264,0.5592620372772217
1181,1083,746,0.5592570900917053
1182,1083,11,0.5592405200004578
1183,1083,633,0.5590997338294983
1184,1083,3549,0.559008777141571
1185,1083,1941,0.5589953064918518
1186,1083,87,0.5588787794113159
1187,1083,2762,0.5587190389633179
1188,1083,2308,0.5586873292922974
1189,1083,3055,0.5586441159248352
1190,1083,2323,0.5585998892784119
1191,1083,2142,0.5585906505584717
1192,1083,2488,0.5585505366325378
1193,1083,1242,0.558481752872467
1194,1083,3535,0.5584800839424133
1195,1083,3582,0.5583708882331848
1196,1083,2519,0.558265209197998
1197,1083,2291,0.5582329034805298
1198,1083,799,0.5581600069999695
1199,1083,3211,0.5579908490180969
1200,1083,1890,0.5577946305274963
1201,1083,739,0.5576343536376953
1202,1083,3407,0.5573281049728394
1203,1083,2939,0.5570429563522339
1204,1083,1863,0.5569930076599121
1205,1083,1635,0.5569778680801392
1206,1083,610,0.5568361282348633
1207,1083,1846,0.5567217469215393
1208,1083,646,0.5565609335899353
1209,1083,2881,0.556432843208313
1210,1083,1570,0.5563419461250305
1211,1083,3432,0.5562825202941895
1212,1083,1330,0.5558527708053589
1213,1083,3180,0.5555218458175659
1214,1083,3534,0.5555216073989868
1215,1083,1244,0.5554407238960266
1216,1083,3227,0.5551986694335938
1217,1083,805,0.5549423098564148
1218,1083,1669,0.5548681616783142
1219,1083,3394,0.5547977685928345
1220,1083,3276,0.5547155737876892
1221,1083,64,0.5546722412109375
1222,1083,1836,0.5545881986618042
1223,1083,1451,0.5545098781585693
1224,1083,3451,0.5544283986091614
1225,1083,2090,0.5542770624160767
1226,1083,2048,0.5541155338287354
1227,1083,3114,0.5540581345558167
1228,1083,544,0.5540111064910889
1229,1083,2513,0.5539317727088928
1230,1083,3291,0.5538653135299683
1231,1083,1613,0.5537362098693848
1232,1083,2194,0.5536496043205261
1233,1083,1891,0.5535224676132202
1234,1083,3261,0.5533542037010193
1235,1083,1931,0.5532207489013672
1236,1083,800,0.5530688166618347
1237,1083,1393,0.553045928478241
1238,1083,3435,0.5525549650192261
1239,1083,3098,0.5524516105651855
1240,1083,3352,0.5523821115493774
1241,1083,2826,0.552316427230835
1242,1083,2828,0.5522973537445068
1243,1083,1624,0.5519720315933228
1244,1083,3391,0.5519258379936218
1245,1083,2927,0.5518782734870911
1246,1083,3042,0.551875650882721
1247,1083,104,0.5517497062683105
1248,1083,417,0.5517424941062927
1249,1083,1235,0.5513142943382263
1250,1083,1683,0.5512630343437195
1251,1083,830,0.5512614846229553
1252,1083,1425,0.5512259602546692
1253,1083,2916,0.551124095916748
1254,1083,2714,0.5509727001190186
1255,1083,1263,0.5503292083740234
1256,1083,461,0.5503207445144653
1257,1083,1208,0.5501074194908142
1258,1083,634,0.5500459671020508
1259,1083,1257,0.5500203967094421
1260,1083,2134,0.5499408841133118
1261,1083,229,0.5496156811714172
1262,1083,678,0.5495370030403137
1263,1083,3429,0.5495189428329468
1264,1083,1716,0.5493451356887817
1265,1083,2346,0.5490239262580872
1266,1083,1708,0.5488985180854797
1267,1083,1358,0.5488617420196533
1268,1083,811,0.5488324165344238
1269,1083,1328,0.5488060712814331
1270,1083,35,0.5486502051353455
1271,1083,432,0.5484617352485657
1272,1083,2002,0.5483301281929016
1273,1083,3077,0.5483163595199585
1274,1083,1893,0.5483112335205078
1275,1083,809,0.5482867956161499
1276,1083,2906,0.5482007265090942
1277,1083,3,0.5480522513389587
1278,1083,2595,0.5478555560112
1279,1083,691,0.5478537678718567
1280,1083,2795,0.547709047794342
1281,1083,2458,0.5475073456764221
1282,1083,1239,0.5473374724388123
1283,1083,1256,0.5473315715789795
1284,1083,1116,0.5470333099365234
1285,1083,1276,0.547031819820404
1286,1083,675,0.5469949245452881
1287,1083,475,0.5466316938400269
1288,1083,2460,0.5466229915618896
1289,1083,1397,0.5466150641441345
1290,1083,3260,0.5464662909507751
1291,1083,2371,0.5464285612106323
1292,1083,660,0.5464123487472534
1293,1083,1866,0.5462613701820374
1294,1083,16,0.5461365580558777
1295,1083,3112,0.5459539890289307
1296,1083,2329,0.5458840727806091
1297,1083,3129,0.5458593964576721
1298,1083,3201,0.5458433628082275
1299,1083,2970,0.5455798506736755
1300,1083,3321,0.5455082654953003
1301,1083,1673,0.5454882383346558
1302,1083,3212,0.545447826385498
1303,1083,1284,0.545433521270752
1304,1083,2328,0.5454010963439941
1305,1083,813,0.5452938079833984
1306,1083,2938,0.5452864170074463
1307,1083,3249,0.5451969504356384
1308,1083,107,0.5451297760009766
1309,1083,2032,0.545060932636261
1310,1083,1983,0.545009970664978
1311,1083,1954,0.5448090434074402
1312,1083,3023,0.5447704792022705
1313,1083,2937,0.544486403465271
1314,1083,1452,0.544376015663147
1315,1083,1377,0.5443211197853088
1316,1083,948,0.543782651424408
1317,1083,740,0.5437477827072144
1318,1083,831,0.5437434911727905
1319,1083,1602,0.543153703212738
1320,1083,3408,0.5430970788002014
1321,1083,2787,0.5428680777549744
1322,1083,819,0.542814314365387
1323,1083,1267,0.5426096320152283
1324,1083,2811,0.5423415303230286
1325,1083,2790,0.5421170592308044
1326,1083,3239,0.5421149134635925
1327,1083,2176,0.5420071482658386
1328,1083,1190,0.541945219039917
1329,1083,1396,0.5416961908340454
1330,1083,734,0.5416790246963501
1331,1083,762,0.5416784286499023
1332,1083,543,0.5415645241737366
1333,1083,2109,0.5415468215942383
1334,1083,2318,0.5414502024650574
1335,1083,2741,0.5413108468055725
1336,1083,604,0.5412208437919617
1337,1083,1865,0.5411580801010132
1338,1083,2041,0.5410183668136597
1339,1083,1714,0.5407813191413879
1340,1083,1444,0.5407395362854004
1341,1083,243,0.5402941703796387
1342,1083,1575,0.5402556657791138
1343,1083,3281,0.5402020812034607
1344,1083,3070,0.5400269031524658
1345,1083,268,0.5400158762931824
1346,1083,3169,0.5399402976036072
1347,1083,3240,0.5398406982421875
1348,1083,595,0.5397026538848877
1349,1083,3339,0.5396856665611267
1350,1083,1733,0.5396790504455566
1351,1083,1586,0.5396628975868225
1352,1083,2178,0.539251446723938
1353,1083,817,0.5391515493392944
1354,1083,2400,0.5389197468757629
1355,1083,3232,0.5388550758361816
1356,1083,1327,0.5387683510780334
1357,1083,2913,0.5387170314788818
1358,1083,2824,0.5386639833450317
1359,1083,2507,0.5384750962257385
1360,1083,2379,0.5384098291397095
1361,1083,2518,0.5380135774612427
1362,1083,2375,0.5378702878952026
1363,1083,2105,0.5376779437065125
1364,1083,3032,0.5375534892082214
1365,1083,1656,0.5371488332748413
1366,1083,2162,0.5370162725448608
1367,1083,1324,0.5370060801506042
1368,1083,2444,0.5369236469268799
1369,1083,2385,0.536880612373352
1370,1083,2396,0.5366304516792297
1371,1083,3398,0.5366026163101196
1372,1083,2378,0.5364893674850464
1373,1083,2963,0.5363497734069824
1374,1083,3271,0.5361478924751282
1375,1083,608,0.5360817313194275
1376,1083,598,0.5359780192375183
1377,1083,2347,0.5359756946563721
1378,1083,1496,0.5359480381011963
1379,1083,778,0.5359072685241699
1380,1083,808,0.5358763933181763
1381,1083,1584,0.5358731746673584
1382,1083,2012,0.5357205867767334
1383,1083,1681,0.5357033610343933
1384,1083,1467,0.5353109240531921
1385,1083,2326,0.5351842641830444
1386,1083,2447,0.5350594520568848
1387,1083,629,0.5348014235496521
1388,1083,3043,0.534587562084198
1389,1083,2087,0.5345019102096558
1390,1083,1809,0.5342439413070679
1391,1083,3355,0.5341177582740784
1392,1083,3044,0.5340670347213745
1393,1083,256,0.5340030193328857
1394,1083,2101,0.533950686454773
1395,1083,757,0.5338144898414612
1396,1083,1119,0.5337557196617126
1397,1083,2760,0.5336772203445435
1398,1083,3462,0.5335550904273987
1399,1083,1927,0.5333616137504578
1400,1083,458,0.5333543419837952
1401,1083,797,0.533012330532074
1402,1083,1688,0.5328996181488037
1403,1083,2835,0.5328995585441589
1404,1083,1175,0.532889187335968
1405,1083,1472,0.5327712297439575
1406,1083,367,0.53264981508255
1407,1083,699,0.5323682427406311
1408,1083,440,0.5323511958122253
1409,1083,2929,0.5323173403739929
1410,1083,2305,0.5318757891654968
1411,1083,232,0.5318084955215454
1412,1083,3288,0.5317370295524597
1413,1083,2422,0.531681478023529
1414,1083,563,0.5315878987312317
1415,1083,2350,0.5314884781837463
1416,1083,41,0.5314706563949585
1417,1083,2125,0.5314021110534668
1418,1083,1608,0.5311561822891235
1419,1083,2623,0.5310198664665222
1420,1083,1682,0.5309967398643494
1421,1083,2646,0.5308799743652344
1422,1083,3389,0.5305051803588867
1423,1083,1938,0.5303650498390198
1424,1083,2462,0.5302524566650391
1425,1083,548,0.5302268862724304
1426,1083,1453,0.5302181839942932
1427,1083,2369,0.5301584601402283
1428,1083,1845,0.5299919843673706
1429,1083,2181,0.529901921749115
1430,1083,471,0.5298999547958374
1431,1083,1200,0.5297924876213074
1432,1083,3204,0.5296400189399719
1433,1083,2774,0.5295062065124512
1434,1083,2838,0.5294181108474731
1435,1083,3656,0.5290122032165527
1436,1083,452,0.5288347005844116
1437,1083,2596,0.5286821722984314
1438,1083,1010,0.5285314917564392
1439,1083,1909,0.5285120010375977
1440,1083,810,0.5282362103462219
1441,1083,2859,0.5282321572303772
1442,1083,1238,0.5281262397766113
1443,1083,1361,0.5281099677085876
1444,1083,2531,0.5280957221984863
1445,1083,3605,0.5278677344322205
1446,1083,1307,0.5278148055076599
1447,1083,3111,0.5274111032485962
1448,1083,875,0.5272969007492065
1449,1083,418,0.5272232294082642
1450,1083,1325,0.5272120237350464
1451,1083,2218,0.5270870923995972
1452,1083,3630,0.5270513296127319
1453,1083,3301,0.5270333290100098
1454,1083,1433,0.5269407629966736
1455,1083,567,0.5266702175140381
1456,1083,2229,0.5264623165130615
1457,1083,2880,0.5261594653129578
1458,1083,1848,0.5259389281272888
1459,1083,818,0.5257712006568909
1460,1083,1360,0.5257159471511841
1461,1083,505,0.5256295800209045
1462,1083,1883,0.5254583954811096
1463,1083,3436,0.5252631902694702
1464,1083,2298,0.525252640247345
1465,1083,2904,0.5252394080162048
1466,1083,1281,0.5251445770263672
1467,1083,1821,0.5251240730285645
1468,1083,1805,0.5251076221466064
1469,1083,566,0.5249341130256653
1470,1083,3550,0.5248710513114929
1471,1083,2340,0.5248019099235535
1472,1083,3041,0.524601399898529
1473,1083,3402,0.5242494344711304
1474,1083,1888,0.5241495370864868
1475,1083,1706,0.5233932137489319
1476,1083,2127,0.523308277130127
1477,1083,3252,0.5232168436050415
1478,1083,3029,0.5232047438621521
1479,1083,3175,0.5231918692588806
1480,1083,1653,0.5231354832649231
1481,1083,3297,0.5228002667427063
1482,1083,2380,0.5224935412406921
1483,1083,1915,0.5224664807319641
1484,1083,1264,0.5223546624183655
1485,1083,2858,0.5222600698471069
1486,1083,2321,0.5222043991088867
1487,1083,1571,0.5221731066703796
1488,1083,782,0.5219326019287109
1489,1083,63,0.521560788154602
1490,1083,1091,0.5208568572998047
1491,1083,2736,0.5207143425941467
1492,1083,3335,0.5204488635063171
1493,1083,3214,0.5203115940093994
1494,1083,2353,0.5202157497406006
1495,1083,1077,0.5199775695800781
1496,1083,1342,0.519401490688324
1497,1083,3542,0.5193945169448853
1498,1083,2847,0.5192919969558716
1499,1083,1576,0.5192563533782959
1500,1083,3121,0.5192489624023438
1501,1083,1274,0.5191443562507629
1502,1083,2713,0.5189710259437561
1503,1083,3385,0.518947184085846
1504,1083,2120,0.5188689231872559
1505,1083,1980,0.5187880396842957
1506,1083,2177,0.5187509059906006
1507,1083,1722,0.5183969140052795
1508,1083,3007,0.5183615684509277
1509,1083,1834,0.5181101560592651
1510,1083,1359,0.5180980563163757
1511,1083,1969,0.5179832577705383
1512,1083,1082,0.5177749991416931
1513,1083,3203,0.5174400210380554
1514,1083,2075,0.517277717590332
1515,1083,2677,0.5172402262687683
1516,1083,2808,0.51722651720047
1517,1083,731,0.5163397192955017
1518,1083,2754,0.516119658946991
1519,1083,3013,0.5155766010284424
1520,1083,2287,0.5155532360076904
1521,1083,1588,0.5154682993888855
1522,1083,2465,0.515439510345459
1523,1083,712,0.515357255935669
1524,1083,1275,0.515316367149353
1525,1083,1701,0.5153101086616516
1526,1083,1182,0.5152166485786438
1527,1083,2324,0.5151867866516113
1528,1083,3364,0.515083909034729
1529,1083,1465,0.5147545337677002
1530,1083,1185,0.5146403908729553
1531,1083,1820,0.5146225690841675
1532,1083,2469,0.514279842376709
1533,1083,3536,0.5141264200210571
1534,1083,1143,0.5141244530677795
1535,1083,75,0.5140419006347656
1536,1083,2751,0.5139631032943726
1537,1083,3123,0.513933002948761
1538,1083,1840,0.5138887763023376
1539,1083,1702,0.513861894607544
1540,1083,702,0.513809323310852
1541,1083,3638,0.5137912034988403
1542,1083,1763,0.5135838985443115
1543,1083,450,0.5134681463241577
1544,1083,1730,0.5133467316627502
1545,1083,2980,0.513307511806488
1546,1083,3060,0.513267993927002
1547,1083,617,0.5132296085357666
1548,1083,2235,0.5127694010734558
1549,1083,416,0.5127251148223877
1550,1083,854,0.5123499631881714
1551,1083,1382,0.5123018026351929
1552,1083,1958,0.5120317935943604
1553,1083,631,0.5118609070777893
1554,1083,795,0.511857271194458
1555,1083,772,0.5115101337432861
1556,1083,1693,0.5113471746444702
1557,1083,1168,0.511172354221344
1558,1083,1422,0.511092483997345
1559,1083,3414,0.5110241770744324
1560,1083,596,0.5106688737869263
1561,1083,2234,0.5106418132781982
1562,1083,1621,0.5102447867393494
1563,1083,6,0.5099815130233765
1564,1083,327,0.5099472403526306
1565,1083,1992,0.5095500349998474
1566,1083,1461,0.5094348788261414
1567,1083,1667,0.509386420249939
1568,1083,1592,0.5093136429786682
1569,1083,1378,0.508825421333313
1570,1083,1648,0.5086252689361572
1571,1083,320,0.5086171627044678
1572,1083,2183,0.5085582137107849
1573,1083,236,0.5082559585571289
1574,1083,3091,0.5082468390464783
1575,1083,495,0.5081180930137634
1576,1083,2348,0.5080468654632568
1577,1083,1482,0.5079877376556396
1578,1083,681,0.5079596638679504
1579,1083,1726,0.5077895522117615
1580,1083,312,0.5076668858528137
1581,1083,973,0.5076637864112854
1582,1083,2114,0.5076436996459961
1583,1083,3354,0.5075470209121704
1584,1083,2430,0.5073362588882446
1585,1083,1374,0.5070573091506958
1586,1083,1892,0.5069484710693359
1587,1083,239,0.5069278478622437
1588,1083,857,0.5068855285644531
1589,1083,2508,0.506872296333313
1590,1083,1272,0.5066096186637878
1591,1083,1421,0.5065582990646362
1592,1083,3299,0.5063225030899048
1593,1083,2179,0.5061712265014648
1594,1083,3046,0.5061642527580261
1595,1083,2130,0.5061553716659546
1596,1083,3279,0.5061312317848206
1597,1083,2725,0.5058731436729431
1598,1083,1967,0.5058581233024597
1599,1083,1464,0.5056962966918945
1600,1083,2319,0.5056005716323853
1601,1083,3412,0.5055747032165527
1602,1083,2738,0.5050553679466248
1603,1083,1270,0.505005955696106
1604,1083,1021,0.5048331618309021
1605,1083,2529,0.5047612190246582
1606,1083,2724,0.5045990347862244
1607,1083,2588,0.5044937133789062
1608,1083,1651,0.5044882893562317
1609,1083,3244,0.504487156867981
1610,1083,1932,0.5041768550872803
1611,1083,2003,0.5040080547332764
1612,1083,3579,0.5038498640060425
1613,1083,1093,0.5036476850509644
1614,1083,1889,0.5034791827201843
1615,1083,3512,0.5034695863723755
1616,1083,1515,0.5034684538841248
1617,1083,1197,0.5034139752388
1618,1083,1812,0.5032739639282227
1619,1083,2798,0.503038227558136
1620,1083,73,0.5029453039169312
1621,1083,899,0.5025177597999573
1622,1083,1255,0.5024345517158508
1623,1083,528,0.5023548603057861
1624,1083,3538,0.502312958240509
1625,1083,2773,0.502252459526062
1626,1083,3270,0.5022069215774536
1627,1083,1490,0.5021572709083557
1628,1083,2382,0.501995325088501
1629,1083,108,0.5018855929374695
1630,1083,110,0.5017984509468079
1631,1083,18,0.5017666816711426
1632,1083,792,0.5015169978141785
1633,1083,1986,0.5014914274215698
1634,1083,2763,0.5013647675514221
1635,1083,1516,0.5012715458869934
1636,1083,855,0.5012696981430054
1637,1083,815,0.5011575222015381
1638,1083,3530,0.5007749795913696
1639,1083,2117,0.500523030757904
1640,1083,2737,0.5002955198287964
1641,1083,3038,0.5001162886619568
1642,1083,632,0.5000602602958679
1643,1083,1431,0.4997864067554474
1644,1083,3570,0.49944907426834106
1645,1083,2855,0.49943873286247253
1646,1083,1721,0.49935299158096313
1647,1083,2243,0.49934083223342896
1648,1083,2432,0.49932339787483215
1649,1083,2806,0.4988905191421509
1650,1083,2111,0.49873706698417664
1651,1083,527,0.4986196756362915
1652,1083,776,0.49848467111587524
1653,1083,2072,0.49841490387916565
1654,1083,585,0.4982680380344391
1655,1083,720,0.49821949005126953
1656,1083,2884,0.49803397059440613
1657,1083,549,0.49801498651504517
1658,1083,2022,0.49773505330085754
1659,1083,2000,0.49707701802253723
1660,1083,628,0.49699559807777405
1661,1083,1922,0.4969784617424011
1662,1083,1841,0.4968884289264679
1663,1083,2696,0.49686476588249207
1664,1083,2862,0.4967985153198242
1665,1083,842,0.49671727418899536
1666,1083,2023,0.4965420961380005
1667,1083,2051,0.4962601065635681
1668,1083,2611,0.49613136053085327
1669,1083,2418,0.4961043894290924
1670,1083,430,0.49585580825805664
1671,1083,979,0.49571043252944946
1672,1083,3230,0.4957103133201599
1673,1083,2345,0.49556735157966614
1674,1083,2209,0.4954049587249756
1675,1083,2771,0.49523496627807617
1676,1083,2856,0.4950805604457855
1677,1083,3437,0.49503204226493835
1678,1083,3443,0.49492859840393066
1679,1083,770,0.49481379985809326
1680,1083,2147,0.49463126063346863
1681,1083,2132,0.494608074426651
1682,1083,1666,0.49432820081710815
1683,1083,547,0.494174599647522
1684,1083,2433,0.4941471219062805
1685,1083,738,0.4941217005252838
1686,1083,2454,0.4939737319946289
1687,1083,3126,0.4939676523208618
1688,1083,2593,0.4938749074935913
1689,1083,34,0.49386247992515564
1690,1083,2349,0.49385446310043335
1691,1083,2694,0.49373918771743774
1692,1083,2844,0.4935651421546936
1693,1083,1265,0.4933916926383972
1694,1083,2337,0.49326837062835693
1695,1083,3234,0.4931388199329376
1696,1083,2918,0.49307113885879517
1697,1083,3424,0.4930139183998108
1698,1083,84,0.49291715025901794
1699,1083,1227,0.492870956659317
1700,1083,448,0.4927438199520111
1701,1083,531,0.4927062690258026
1702,1083,1640,0.492669016122818
1703,1083,2384,0.49263882637023926
1704,1083,2813,0.49249759316444397
1705,1083,3069,0.49249279499053955
1706,1083,2331,0.492418110370636
1707,1083,1644,0.49234044551849365
1708,1083,1715,0.49208909273147583
1709,1083,1652,0.49190396070480347
1710,1083,1599,0.49167975783348083
1711,1083,1348,0.49165216088294983
1712,1083,3061,0.49148502945899963
1713,1083,848,0.4913215935230255
1714,1083,751,0.4913122057914734
1715,1083,1146,0.4912158250808716
1716,1083,593,0.4911532998085022
1717,1083,2011,0.49103474617004395
1718,1083,1618,0.49102336168289185
1719,1083,2829,0.49063941836357117
1720,1083,1668,0.4904389977455139
1721,1083,2392,0.4904274344444275
1722,1083,2758,0.49007779359817505
1723,1083,2415,0.4899478852748871
1724,1083,1678,0.48994457721710205
1725,1083,2590,0.4899194538593292
1726,1083,914,0.4898107349872589
1727,1083,2453,0.4897984266281128
1728,1083,2769,0.48976168036460876
1729,1083,3128,0.4895329773426056
1730,1083,1587,0.4890598952770233
1731,1083,1686,0.4890388250350952
1732,1083,754,0.4890160858631134
1733,1083,337,0.4890029728412628
1734,1083,851,0.48897600173950195
1735,1083,3577,0.48851388692855835
1736,1083,1713,0.48848289251327515
1737,1083,3442,0.4881782829761505
1738,1083,46,0.48816248774528503
1739,1083,2386,0.48804759979248047
1740,1083,160,0.48788702487945557
1741,1083,1978,0.48777833580970764
1742,1083,3148,0.4875081777572632
1743,1083,3020,0.4874032139778137
1744,1083,522,0.48739027976989746
1745,1083,1338,0.4871695935726166
1746,1083,766,0.4868718087673187
1747,1083,363,0.4866635203361511
1748,1083,354,0.48659446835517883
1749,1083,1934,0.4864884316921234
1750,1083,939,0.4864395558834076
1751,1083,2373,0.48643797636032104
1752,1083,3064,0.4864240288734436
1753,1083,673,0.4863467812538147
1754,1083,2312,0.4863068163394928
1755,1083,2894,0.48605048656463623
1756,1083,17,0.48603731393814087
1757,1083,3095,0.48586708307266235
1758,1083,1369,0.4858439564704895
1759,1083,1748,0.4856375455856323
1760,1083,2398,0.4854481816291809
1761,1083,3356,0.4854438006877899
1762,1083,3311,0.4853155314922333
1763,1083,601,0.4851563572883606
1764,1083,1297,0.4850023686885834
1765,1083,1134,0.484809011220932
1766,1083,1606,0.4846731722354889
1767,1083,2911,0.484598845243454
1768,1083,3441,0.4845860004425049
1769,1083,185,0.4844156503677368
1770,1083,1960,0.4843098521232605
1771,1083,3221,0.4839877188205719
1772,1083,1399,0.4836762845516205
1773,1083,3067,0.48366856575012207
1774,1083,3392,0.48365503549575806
1775,1083,2121,0.4835434556007385
1776,1083,2435,0.4834737479686737
1777,1083,1060,0.4833037257194519
1778,1083,3090,0.482944518327713
1779,1083,3190,0.48277589678764343
1780,1083,1370,0.48276177048683167
1781,1083,711,0.4821819067001343
1782,1083,1488,0.48206081986427307
1783,1083,1318,0.4820377230644226
1784,1083,2898,0.4819924235343933
1785,1083,421,0.48197564482688904
1786,1083,1719,0.48166459798812866
1787,1083,706,0.48145461082458496
1788,1083,586,0.4813929796218872
1789,1083,1292,0.4813515245914459
1790,1083,403,0.4812195301055908
1791,1083,879,0.48115718364715576
1792,1083,2059,0.4810585081577301
1793,1083,2310,0.4808421730995178
1794,1083,1723,0.4807216227054596
1795,1083,2151,0.48030802607536316
1796,1083,3052,0.48030561208724976
1797,1083,3384,0.480093777179718
1798,1083,283,0.4800507426261902
1799,1083,95,0.47980743646621704
1800,1083,164,0.47963398694992065
1801,1083,2968,0.47955945134162903
1802,1083,2053,0.4794614613056183
1803,1083,449,0.4793550670146942
1804,1083,2964,0.47907787561416626
1805,1083,685,0.47890716791152954
1806,1083,2747,0.4786357581615448
1807,1083,116,0.47862404584884644
1808,1083,2233,0.4784529209136963
1809,1083,447,0.47837111353874207
1810,1083,594,0.4783341586589813
1811,1083,3045,0.4782959520816803
1812,1083,573,0.47822096943855286
1813,1083,2389,0.478199303150177
1814,1083,589,0.4781225025653839
1815,1083,828,0.478005588054657
1816,1083,2085,0.47798681259155273
1817,1083,3282,0.47795945405960083
1818,1083,1921,0.47785237431526184
1819,1083,3059,0.4776948094367981
1820,1083,835,0.4776661694049835
1821,1083,446,0.4771443009376526
1822,1083,3610,0.4770142436027527
1823,1083,1597,0.47687408328056335
1824,1083,888,0.47638294100761414
1825,1083,3160,0.4763661026954651
1826,1083,876,0.4761735796928406
1827,1083,1299,0.4760477542877197
1828,1083,364,0.4760425090789795
1829,1083,2102,0.47592872381210327
1830,1083,1429,0.4757574498653412
1831,1083,2865,0.4757436215877533
1832,1083,1956,0.47565892338752747
1833,1083,1746,0.47561636567115784
1834,1083,3057,0.47541528940200806
1835,1083,2833,0.47540605068206787
1836,1083,2689,0.4752110540866852
1837,1083,53,0.47518348693847656
1838,1083,1236,0.4751693904399872
1839,1083,3557,0.4749874472618103
1840,1083,1230,0.4749586284160614
1841,1083,917,0.4747990667819977
1842,1083,532,0.4746663570404053
1843,1083,3651,0.47420865297317505
1844,1083,3220,0.47410398721694946
1845,1083,1912,0.4739188849925995
1846,1083,3607,0.4738708734512329
1847,1083,323,0.4738039970397949
1848,1083,2645,0.47380301356315613
1849,1083,2116,0.47378867864608765
1850,1083,3525,0.47366225719451904
1851,1083,2900,0.4736398160457611
1852,1083,3242,0.4735311269760132
1853,1083,24,0.47352319955825806
1854,1083,484,0.4731366038322449
1855,1083,947,0.4731307625770569
1856,1083,1911,0.473129004240036
1857,1083,526,0.47303035855293274
1858,1083,2119,0.4725383520126343
1859,1083,1783,0.4724882245063782
1860,1083,2414,0.47244447469711304
1861,1083,1169,0.4724128544330597
1862,1083,2951,0.4722183644771576
1863,1083,2,0.47213292121887207
1864,1083,1436,0.4718758165836334
1865,1083,2174,0.4717817008495331
1866,1083,956,0.4717501401901245
1867,1083,3375,0.47158971428871155
1868,1083,1589,0.47146347165107727
1869,1083,2372,0.471367210149765
1870,1083,850,0.4707987606525421
1871,1083,607,0.47070014476776123
1872,1083,688,0.4706219732761383
1873,1083,253,0.47044599056243896
1874,1083,2045,0.47032707929611206
1875,1083,1513,0.47006756067276
1876,1083,2782,0.46998584270477295
1877,1083,2449,0.46967312693595886
1878,1083,2756,0.46949508786201477
1879,1083,2907,0.46945133805274963
1880,1083,521,0.4693838953971863
1881,1083,1639,0.4693213105201721
1882,1083,3379,0.4693121016025543
1883,1083,1789,0.4692569971084595
1884,1083,2654,0.46907469630241394
1885,1083,381,0.4688965380191803
1886,1083,2902,0.46872058510780334
1887,1083,2106,0.46858498454093933
1888,1083,1974,0.4682719111442566
1889,1083,1881,0.46809929609298706
1890,1083,2456,0.4679678976535797
1891,1083,1357,0.4679059088230133
1892,1083,286,0.46790266036987305
1893,1083,1154,0.46787282824516296
1894,1083,2005,0.467826783657074
1895,1083,541,0.46773460507392883
1896,1083,2013,0.4674181640148163
1897,1083,2750,0.46724867820739746
1898,1083,5,0.46718329191207886
1899,1083,1858,0.4670955538749695
1900,1083,3197,0.46704378724098206
1901,1083,2852,0.46700960397720337
1902,1083,2757,0.4669853150844574
1903,1083,460,0.46687889099121094
1904,1083,3632,0.4668353497982025
1905,1083,1280,0.46634820103645325
1906,1083,1148,0.46603673696517944
1907,1083,1508,0.4659925401210785
1908,1083,2820,0.4658854603767395
1909,1083,3191,0.4655056297779083
1910,1083,515,0.46521541476249695
1911,1083,2416,0.4652045667171478
1912,1083,777,0.4651513397693634
1913,1083,2662,0.4650629758834839
1914,1083,2315,0.4649992287158966
1915,1083,2530,0.46496689319610596
1916,1083,2680,0.46472012996673584
1917,1083,1970,0.46466782689094543
1918,1083,2431,0.46443212032318115
1919,1083,1831,0.46440452337265015
1920,1083,2817,0.46415334939956665
1921,1083,1710,0.46403706073760986
1922,1083,2104,0.4638938009738922
1923,1083,1478,0.46383753418922424
1924,1083,529,0.4637429118156433
1925,1083,3584,0.4637303650379181
1926,1083,2734,0.46353673934936523
1927,1083,2690,0.4634910821914673
1928,1083,1249,0.46337389945983887
1929,1083,3316,0.46307307481765747
1930,1083,1598,0.4629848599433899
1931,1083,623,0.4629218578338623
1932,1083,2387,0.4629063904285431
1933,1083,368,0.4628998637199402
1934,1083,2399,0.4626595973968506
1935,1083,3034,0.46264275908470154
1936,1083,1623,0.4624614119529724
1937,1083,47,0.46218666434288025
1938,1083,482,0.46207359433174133
1939,1083,2154,0.4619854688644409
1940,1083,907,0.46195900440216064
1941,1083,1159,0.46174898743629456
1942,1083,2605,0.46164363622665405
1943,1083,2504,0.46164363622665405
1944,1083,1878,0.46157264709472656
1945,1083,978,0.4615381956100464
1946,1083,307,0.46151357889175415
1947,1083,2919,0.4614339768886566
1948,1083,1072,0.4613967835903168
1949,1083,635,0.4613576829433441
1950,1083,3618,0.46098753809928894
1951,1083,1251,0.4608042240142822
1952,1083,642,0.4608026146888733
1953,1083,1923,0.4607635736465454
1954,1083,2818,0.4605324864387512
1955,1083,1261,0.4605269432067871
1956,1083,2712,0.46052539348602295
1957,1083,3187,0.46045804023742676
1958,1083,955,0.46044445037841797
1959,1083,3247,0.4602077901363373
1960,1083,1577,0.46016785502433777
1961,1083,2394,0.46015065908432007
1962,1083,2264,0.46014001965522766
1963,1083,1442,0.46003589034080505
1964,1083,701,0.4598920941352844
1965,1083,2094,0.45987918972969055
1966,1083,2924,0.4598672389984131
1967,1083,880,0.4596894085407257
1968,1083,958,0.459656298160553
1969,1083,2569,0.45960304141044617
1970,1083,2794,0.4594755172729492
1971,1083,2404,0.4594522714614868
1972,1083,661,0.4594266712665558
1973,1083,109,0.4594101905822754
1974,1083,1368,0.4593092203140259
1975,1083,3558,0.4592095613479614
1976,1083,1114,0.45909059047698975
1977,1083,3539,0.45888248085975647
1978,1083,1660,0.4588605463504791
1979,1083,530,0.4587986469268799
1980,1083,1405,0.4586469233036041
1981,1083,2320,0.45856815576553345
1982,1083,1262,0.458530068397522
1983,1083,114,0.4584420323371887
1984,1083,3235,0.4582885503768921
1985,1083,2299,0.45824116468429565
1986,1083,2133,0.4581892490386963
1987,1083,2575,0.458156555891037
1988,1083,1213,0.4581553637981415
1989,1083,126,0.45813411474227905
1990,1083,336,0.45803675055503845
1991,1083,970,0.4579054117202759
1992,1083,223,0.45770272612571716
1993,1083,479,0.45734861493110657
1994,1083,1277,0.45717760920524597
1995,1083,671,0.4571673274040222
1996,1083,298,0.45691514015197754
1997,1083,2775,0.4567570984363556
1998,1083,2096,0.45666074752807617
1999,1083,3073,0.45654842257499695
2000,1083,3237,0.4565300941467285
2001,1083,3453,0.4564862549304962
2002,1083,1419,0.45644378662109375
2003,1083,1871,0.45639568567276
2004,1083,2467,0.4561939239501953
2005,1083,245,0.4560920298099518
2006,1083,963,0.4560418128967285
2007,1083,3035,0.45571911334991455
2008,1083,2224,0.4555608630180359
2009,1083,925,0.45546746253967285
2010,1083,80,0.4551876485347748
2011,1083,3068,0.455016165971756
2012,1083,2193,0.45492789149284363
2013,1083,3624,0.45475953817367554
2014,1083,3084,0.45473989844322205
2015,1083,3063,0.4540669322013855
2016,1083,605,0.4540252685546875
2017,1083,1250,0.4538867473602295
2018,1083,1315,0.453884094953537
2019,1083,1225,0.45373624563217163
2020,1083,780,0.4536832571029663
2021,1083,2074,0.4529336094856262
2022,1083,2941,0.45263051986694336
2023,1083,953,0.4526249170303345
2024,1083,3415,0.45261603593826294
2025,1083,2598,0.45256099104881287
2026,1083,829,0.45234912633895874
2027,1083,2960,0.45216336846351624
2028,1083,2823,0.45184198021888733
2029,1083,2489,0.451656699180603
2030,1083,3168,0.45150965452194214
2031,1083,1102,0.4514633119106293
2032,1083,2306,0.45144006609916687
2033,1083,1731,0.4511948227882385
2034,1083,981,0.45112133026123047
2035,1083,97,0.451103150844574
2036,1083,3622,0.45108380913734436
2037,1083,2846,0.45090195536613464
2038,1083,3223,0.45080748200416565
2039,1083,3324,0.4507787525653839
2040,1083,3178,0.45077136158943176
2041,1083,76,0.4505003094673157
2042,1083,1838,0.4504826068878174
2043,1083,1794,0.45038607716560364
2044,1083,3463,0.45035627484321594
2045,1083,2017,0.4501227140426636
2046,1083,690,0.4500150978565216
2047,1083,2231,0.449867844581604
2048,1083,715,0.44984155893325806
2049,1083,1017,0.44974926114082336
2050,1083,2363,0.44961783289909363
2051,1083,2679,0.4494195878505707
2052,1083,1963,0.44922372698783875
2053,1083,1298,0.44918447732925415
2054,1083,250,0.4491712749004364
2055,1083,2765,0.4491662085056305
2056,1083,2933,0.44915103912353516
2057,1083,92,0.44844016432762146
2058,1083,3048,0.4483065903186798
2059,1083,1179,0.4481872022151947
2060,1083,2607,0.4481416940689087
2061,1083,23,0.4479714035987854
2062,1083,2388,0.44788527488708496
2063,1083,1711,0.4477579891681671
2064,1083,2487,0.4476207494735718
2065,1083,2706,0.44755008816719055
2066,1083,1403,0.4474952816963196
2067,1083,3455,0.4472615718841553
2068,1083,892,0.4471966028213501
2069,1083,252,0.4471450746059418
2070,1083,2137,0.44704994559288025
2071,1083,2993,0.44701313972473145
2072,1083,1707,0.44674453139305115
2073,1083,1229,0.44674238562583923
2074,1083,1770,0.4466525614261627
2075,1083,1650,0.44651588797569275
2076,1083,1981,0.44649815559387207
2077,1083,2450,0.4464898705482483
2078,1083,844,0.44646820425987244
2079,1083,968,0.446261465549469
2080,1083,2572,0.4460338354110718
2081,1083,1352,0.4458102285861969
2082,1083,2249,0.4457136392593384
2083,1083,1925,0.44569993019104004
2084,1083,169,0.4452176094055176
2085,1083,806,0.4449930787086487
2086,1083,2812,0.4449467658996582
2087,1083,2405,0.4447884261608124
2088,1083,1737,0.44475266337394714
2089,1083,1807,0.4447011351585388
2090,1083,874,0.4446353614330292
2091,1083,2716,0.44456619024276733
2092,1083,1975,0.4445059597492218
2093,1083,3600,0.44444382190704346
2094,1083,2164,0.4443961977958679
2095,1083,2232,0.4442073702812195
2096,1083,2086,0.443880170583725
2097,1083,3219,0.4437529146671295
2098,1083,791,0.4435275197029114
2099,1083,889,0.44332242012023926
2100,1083,1880,0.4430592656135559
2101,1083,2093,0.44295749068260193
2102,1083,1679,0.4429539442062378
2103,1083,2585,0.4428090453147888
2104,1083,2998,0.44272109866142273
2105,1083,3419,0.44268590211868286
2106,1083,2509,0.4425206780433655
2107,1083,338,0.44244298338890076
2108,1083,159,0.4417741298675537
2109,1083,3079,0.44159868359565735
2110,1083,525,0.44155535101890564
2111,1083,1814,0.4413200914859772
2112,1083,2333,0.44122812151908875
2113,1083,2129,0.44119831919670105
2114,1083,3136,0.4411379098892212
2115,1083,1793,0.4407936930656433
2116,1083,2230,0.44061651825904846
2117,1083,2832,0.4404268264770508
2118,1083,2227,0.44038650393486023
2119,1083,67,0.4403243064880371
2120,1083,2163,0.4403008818626404
2121,1083,1087,0.4402755796909332
2122,1083,373,0.44024425745010376
2123,1083,1282,0.44012749195098877
2124,1083,957,0.43989285826683044
2125,1083,2708,0.43979698419570923
2126,1083,2381,0.43977415561676025
2127,1083,964,0.43972498178482056
2128,1083,3553,0.43959176540374756
2129,1083,511,0.439581960439682
2130,1083,622,0.43946242332458496
2131,1083,2148,0.4394213855266571
2132,1083,1022,0.4393693208694458
2133,1083,3588,0.4393550157546997
2134,1083,353,0.4393465518951416
2135,1083,687,0.43928784132003784
2136,1083,1000,0.4392288029193878
2137,1083,2528,0.4392172694206238
2138,1083,190,0.4390815198421478
2139,1083,575,0.4388919174671173
2140,1083,2025,0.4388885498046875
2141,1083,3009,0.4385555684566498
2142,1083,1067,0.4384554922580719
2143,1083,3127,0.43818411231040955
2144,1083,2165,0.43817275762557983
2145,1083,2037,0.438147634267807
2146,1083,1106,0.43800491094589233
2147,1083,30,0.43761980533599854
2148,1083,3110,0.4376167953014374
2149,1083,2049,0.4370031952857971
2150,1083,2024,0.43694502115249634
2151,1083,2628,0.43659472465515137
2152,1083,1919,0.4365793466567993
2153,1083,574,0.436553031206131
2154,1083,733,0.43627163767814636
2155,1083,1704,0.4361409842967987
2156,1083,345,0.4360921084880829
2157,1083,2743,0.4360509216785431
2158,1083,998,0.435955673456192
2159,1083,954,0.43544477224349976
2160,1083,1993,0.4352506995201111
2161,1083,2145,0.43508806824684143
2162,1083,1620,0.43491414189338684
2163,1083,550,0.43489205837249756
2164,1083,390,0.4347287714481354
2165,1083,2351,0.4346970021724701
2166,1083,1839,0.43454015254974365
2167,1083,1283,0.43453100323677063
2168,1083,823,0.43420299887657166
2169,1083,2909,0.4341716170310974
2170,1083,2705,0.43396857380867004
2171,1083,1383,0.43388688564300537
2172,1083,1266,0.43385350704193115
2173,1083,682,0.4338081181049347
2174,1083,3446,0.4334504008293152
2175,1083,1151,0.433428555727005
2176,1083,1827,0.433345228433609
2177,1083,434,0.4333438575267792
2178,1083,967,0.4333038628101349
2179,1083,3608,0.43318232893943787
2180,1083,982,0.43311136960983276
2181,1083,3028,0.43305113911628723
2182,1083,78,0.4327482283115387
2183,1083,3318,0.4325620234012604
2184,1083,821,0.4323924481868744
2185,1083,3083,0.43216362595558167
2186,1083,101,0.43210574984550476
2187,1083,3243,0.43179991841316223
2188,1083,576,0.43151888251304626
2189,1083,1066,0.4313885569572449
2190,1083,3309,0.4313861131668091
2191,1083,1692,0.4313291907310486
2192,1083,2057,0.43119242787361145
2193,1083,1223,0.43118131160736084
2194,1083,524,0.4309293031692505
2195,1083,2814,0.4308314919471741
2196,1083,2534,0.43076378107070923
2197,1083,1568,0.4306841194629669
2198,1083,588,0.4305970072746277
2199,1083,1709,0.4305083751678467
2200,1083,156,0.4302101731300354
2201,1083,2269,0.4299700856208801
2202,1083,1690,0.4299619793891907
2203,1083,2704,0.4297187030315399
2204,1083,935,0.4297115206718445
2205,1083,1842,0.42969179153442383
2206,1083,3440,0.4296237826347351
2207,1083,3620,0.4296128749847412
2208,1083,3262,0.42948323488235474
2209,1083,1455,0.429232120513916
2210,1083,1861,0.4292111098766327
2211,1083,2294,0.42920902371406555
2212,1083,1337,0.4289971888065338
2213,1083,2044,0.42887255549430847
2214,1083,663,0.4288235306739807
2215,1083,1061,0.4287678599357605
2216,1083,13,0.4286673963069916
2217,1083,129,0.4285828471183777
2218,1083,969,0.42853397130966187
2219,1083,1833,0.4283676743507385
2220,1083,377,0.42815759778022766
2221,1083,2776,0.4281235337257385
2222,1083,2316,0.4280131757259369
2223,1083,636,0.42748862504959106
2224,1083,695,0.42740193009376526
2225,1083,106,0.4273584485054016
2226,1083,2494,0.427330881357193
2227,1083,1367,0.4272949993610382
2228,1083,2926,0.4272724986076355
2229,1083,2417,0.4272489845752716
2230,1083,1090,0.4271858036518097
2231,1083,3368,0.427055299282074
2232,1083,893,0.42696264386177063
2233,1083,2390,0.42690688371658325
2234,1083,3076,0.4267657697200775
2235,1083,1749,0.4265773594379425
2236,1083,3066,0.426466166973114
2237,1083,2420,0.42639288306236267
2238,1083,2429,0.42623719573020935
2239,1083,2876,0.42621374130249023
2240,1083,1312,0.42615196108818054
2241,1083,2681,0.4259563386440277
2242,1083,991,0.425930380821228
2243,1083,1817,0.4259060323238373
2244,1083,2920,0.425893098115921
2245,1083,96,0.4255598485469818
2246,1083,1581,0.42546164989471436
2247,1083,1373,0.4253944158554077
2248,1083,858,0.4250064194202423
2249,1083,802,0.4250064194202423
2250,1083,3138,0.42496371269226074
2251,1083,3541,0.4249097406864166
2252,1083,976,0.42486393451690674
2253,1083,1291,0.42484670877456665
2254,1083,2878,0.42465320229530334
2255,1083,15,0.4246123433113098
2256,1083,1776,0.42446064949035645
2257,1083,2888,0.4244194030761719
2258,1083,1,0.42432546615600586
2259,1083,1428,0.4240444600582123
2260,1083,165,0.4239901602268219
2261,1083,2335,0.42398229241371155
2262,1083,2040,0.4239722490310669
2263,1083,1609,0.4239260256290436
2264,1083,896,0.42368778586387634
2265,1083,980,0.42363521456718445
2266,1083,2412,0.42348650097846985
2267,1083,1619,0.42344656586647034
2268,1083,571,0.4234251379966736
2269,1083,2241,0.42335841059684753
2270,1083,1990,0.4228791892528534
2271,1083,220,0.422733336687088
2272,1083,1564,0.4226936101913452
2273,1083,2099,0.4225001335144043
2274,1083,1477,0.4223823845386505
2275,1083,2952,0.42220184206962585
2276,1083,3467,0.42186272144317627
2277,1083,247,0.42169979214668274
2278,1083,2336,0.42159444093704224
2279,1083,2522,0.4211534857749939
2280,1083,2079,0.42105433344841003
2281,1083,745,0.42053157091140747
2282,1083,2711,0.42037346959114075
2283,1083,2289,0.42028701305389404
2284,1083,2406,0.4201204180717468
2285,1083,1725,0.42003610730171204
2286,1083,65,0.4200282394886017
2287,1083,2658,0.41998714208602905
2288,1083,1755,0.4199844300746918
2289,1083,1764,0.4199659526348114
2290,1083,2693,0.4196928143501282
2291,1083,2634,0.4196562170982361
2292,1083,77,0.4196295142173767
2293,1083,1131,0.41956570744514465
2294,1083,3208,0.419555127620697
2295,1083,1345,0.41946932673454285
2296,1083,558,0.4194665849208832
2297,1083,2797,0.4190674126148224
2298,1083,3019,0.41855764389038086
2299,1083,2362,0.4185311496257782
2300,1083,2786,0.4184531271457672
2301,1083,3616,0.41844937205314636
2302,1083,2256,0.4181727468967438
2303,1083,962,0.4175865948200226
2304,1083,937,0.4174013137817383
2305,1083,1092,0.4173611104488373
2306,1083,289,0.4172242283821106
2307,1083,0,0.4171578884124756
2308,1083,2421,0.4168359935283661
2309,1083,3133,0.4166945219039917
2310,1083,1153,0.416672021150589
2311,1083,3353,0.41653206944465637
2312,1083,1349,0.4164029657840729
2313,1083,1023,0.4162770211696625
2314,1083,3409,0.4158358573913574
2315,1083,1870,0.4157160520553589
2316,1083,2434,0.4155467748641968
2317,1083,3037,0.4154564142227173
2318,1083,2084,0.4151957631111145
2319,1083,1004,0.41482535004615784
2320,1083,1756,0.4145951569080353
2321,1083,1221,0.4145885109901428
2322,1083,2962,0.4143514335155487
2323,1083,2246,0.4143417775630951
2324,1083,3027,0.4142058491706848
2325,1083,399,0.41415172815322876
2326,1083,1502,0.41408222913742065
2327,1083,3024,0.41408082842826843
2328,1083,1522,0.4140692949295044
2329,1083,1750,0.4139515161514282
2330,1083,1014,0.4138665795326233
2331,1083,3471,0.4137718081474304
2332,1083,3526,0.4136908948421478
2333,1083,3438,0.4136190116405487
2334,1083,587,0.4135248064994812
2335,1083,1253,0.41344180703163147
2336,1083,2994,0.4133654832839966
2337,1083,2122,0.41321858763694763
2338,1083,898,0.4131526052951813
2339,1083,2587,0.4131261706352234
2340,1083,820,0.41294044256210327
2341,1083,8,0.41264042258262634
2342,1083,1611,0.4126177728176117
2343,1083,989,0.41258957982063293
2344,1083,936,0.4125804901123047
2345,1083,1089,0.4125637710094452
2346,1083,1012,0.41255104541778564
2347,1083,3140,0.4125499725341797
2348,1083,1002,0.4123303294181824
2349,1083,1781,0.41225045919418335
2350,1083,3567,0.41216132044792175
2351,1083,2967,0.4120103120803833
2352,1083,2118,0.41169270873069763
2353,1083,2562,0.41148966550827026
2354,1083,2612,0.41146421432495117
2355,1083,4,0.4114486575126648
2356,1083,480,0.41122451424598694
2357,1083,42,0.41118282079696655
2358,1083,3460,0.410990446805954
2359,1083,2527,0.41090255975723267
2360,1083,1996,0.41088175773620605
2361,1083,1905,0.4108455777168274
2362,1083,1149,0.41082483530044556
2363,1083,3251,0.4106634259223938
2364,1083,1745,0.41056209802627563
2365,1083,2574,0.41044890880584717
2366,1083,3292,0.41035062074661255
2367,1083,1979,0.4103357791900635
2368,1083,2886,0.4102625846862793
2369,1083,1420,0.40985172986984253
2370,1083,3250,0.4097464084625244
2371,1083,1528,0.4095896780490875
2372,1083,2822,0.40953725576400757
2373,1083,161,0.4093152582645416
2374,1083,2076,0.40927785634994507
2375,1083,993,0.40921035408973694
2376,1083,2733,0.4090072512626648
2377,1083,350,0.4089588224887848
2378,1083,274,0.40869393944740295
2379,1083,2707,0.4086700677871704
2380,1083,303,0.40859538316726685
2381,1083,301,0.4085078537464142
2382,1083,927,0.4083869457244873
2383,1083,3606,0.4083592891693115
2384,1083,2446,0.408273309469223
2385,1083,20,0.4082551896572113
2386,1083,1868,0.4081616997718811
2387,1083,277,0.4081420302391052
2388,1083,1395,0.40803346037864685
2389,1083,3275,0.40790173411369324
2390,1083,2123,0.4078722298145294
2391,1083,983,0.4077726900577545
2392,1083,476,0.40768811106681824
2393,1083,2463,0.40761280059814453
2394,1083,3344,0.4076041281223297
2395,1083,1248,0.40754926204681396
2396,1083,794,0.40752044320106506
2397,1083,862,0.40723201632499695
2398,1083,2428,0.4071458578109741
2399,1083,1201,0.4071165919303894
2400,1083,172,0.4071051776409149
2401,1083,3500,0.4070887863636017
2402,1083,2649,0.40684616565704346
2403,1083,1718,0.4067724943161011
2404,1083,666,0.4067375361919403
2405,1083,1700,0.406480610370636
2406,1083,2325,0.4063774049282074
2407,1083,1376,0.40614062547683716
2408,1083,713,0.4061046540737152
2409,1083,1642,0.40609458088874817
2410,1083,2354,0.4060584008693695
2411,1083,1813,0.4058668315410614
2412,1083,1306,0.4056891202926636
2413,1083,154,0.405618816614151
2414,1083,3393,0.40546876192092896
2415,1083,2361,0.4051849842071533
2416,1083,147,0.40518495440483093
2417,1083,1610,0.4050912857055664
2418,1083,3209,0.4050174951553345
2419,1083,2959,0.40490227937698364
2420,1083,309,0.4047572910785675
2421,1083,1985,0.4046644866466522
2422,1083,386,0.40457993745803833
2423,1083,2979,0.4038175940513611
2424,1083,2851,0.4036754071712494
2425,1083,485,0.40358391404151917
2426,1083,2944,0.40354275703430176
2427,1083,219,0.40342140197753906
2428,1083,994,0.40326783061027527
2429,1083,2617,0.40297842025756836
2430,1083,755,0.4028652012348175
2431,1083,1591,0.4027472138404846
2432,1083,2001,0.40251240134239197
2433,1083,2971,0.4024854302406311
2434,1083,2890,0.4024509787559509
2435,1083,3504,0.4023265838623047
2436,1083,3001,0.4022330045700073
2437,1083,2973,0.40217986702919006
2438,1083,1247,0.4019494354724884
2439,1083,2636,0.4018549621105194
2440,1083,2652,0.4017862379550934
2441,1083,934,0.401702880859375
2442,1083,321,0.4015563130378723
2443,1083,509,0.4015147089958191
2444,1083,2250,0.4015049636363983
2445,1083,1322,0.40144625306129456
2446,1083,2641,0.40141335129737854
2447,1083,3476,0.40124666690826416
2448,1083,579,0.4011934697628021
2449,1083,2242,0.4010540843009949
2450,1083,2110,0.40104448795318604
2451,1083,922,0.4010407030582428
2452,1083,918,0.4010379910469055
2453,1083,2056,0.4010288715362549
2454,1083,3591,0.4010111689567566
2455,1083,1028,0.40090057253837585
2456,1083,1417,0.40084096789360046
2457,1083,2247,0.40083983540534973
2458,1083,393,0.4006355106830597
2459,1083,975,0.40057647228240967
2460,1083,965,0.40054547786712646
2461,1083,2602,0.4004339575767517
2462,1083,929,0.40043339133262634
2463,1083,3426,0.40042200684547424
2464,1083,2427,0.40038859844207764
2465,1083,1009,0.4003860354423523
2466,1083,170,0.4003545343875885
2467,1083,2740,0.400307834148407
2468,1083,1965,0.4002750515937805
2469,1083,141,0.4001590609550476
2470,1083,3132,0.39994990825653076
2471,1083,1696,0.39988839626312256
2472,1083,581,0.3998609781265259
2473,1083,2064,0.399726927280426
2474,1083,3142,0.3995453119277954
2475,1083,1753,0.39951062202453613
2476,1083,1388,0.399368017911911
2477,1083,1766,0.39924806356430054
2478,1083,730,0.39911922812461853
2479,1083,652,0.3990251123905182
2480,1083,2579,0.39886537194252014
2481,1083,1437,0.39882299304008484
2482,1083,2887,0.39856746792793274
2483,1083,891,0.3985143303871155
2484,1083,1822,0.39840659499168396
2485,1083,2355,0.39838725328445435
2486,1083,1641,0.398165762424469
2487,1083,2996,0.39790382981300354
2488,1083,1775,0.3978692889213562
2489,1083,3022,0.3978104293346405
2490,1083,523,0.39775142073631287
2491,1083,25,0.3977440595626831
2492,1083,2635,0.39773938059806824
2493,1083,2845,0.39771175384521484
2494,1083,1401,0.39766812324523926
2495,1083,1056,0.3975663185119629
2496,1083,2021,0.39751049876213074
2497,1083,2172,0.39750149846076965
2498,1083,3317,0.3974258303642273
2499,1083,478,0.3972661793231964
2500,1083,655,0.397217333316803
2501,1083,2512,0.3971298038959503
2502,1083,1025,0.39699840545654297
2503,1083,2192,0.39689764380455017
2504,1083,578,0.3967207670211792
2505,1083,1517,0.39667096734046936
2506,1083,2850,0.3966553807258606
2507,1083,915,0.3966209590435028
2508,1083,2644,0.39655354619026184
2509,1083,1768,0.3965527415275574
2510,1083,931,0.39626896381378174
2511,1083,2897,0.39626309275627136
2512,1083,406,0.39596474170684814
2513,1083,2236,0.3958137631416321
2514,1083,1672,0.395646333694458
2515,1083,1155,0.3956223726272583
2516,1083,826,0.3955867290496826
2517,1083,640,0.39525875449180603
2518,1083,742,0.3950268030166626
2519,1083,3072,0.39497825503349304
2520,1083,952,0.39484816789627075
2521,1083,2136,0.3948076367378235
2522,1083,630,0.39480355381965637
2523,1083,2036,0.39477577805519104
2524,1083,903,0.3946889638900757
2525,1083,149,0.3946145474910736
2526,1083,2972,0.39454385638237
2527,1083,2095,0.3944081962108612
2528,1083,269,0.39429971575737
2529,1083,343,0.39421606063842773
2530,1083,1222,0.39412921667099
2531,1083,2640,0.3940122723579407
2532,1083,1531,0.39375197887420654
2533,1083,2854,0.39373308420181274
2534,1083,1801,0.3937140107154846
2535,1083,960,0.39370182156562805
2536,1083,546,0.3934049606323242
2537,1083,2473,0.3931368291378021
2538,1083,627,0.3930928707122803
2539,1083,572,0.392850399017334
2540,1083,1006,0.3928183615207672
2541,1083,560,0.392644464969635
2542,1083,348,0.39255207777023315
2543,1083,1492,0.3924650549888611
2544,1083,1350,0.3923953175544739
2545,1083,1232,0.39233899116516113
2546,1083,3634,0.39217880368232727
2547,1083,1003,0.39209914207458496
2548,1083,1549,0.39195799827575684
2549,1083,366,0.39188873767852783
2550,1083,2671,0.3917483389377594
2551,1083,3474,0.39161601662635803
2552,1083,3171,0.39139822125434875
2553,1083,2113,0.3912772536277771
2554,1083,2624,0.3911219537258148
2555,1083,1547,0.39107200503349304
2556,1083,1757,0.39093923568725586
2557,1083,1940,0.390882670879364
2558,1083,241,0.3908325731754303
2559,1083,21,0.39077651500701904
2560,1083,3134,0.3907489776611328
2561,1083,1765,0.39063167572021484
2562,1083,583,0.3905544579029083
2563,1083,401,0.39054083824157715
2564,1083,985,0.39050665497779846
2565,1083,1530,0.39019519090652466
2566,1083,422,0.3900596797466278
2567,1083,881,0.38982129096984863
2568,1083,1987,0.38976800441741943
2569,1083,207,0.3897462487220764
2570,1083,3458,0.3896983563899994
2571,1083,3643,0.38950154185295105
2572,1083,2547,0.3894844055175781
2573,1083,1260,0.38943028450012207
2574,1083,2288,0.389126718044281
2575,1083,2073,0.38903048634529114
2576,1083,2954,0.3890056014060974
2577,1083,908,0.38897794485092163
2578,1083,186,0.38891124725341797
2579,1083,1351,0.3889092206954956
2580,1083,2411,0.3888670802116394
2581,1083,3014,0.3883921802043915
2582,1083,208,0.38834697008132935
2583,1083,904,0.38832277059555054
2584,1083,1538,0.3882582485675812
2585,1083,2262,0.38824260234832764
2586,1083,1832,0.38819143176078796
2587,1083,33,0.38811907172203064
2588,1083,2255,0.3880883753299713
2589,1083,905,0.38793906569480896
2590,1083,940,0.38779401779174805
2591,1083,2653,0.3876872956752777
2592,1083,3629,0.3875690996646881
2593,1083,887,0.38753166794776917
2594,1083,191,0.38739848136901855
2595,1083,3222,0.38734281063079834
2596,1083,3293,0.3873128294944763
2597,1083,3635,0.38703519105911255
2598,1083,1818,0.38694167137145996
2599,1083,3241,0.3869127035140991
2600,1083,999,0.38666343688964844
2601,1083,1657,0.3864286541938782
2602,1083,2727,0.3863627314567566
2603,1083,3483,0.3863169848918915
2604,1083,3002,0.3863005042076111
2605,1083,3602,0.3862229883670807
2606,1083,3026,0.3859623372554779
2607,1083,203,0.3857481777667999
2608,1083,1344,0.38545557856559753
2609,1083,1165,0.3854508697986603
2610,1083,1371,0.38540035486221313
2611,1083,1837,0.38530200719833374
2612,1083,3109,0.3852652609348297
2613,1083,2956,0.38510844111442566
2614,1083,1029,0.38502830266952515
2615,1083,1734,0.38502007722854614
2616,1083,302,0.38483721017837524
2617,1083,3161,0.38455960154533386
2618,1083,942,0.38448795676231384
2619,1083,3065,0.3844645917415619
2620,1083,3427,0.38439464569091797
2621,1083,1664,0.38431382179260254
2622,1083,928,0.38415762782096863
2623,1083,1340,0.3838028907775879
2624,1083,924,0.3834387958049774
2625,1083,1758,0.3833421468734741
2626,1083,1991,0.38327014446258545
2627,1083,153,0.3831633925437927
2628,1083,938,0.38303306698799133
2629,1083,1835,0.38281163573265076
2630,1083,1601,0.3827860355377197
2631,1083,3147,0.3827667236328125
2632,1083,1480,0.3827638626098633
2633,1083,1355,0.382676899433136
2634,1083,2258,0.38247525691986084
2635,1083,151,0.38240164518356323
2636,1083,1288,0.3823884427547455
2637,1083,2622,0.3822994828224182
2638,1083,1457,0.38203880190849304
2639,1083,1796,0.38202565908432007
2640,1083,2238,0.3819337785243988
2641,1083,158,0.3818785548210144
2642,1083,2948,0.3818601965904236
2643,1083,1804,0.3817305266857147
2644,1083,3331,0.3816119134426117
2645,1083,3253,0.3815900981426239
2646,1083,2715,0.3813701868057251
2647,1083,2263,0.38132598996162415
2648,1083,866,0.3812806308269501
2649,1083,669,0.38111579418182373
2650,1083,657,0.3810744881629944
2651,1083,294,0.3808535039424896
2652,1083,930,0.38083672523498535
2653,1083,2020,0.3803194463253021
2654,1083,1011,0.3802272081375122
2655,1083,2061,0.38015416264533997
2656,1083,2401,0.3801308274269104
2657,1083,992,0.38008570671081543
2658,1083,2799,0.3800221085548401
2659,1083,3012,0.37990254163742065
2660,1083,10,0.3797188401222229
2661,1083,3137,0.37929120659828186
2662,1083,2239,0.3791942894458771
2663,1083,3108,0.3789820373058319
2664,1083,2990,0.37880876660346985
2665,1083,3452,0.37879592180252075
2666,1083,1302,0.3786551356315613
2667,1083,2599,0.3784886598587036
2668,1083,183,0.37843406200408936
2669,1083,2138,0.3782442510128021
2670,1083,2240,0.3781052529811859
2671,1083,3366,0.37781012058258057
2672,1083,318,0.3775757849216461
2673,1083,2237,0.3775296211242676
2674,1083,372,0.377132385969162
2675,1083,1493,0.37707510590553284
2676,1083,3018,0.37700432538986206
2677,1083,2058,0.37681150436401367
2678,1083,57,0.3766612410545349
2679,1083,282,0.37639445066452026
2680,1083,2409,0.3761464059352875
2681,1083,2561,0.3761071562767029
2682,1083,2066,0.3759900629520416
2683,1083,2800,0.37592965364456177
2684,1083,1988,0.3758295774459839
2685,1083,1632,0.37568414211273193
2686,1083,3367,0.3755592107772827
2687,1083,1412,0.37547823786735535
2688,1083,375,0.37536337971687317
2689,1083,1543,0.3751414120197296
2690,1083,3487,0.37509897351264954
2691,1083,2445,0.37489959597587585
2692,1083,1795,0.3747822344303131
2693,1083,2397,0.3747297525405884
2694,1083,3082,0.37461820244789124
2695,1083,349,0.3746131658554077
2696,1083,1636,0.3742641806602478
2697,1083,2078,0.3742353618144989
2698,1083,1580,0.3740744888782501
2699,1083,3004,0.3740232288837433
2700,1083,130,0.3735935091972351
2701,1083,1533,0.37341442704200745
2702,1083,1525,0.37324878573417664
2703,1083,1778,0.37318262457847595
2704,1083,1561,0.3731159269809723
2705,1083,334,0.3730693459510803
2706,1083,1815,0.3729216754436493
2707,1083,1500,0.3727741241455078
2708,1083,3294,0.37266218662261963
2709,1083,3194,0.37217432260513306
2710,1083,1346,0.3721233308315277
2711,1083,996,0.3719876706600189
2712,1083,2019,0.37193235754966736
2713,1083,3449,0.37184056639671326
2714,1083,2801,0.37180933356285095
2715,1083,2191,0.3715086579322815
2716,1083,553,0.3712884783744812
2717,1083,2077,0.37128502130508423
2718,1083,2526,0.371004581451416
2719,1083,972,0.37085357308387756
2720,1083,125,0.3708331286907196
2721,1083,1741,0.3707444667816162
2722,1083,3365,0.37069419026374817
2723,1083,2055,0.3704507648944855
2724,1083,752,0.37032824754714966
2725,1083,3527,0.370302677154541
2726,1083,420,0.37023770809173584
2727,1083,1663,0.37021690607070923
2728,1083,7,0.37017136812210083
2729,1083,2158,0.3700979948043823
2730,1083,1675,0.36992016434669495
2731,1083,2946,0.3696921169757843
2732,1083,2141,0.36962658166885376
2733,1083,1712,0.3695053458213806
2734,1083,1416,0.36941060423851013
2735,1083,732,0.3693672716617584
2736,1083,2419,0.36924102902412415
2737,1083,374,0.36922314763069153
2738,1083,3278,0.369179904460907
2739,1083,3445,0.36894601583480835
2740,1083,3150,0.36869409680366516
2741,1083,2687,0.36861705780029297
2742,1083,750,0.368536114692688
2743,1083,2874,0.3683556020259857
2744,1083,2643,0.36822736263275146
2745,1083,1844,0.36820080876350403
2746,1083,3612,0.36807435750961304
2747,1083,3431,0.36799293756484985
2748,1083,2987,0.36783626675605774
2749,1083,971,0.3676714301109314
2750,1083,2408,0.3675958216190338
2751,1083,897,0.36750200390815735
2752,1083,1019,0.36746278405189514
2753,1083,1875,0.3673347532749176
2754,1083,2082,0.367300808429718
2755,1083,658,0.36727502942085266
2756,1083,2753,0.36718544363975525
2757,1083,1811,0.3670720160007477
2758,1083,1823,0.3668208420276642
2759,1083,3413,0.3665692210197449
2760,1083,894,0.3664132356643677
2761,1083,1211,0.3662794828414917
2762,1083,921,0.36627763509750366
2763,1083,1622,0.3662438690662384
2764,1083,2912,0.3662215769290924
2765,1083,873,0.3660319745540619
2766,1083,883,0.36595070362091064
2767,1083,3358,0.36590638756752014
2768,1083,1279,0.3658512830734253
2769,1083,1751,0.3657432198524475
2770,1083,1924,0.3655426502227783
2771,1083,3156,0.3654909133911133
2772,1083,3404,0.3653554320335388
2773,1083,134,0.36527448892593384
2774,1083,1015,0.36512133479118347
2775,1083,2035,0.3650757372379303
2776,1083,288,0.36506426334381104
2777,1083,909,0.36494383215904236
2778,1083,951,0.36485379934310913
2779,1083,1423,0.36458802223205566
2780,1083,1510,0.36448433995246887
2781,1083,2961,0.36446887254714966
2782,1083,2555,0.364432156085968
2783,1083,295,0.3644312024116516
2784,1083,3087,0.3643288016319275
2785,1083,846,0.36427992582321167
2786,1083,2244,0.3641134202480316
2787,1083,949,0.3640933036804199
2788,1083,849,0.36391520500183105
2789,1083,313,0.36383822560310364
2790,1083,267,0.36379024386405945
2791,1083,82,0.36372870206832886
2792,1083,3016,0.3634917140007019
2793,1083,3447,0.36347463726997375
2794,1083,2521,0.3631409704685211
2795,1083,2651,0.3630932569503784
2796,1083,882,0.3629511892795563
2797,1083,1365,0.3629303574562073
2798,1083,3585,0.36280232667922974
2799,1083,1802,0.3626679480075836
2800,1083,1583,0.36262285709381104
2801,1083,516,0.3625375032424927
2802,1083,591,0.3625030219554901
2803,1083,3074,0.3624795377254486
2804,1083,721,0.3623717725276947
2805,1083,768,0.36229661107063293
2806,1083,167,0.36220303177833557
2807,1083,3456,0.36217445135116577
2808,1083,176,0.36214351654052734
2809,1083,3503,0.3618760406970978
2810,1083,3081,0.3618025481700897
2811,1083,1829,0.3617687523365021
2812,1083,279,0.36174625158309937
2813,1083,2684,0.3616039454936981
2814,1083,3421,0.3615102767944336
2815,1083,1790,0.3613414764404297
2816,1083,513,0.3612097501754761
2817,1083,2784,0.36108678579330444
2818,1083,2576,0.3608759343624115
2819,1083,884,0.3606971800327301
2820,1083,559,0.3605549931526184
2821,1083,577,0.36054134368896484
2822,1083,1582,0.36042875051498413
2823,1083,2490,0.36042529344558716
2824,1083,919,0.36027878522872925
2825,1083,233,0.3601820766925812
2826,1083,49,0.35987889766693115
2827,1083,621,0.3598630428314209
2828,1083,1354,0.35956045985221863
2829,1083,59,0.3595176637172699
2830,1083,2631,0.35942330956459045
2831,1083,1560,0.35938745737075806
2832,1083,347,0.359377920627594
2833,1083,200,0.3593348264694214
2834,1083,2710,0.3592781722545624
2835,1083,1565,0.35926514863967896
2836,1083,580,0.3592478036880493
2837,1083,2619,0.3591563105583191
2838,1083,944,0.35905691981315613
2839,1083,174,0.35894837975502014
2840,1083,270,0.3589456081390381
2841,1083,3164,0.35888272523880005
2842,1083,2080,0.3585365414619446
2843,1083,2248,0.3584652245044708
2844,1083,1446,0.35833191871643066
2845,1083,2664,0.358121782541275
2846,1083,966,0.3580200970172882
2847,1083,2004,0.3579258918762207
2848,1083,492,0.35783228278160095
2849,1083,551,0.35773465037345886
2850,1083,2573,0.3576732277870178
2851,1083,2282,0.35765448212623596
2852,1083,2322,0.35761746764183044
2853,1083,1430,0.3574986159801483
2854,1083,214,0.3574278652667999
2855,1083,1873,0.3572819232940674
2856,1083,3085,0.35700130462646484
2857,1083,1920,0.35681670904159546
2858,1083,2883,0.35665056109428406
2859,1083,2358,0.3566283583641052
2860,1083,2356,0.3566283583641052
2861,1083,584,0.3565443456172943
2862,1083,162,0.35636577010154724
2863,1083,1020,0.35633400082588196
2864,1083,609,0.3562600910663605
2865,1083,1867,0.3562055230140686
2866,1083,2426,0.3559316396713257
2867,1083,217,0.3557051420211792
2868,1083,127,0.35564422607421875
2869,1083,2805,0.35551828145980835
2870,1083,2034,0.3555130362510681
2871,1083,1860,0.3553362488746643
2872,1083,2424,0.35529467463493347
2873,1083,1497,0.35526296496391296
2874,1083,3469,0.35510435700416565
2875,1083,1687,0.35504335165023804
2876,1083,2092,0.35501787066459656
2877,1083,1474,0.35473406314849854
2878,1083,1024,0.35463976860046387
2879,1083,389,0.3546235263347626
2880,1083,2245,0.3545360565185547
2881,1083,990,0.35452595353126526
2882,1083,2352,0.35447099804878235
2883,1083,43,0.3543996512889862
2884,1083,2908,0.35428038239479065
2885,1083,1290,0.3542482852935791
2886,1083,3071,0.3542024791240692
2887,1083,2100,0.35413578152656555
2888,1083,3405,0.3540799915790558
2889,1083,385,0.35407334566116333
2890,1083,890,0.3540634512901306
2891,1083,178,0.35377979278564453
2892,1083,317,0.35376787185668945
2893,1083,1319,0.3537551164627075
2894,1083,242,0.3537481129169464
2895,1083,2088,0.3536427915096283
2896,1083,193,0.35335224866867065
2897,1083,3508,0.35332706570625305
2898,1083,3015,0.35316693782806396
2899,1083,150,0.353130966424942
2900,1083,1593,0.35290148854255676
2901,1083,3598,0.35280585289001465
2902,1083,1356,0.3526618778705597
2903,1083,1559,0.35263681411743164
2904,1083,216,0.3526180386543274
2905,1083,218,0.35253995656967163
2906,1083,847,0.35249951481819153
2907,1083,637,0.35242098569869995
2908,1083,2950,0.3523905575275421
2909,1083,2226,0.3523879647254944
2910,1083,1001,0.35236889123916626
2911,1083,3146,0.3521808087825775
2912,1083,3106,0.35217389464378357
2913,1083,582,0.35211318731307983
2914,1083,2661,0.3520197868347168
2915,1083,2742,0.35191622376441956
2916,1083,2062,0.35187211632728577
2917,1083,2991,0.3517897427082062
2918,1083,1917,0.3516940772533417
2919,1083,3193,0.3515579402446747
2920,1083,2633,0.3514443635940552
2921,1083,3494,0.3510807454586029
2922,1083,997,0.3508409559726715
2923,1083,1013,0.3508284091949463
2924,1083,2955,0.3507632315158844
2925,1083,2873,0.35072633624076843
2926,1083,115,0.35043519735336304
2927,1083,1555,0.35028597712516785
2928,1083,2357,0.3502766489982605
2929,1083,2557,0.3502715229988098
2930,1083,3166,0.35013580322265625
2931,1083,211,0.35010915994644165
2932,1083,1007,0.34996315836906433
2933,1083,103,0.3498782813549042
2934,1083,184,0.34982162714004517
2935,1083,668,0.349669486284256
2936,1083,1916,0.3495093882083893
2937,1083,2984,0.34939044713974
2938,1083,2252,0.34935951232910156
2939,1083,3513,0.349186509847641
2940,1083,388,0.34913164377212524
2941,1083,1375,0.34910979866981506
2942,1083,3153,0.34905970096588135
2943,1083,1780,0.34891849756240845
2944,1083,1544,0.34850645065307617
2945,1083,913,0.34838253259658813
2946,1083,359,0.3482237458229065
2947,1083,352,0.3481885492801666
2948,1083,237,0.34814590215682983
2949,1083,3207,0.3480922281742096
2950,1083,2046,0.3478185534477234
2951,1083,759,0.3475654423236847
2952,1083,1016,0.3475067615509033
2953,1083,906,0.34747248888015747
2954,1083,1773,0.3474533259868622
2955,1083,986,0.3473435342311859
2956,1083,2600,0.347330778837204
2957,1083,2655,0.3470863997936249
2958,1083,142,0.34698349237442017
2959,1083,249,0.34680527448654175
2960,1083,3493,0.3467887043952942
2961,1083,273,0.34669771790504456
2962,1083,182,0.34654149413108826
2963,1083,2143,0.34616708755493164
2964,1083,197,0.346159428358078
2965,1083,3507,0.3459325432777405
2966,1083,1088,0.34574803709983826
2967,1083,718,0.3457275331020355
2968,1083,3144,0.3456690013408661
2969,1083,1018,0.34506186842918396
2970,1083,2052,0.34493404626846313
2971,1083,3130,0.3447592258453369
2972,1083,371,0.34466278553009033
2973,1083,2128,0.34456196427345276
2974,1083,2015,0.3443368971347809
2975,1083,1415,0.3442925810813904
2976,1083,1694,0.3442639112472534
2977,1083,3179,0.34418895840644836
2978,1083,2621,0.3440597653388977
2979,1083,1269,0.3439750075340271
2980,1083,202,0.34396234154701233
2981,1083,2552,0.34393998980522156
2982,1083,995,0.3439200520515442
2983,1083,3524,0.34370899200439453
2984,1083,2778,0.34370893239974976
2985,1083,1537,0.3436737060546875
2986,1083,308,0.3435874879360199
2987,1083,1761,0.34326621890068054
2988,1083,758,0.3432442545890808
2989,1083,3075,0.3431994915008545
2990,1083,945,0.34308838844299316
2991,1083,1767,0.3430524468421936
2992,1083,36,0.3428002893924713
2993,1083,1705,0.342790424823761
2994,1083,2452,0.34254857897758484
2995,1083,3131,0.34251338243484497
2996,1083,2630,0.3424224555492401
2997,1083,2139,0.34239473938941956
2998,1083,1950,0.3423265218734741
2999,1083,324,0.34228643774986267
3000,1083,2124,0.3422587215900421
3001,1083,3218,0.34222841262817383
3002,1083,181,0.342072457075119
3003,1083,192,0.34201595187187195
3004,1083,2571,0.34173187613487244
3005,1083,2977,0.3416948616504669
3006,1083,2253,0.341614693403244
3007,1083,2885,0.3415507376194
3008,1083,3139,0.3415100872516632
3009,1083,2407,0.34132030606269836
3010,1083,2043,0.3410373628139496
3011,1083,2368,0.3407616913318634
3012,1083,3373,0.34067273139953613
3013,1083,3089,0.34054750204086304
3014,1083,1665,0.34049344062805176
3015,1083,29,0.34046491980552673
3016,1083,834,0.34040820598602295
3017,1083,773,0.3402956426143646
3018,1083,1989,0.3402830958366394
3019,1083,2942,0.3402256369590759
3020,1083,1971,0.3401905298233032
3021,1083,2069,0.34010449051856995
3022,1083,624,0.340054988861084
3023,1083,853,0.3400048017501831
3024,1083,1894,0.33994343876838684
3025,1083,2081,0.3398483395576477
3026,1083,486,0.3398340940475464
3027,1083,2503,0.3398289382457733
3028,1083,344,0.3398222327232361
3029,1083,1347,0.33964139223098755
3030,1083,2383,0.339630663394928
3031,1083,2560,0.3395238518714905
3032,1083,2438,0.33952292799949646
3033,1083,2839,0.3392699658870697
3034,1083,603,0.3392062783241272
3035,1083,974,0.3391573131084442
3036,1083,3008,0.3391053080558777
3037,1083,2895,0.3391015827655792
3038,1083,2510,0.3389569818973541
3039,1083,1798,0.33894258737564087
3040,1083,1389,0.33893606066703796
3041,1083,514,0.3388018012046814
3042,1083,885,0.3387627899646759
3043,1083,2978,0.3387594223022461
3044,1083,2083,0.33859676122665405
3045,1083,230,0.33849117159843445
3046,1083,1982,0.3384714424610138
3047,1083,132,0.338449090719223
3048,1083,2982,0.3383389711380005
3049,1083,1951,0.33814409375190735
3050,1083,2985,0.33803439140319824
3051,1083,148,0.33778634667396545
3052,1083,977,0.3377722203731537
3053,1083,2366,0.3376753032207489
3054,1083,1786,0.33763211965560913
3055,1083,1562,0.337573379278183
3056,1083,1976,0.3374015986919403
3057,1083,280,0.3372783958911896
3058,1083,3383,0.33719027042388916
3059,1083,2098,0.3370291292667389
3060,1083,2882,0.3368309736251831
3061,1083,2810,0.3368004858493805
3062,1083,3488,0.3366633951663971
3063,1083,2632,0.33641472458839417
3064,1083,143,0.33619070053100586
3065,1083,3418,0.3360055983066559
3066,1083,146,0.33572009205818176
3067,1083,1689,0.3357032537460327
3068,1083,3011,0.335691899061203
3069,1083,542,0.33555692434310913
3070,1083,2889,0.33545786142349243
3071,1083,2403,0.3354158103466034
3072,1083,1133,0.3351413309574127
3073,1083,1828,0.3350396454334259
3074,1083,1364,0.33488351106643677
3075,1083,2030,0.33485618233680725
3076,1083,2402,0.33427295088768005
3077,1083,3457,0.3342563509941101
3078,1083,886,0.33395543694496155
3079,1083,119,0.33391767740249634
3080,1083,3470,0.33389812707901
3081,1083,342,0.3336905241012573
3082,1083,950,0.33362770080566406
3083,1083,3478,0.33352112770080566
3084,1083,1427,0.3334297239780426
3085,1083,2283,0.3333730697631836
3086,1083,2986,0.33329465985298157
3087,1083,3360,0.3332729637622833
3088,1083,3468,0.33325889706611633
3089,1083,2466,0.33320701122283936
3090,1083,1762,0.33314335346221924
3091,1083,1600,0.3330729603767395
3092,1083,670,0.33301490545272827
3093,1083,179,0.33292487263679504
3094,1083,2770,0.33289042115211487
3095,1083,3372,0.3328757882118225
3096,1083,1454,0.33285585045814514
3097,1083,2423,0.3327612578868866
3098,1083,98,0.3326616585254669
3099,1083,397,0.33214375376701355
3100,1083,3480,0.331968754529953
3101,1083,120,0.331839382648468
3102,1083,168,0.3317669630050659
3103,1083,2039,0.3316545784473419
3104,1083,1542,0.3316488564014435
3105,1083,680,0.331325888633728
3106,1083,2947,0.33117565512657166
3107,1083,1008,0.3311340808868408
3108,1083,2514,0.3311091959476471
3109,1083,2627,0.3311091959476471
3110,1083,2685,0.33099597692489624
3111,1083,1830,0.3309888243675232
3112,1083,2317,0.3309614956378937
3113,1083,798,0.33093804121017456
3114,1083,2461,0.33092039823532104
3115,1083,2108,0.33062633872032166
3116,1083,2988,0.3305951654911041
3117,1083,346,0.33042895793914795
3118,1083,3145,0.3303928077220917
3119,1083,2063,0.3303758502006531
3120,1083,786,0.33034202456474304
3121,1083,1647,0.3303085267543793
3122,1083,1026,0.3302353322505951
3123,1083,1994,0.3302018940448761
3124,1083,1885,0.32985448837280273
3125,1083,667,0.3297883868217468
3126,1083,1557,0.329748272895813
3127,1083,895,0.32965052127838135
3128,1083,3489,0.32964888215065
3129,1083,1408,0.3295639157295227
3130,1083,2807,0.32947874069213867
3131,1083,2656,0.3294733166694641
3132,1083,2958,0.32940635085105896
3133,1083,2367,0.32932016253471375
3134,1083,597,0.329272598028183
3135,1083,774,0.3292582333087921
3136,1083,1819,0.32918286323547363
3137,1083,194,0.32908496260643005
3138,1083,1289,0.32899096608161926
3139,1083,1772,0.3288884162902832
3140,1083,984,0.3288487493991852
3141,1083,136,0.3288024663925171
3142,1083,2260,0.3286736309528351
3143,1083,379,0.3285391628742218
3144,1083,131,0.32847607135772705
3145,1083,1788,0.3283451497554779
3146,1083,209,0.3282986581325531
3147,1083,2872,0.32824721932411194
3148,1083,626,0.3280913829803467
3149,1083,3439,0.32806727290153503
3150,1083,3017,0.3280597925186157
3151,1083,1799,0.3278740346431732
3152,1083,1792,0.3275916278362274
3153,1083,2914,0.3272930979728699
3154,1083,2592,0.3272658586502075
3155,1083,1414,0.3272467851638794
3156,1083,3010,0.327245831489563
3157,1083,1385,0.3270736336708069
3158,1083,3186,0.3268509805202484
3159,1083,946,0.3267335891723633
3160,1083,2940,0.32634180784225464
3161,1083,370,0.32622772455215454
3162,1083,2975,0.3261973261833191
3163,1083,3005,0.3261948525905609
3164,1083,3492,0.32616472244262695
3165,1083,3359,0.325861394405365
3166,1083,1953,0.3257911205291748
3167,1083,319,0.3255576491355896
3168,1083,902,0.32555311918258667
3169,1083,140,0.32534709572792053
3170,1083,201,0.3253137767314911
3171,1083,1816,0.32528454065322876
3172,1083,2989,0.32523787021636963
3173,1083,2785,0.3251553773880005
3174,1083,749,0.3248874843120575
3175,1083,221,0.3248150944709778
3176,1083,900,0.32455259561538696
3177,1083,2365,0.3244929313659668
3178,1083,3363,0.3241131007671356
3179,1083,3149,0.3239683508872986
3180,1083,2618,0.3238188922405243
3181,1083,2443,0.32378503680229187
3182,1083,729,0.32339516282081604
3183,1083,901,0.323273241519928
3184,1083,1479,0.3231779634952545
3185,1083,173,0.32309290766716003
3186,1083,396,0.322967529296875
3187,1083,2410,0.3228585124015808
3188,1083,2007,0.32275331020355225
3189,1083,959,0.32264623045921326
3190,1083,2663,0.3225069046020508
3191,1083,3509,0.3224557936191559
3192,1083,205,0.3223847448825836
3193,1083,1258,0.3220498859882355
3194,1083,1962,0.32203876972198486
3195,1083,2266,0.3219808042049408
3196,1083,3158,0.32186174392700195
3197,1083,877,0.3218603730201721
3198,1083,1864,0.32185685634613037
3199,1083,2341,0.3218190670013428
3200,1083,1548,0.3215133845806122
3201,1083,380,0.3208090662956238
3202,1083,2875,0.32075417041778564
3203,1083,2107,0.3207325041294098
3204,1083,803,0.32070818543434143
3205,1083,1539,0.3206437826156616
3206,1083,287,0.3206259310245514
3207,1083,369,0.3205776512622833
3208,1083,2146,0.3205240070819855
3209,1083,920,0.3204607367515564
3210,1083,325,0.3203446567058563
3211,1083,1534,0.32007279992103577
3212,1083,2792,0.3200722336769104
3213,1083,2648,0.3197847008705139
3214,1083,2436,0.31977537274360657
3215,1083,1590,0.31959396600723267
3216,1083,137,0.319540411233902
3217,1083,1800,0.31937098503112793
3218,1083,2767,0.3192426264286041
3219,1083,1743,0.31904634833335876
3220,1083,1552,0.3184035122394562
3221,1083,314,0.31796202063560486
3222,1083,1550,0.31794068217277527
3223,1083,213,0.3179159462451935
3224,1083,2766,0.3178311586380005
3225,1083,1410,0.3176761865615845
3226,1083,1785,0.31757768988609314
3227,1083,3448,0.3174152672290802
3228,1083,339,0.31709691882133484
3229,1083,2974,0.3169940710067749
3230,1083,2089,0.3169216811656952
3231,1083,3361,0.31670233607292175
3232,1083,2009,0.3166085481643677
3233,1083,2440,0.31653353571891785
3234,1083,196,0.3165040612220764
3235,1083,3155,0.3164924681186676
3236,1083,1527,0.31647685170173645
3237,1083,1674,0.3161684572696686
3238,1083,175,0.316005140542984
3239,1083,299,0.31597983837127686
3240,1083,1484,0.3158988356590271
3241,1083,187,0.3158833682537079
3242,1083,1471,0.3157235383987427
3243,1083,3376,0.31569504737854004
3244,1083,215,0.31561392545700073
3245,1083,1752,0.3155638575553894
3246,1083,3170,0.315457284450531
3247,1083,1791,0.31541526317596436
3248,1083,3006,0.31525930762290955
3249,1083,2028,0.3151792287826538
3250,1083,189,0.31516948342323303
3251,1083,3143,0.3150748014450073
3252,1083,262,0.31463512778282166
3253,1083,1615,0.31438589096069336
3254,1083,872,0.3141503632068634
3255,1083,1787,0.3140152096748352
3256,1083,788,0.3134787380695343
3257,1083,3266,0.3128387928009033
3258,1083,2251,0.31269553303718567
3259,1083,2879,0.31233125925064087
3260,1083,1567,0.31232601404190063
3261,1083,105,0.3117624819278717
3262,1083,3157,0.3117366135120392
3263,1083,124,0.31165292859077454
3264,1083,943,0.3113195598125458
3265,1083,1512,0.31130173802375793
3266,1083,988,0.3111393451690674
3267,1083,1999,0.3110634684562683
3268,1083,3510,0.31079551577568054
3269,1083,2660,0.3107038736343384
3270,1083,152,0.3104120194911957
3271,1083,2068,0.3103119730949402
3272,1083,1856,0.3097674250602722
3273,1083,180,0.3097571134567261
3274,1083,804,0.309634268283844
3275,1083,284,0.3095768392086029
3276,1083,1193,0.30952394008636475
3277,1083,827,0.30934563279151917
3278,1083,365,0.3087075650691986
3279,1083,3154,0.3086528480052948
3280,1083,2934,0.3086208403110504
3281,1083,2647,0.30861979722976685
3282,1083,1458,0.30853554606437683
3283,1083,1939,0.3085193336009979
3284,1083,1536,0.3083462119102478
3285,1083,933,0.3081933557987213
3286,1083,507,0.30803316831588745
3287,1083,315,0.3079678416252136
3288,1083,1529,0.30782318115234375
3289,1083,2917,0.30781519412994385
3290,1083,3165,0.3077671229839325
3291,1083,2026,0.3076176345348358
3292,1083,188,0.30755847692489624
3293,1083,3103,0.3073292374610901
3294,1083,2692,0.30731362104415894
3295,1083,1027,0.3072618842124939
3296,1083,2558,0.30712032318115234
3297,1083,1005,0.30703097581863403
3298,1083,1872,0.3070138096809387
3299,1083,1797,0.30663254857063293
3300,1083,1448,0.3065207898616791
3301,1083,199,0.3064969778060913
3302,1083,2091,0.3062475919723511
3303,1083,3631,0.3061986565589905
3304,1083,499,0.3061313033103943
3305,1083,1483,0.3059012293815613
3306,1083,2155,0.30548685789108276
3307,1083,60,0.30545350909233093
3308,1083,2271,0.3054087460041046
3309,1083,1469,0.3054053783416748
3310,1083,1195,0.3054050803184509
3311,1083,3003,0.3053339123725891
3312,1083,2983,0.30532023310661316
3313,1083,1563,0.3049825429916382
3314,1083,825,0.30487072467803955
3315,1083,2903,0.3047417998313904
3316,1083,2276,0.30469048023223877
3317,1083,1935,0.3046870827674866
3318,1083,310,0.30438467860221863
3319,1083,335,0.30437716841697693
3320,1083,3422,0.3043326437473297
3321,1083,1556,0.30360886454582214
3322,1083,328,0.3035643994808197
3323,1083,357,0.3035498857498169
3324,1083,3268,0.3034033477306366
3325,1083,3000,0.30328071117401123
3326,1083,2997,0.3031846582889557
3327,1083,2892,0.3029511570930481
3328,1083,1566,0.30274567008018494
3329,1083,2500,0.3027391731739044
3330,1083,3036,0.30239754915237427
3331,1083,2166,0.30235421657562256
3332,1083,331,0.3022318184375763
3333,1083,2360,0.3021438419818878
3334,1083,2965,0.30204588174819946
3335,1083,2481,0.3019047677516937
3336,1083,3351,0.30186372995376587
3337,1083,2659,0.30177733302116394
3338,1083,394,0.3017381429672241
3339,1083,259,0.3016212582588196
3340,1083,376,0.30139413475990295
3341,1083,1782,0.3009999096393585
3342,1083,3485,0.30098578333854675
3343,1083,2976,0.30092427134513855
3344,1083,2153,0.3008752465248108
3345,1083,2896,0.3008752465248108
3346,1083,171,0.3008752465248108
3347,1083,322,0.3008752465248108
3348,1083,1475,0.3008752465248108
3349,1083,1470,0.3008752465248108
3350,1083,1463,0.3008752465248108
3351,1083,2273,0.3008752465248108
3352,1083,2149,0.3008752465248108
3353,1083,2342,0.3008752465248108
3354,1083,1439,0.3008752465248108
3355,1083,1435,0.3008752465248108
3356,1083,2274,0.3008752465248108
3357,1083,2144,0.3008752465248108
3358,1083,1553,0.3008752465248108
3359,1083,3566,0.3008752465248108
3360,1083,1523,0.3008752465248108
3361,1083,787,0.3008752465248108
3362,1083,744,0.3008752465248108
3363,1083,1524,0.3008752465248108
3364,1083,1535,0.3008752465248108
3365,1083,3497,0.3008752465248108
3366,1083,3479,0.3008752465248108
3367,1083,3499,0.3008752465248108
3368,1083,769,0.3008752465248108
3369,1083,1946,0.3008752465248108
3370,1083,2969,0.3008752465248108
3371,1083,3501,0.3008752465248108
3372,1083,2060,0.3008752465248108
3373,1083,1744,0.3008752465248108
3374,1083,747,0.3008752465248108
3375,1083,822,0.3008752465248108
3376,1083,2070,0.3008752465248108
3377,1083,3502,0.3008752465248108
3378,1083,2910,0.3008752465248108
3379,1083,1506,0.3008752465248108
3380,1083,1491,0.3008752465248108
3381,1083,703,0.3008752465248108
3382,1083,1966,0.3008752465248108
3383,1083,1486,0.3008752465248108
3384,1083,1843,0.3008752465248108
3385,1083,1485,0.3008752465248108
3386,1083,2265,0.3008752465248108
3387,1083,206,0.3006998598575592
3388,1083,926,0.30066874623298645
3389,1083,3498,0.3000357747077942
3390,1083,2029,0.29995647072792053
3391,1083,843,0.2998334765434265
3392,1083,2272,0.29951605200767517
3393,1083,3080,0.2994878888130188
3394,1083,911,0.2994410991668701
3395,1083,3433,0.2994227409362793
3396,1083,961,0.2990836799144745
3397,1083,840,0.29873812198638916
3398,1083,272,0.2986302971839905
3399,1083,1309,0.29844000935554504
3400,1083,2567,0.2984129786491394
3401,1083,1604,0.2978787124156952
3402,1083,2459,0.2978597581386566
3403,1083,756,0.2976771891117096
3404,1083,1759,0.2975422739982605
3405,1083,1521,0.29675304889678955
3406,1083,1554,0.2965460419654846
3407,1083,340,0.2965312898159027
3408,1083,2992,0.29635050892829895
3409,1083,1603,0.29586178064346313
3410,1083,2451,0.2958153486251831
3411,1083,135,0.2957441210746765
3412,1083,2067,0.2956998348236084
3413,1083,1735,0.29566383361816406
3414,1083,1740,0.29564398527145386
3415,1083,3495,0.2956257462501526
3416,1083,3078,0.29544568061828613
3417,1083,1806,0.2952320873737335
3418,1083,402,0.2950786054134369
3419,1083,2285,0.29505643248558044
3420,1083,3473,0.29497456550598145
3421,1083,3490,0.294886976480484
3422,1083,3482,0.29469409584999084
3423,1083,2257,0.29468709230422974
3424,1083,1520,0.2946617901325226
3425,1083,2834,0.29452359676361084
3426,1083,987,0.29418492317199707
3427,1083,3505,0.2941523790359497
3428,1083,1495,0.29409947991371155
3429,1083,1585,0.29383793473243713
3430,1083,836,0.2937237620353699
3431,1083,3362,0.2933320105075836
3432,1083,1558,0.29326191544532776
3433,1083,1466,0.2931470572948456
3434,1083,400,0.2931261360645294
3435,1083,2709,0.2930609881877899
3436,1083,1518,0.29279574751853943
3437,1083,477,0.29276004433631897
3438,1083,1605,0.29266297817230225
3439,1083,2768,0.29263007640838623
3440,1083,138,0.2925862967967987
3441,1083,195,0.29249027371406555
3442,1083,356,0.292222797870636
3443,1083,139,0.29211166501045227
3444,1083,741,0.2919985353946686
3445,1083,1810,0.29173702001571655
3446,1083,275,0.291713684797287
3447,1083,1952,0.29170095920562744
3448,1083,358,0.29160788655281067
3449,1083,145,0.2915297746658325
3450,1083,3475,0.2913881540298462
3451,1083,1853,0.2912754714488983
3452,1083,1501,0.2911751866340637
3453,1083,864,0.29095107316970825
3454,1083,728,0.2909190356731415
3455,1083,316,0.29082390666007996
3456,1083,1460,0.29058513045310974
3457,1083,3472,0.2905319631099701
3458,1083,293,0.29041779041290283
3459,1083,102,0.2903597056865692
3460,1083,833,0.28984782099723816
3461,1083,2027,0.28978368639945984
3462,1083,163,0.2896233797073364
3463,1083,3388,0.289570152759552
3464,1083,31,0.28942441940307617
3465,1083,2732,0.28936490416526794
3466,1083,2439,0.28923338651657104
3467,1083,378,0.2883342206478119
3468,1083,1519,0.28789764642715454
3469,1083,1447,0.28750506043434143
3470,1083,285,0.28737980127334595
3471,1083,133,0.28726112842559814
3472,1083,2843,0.28714871406555176
3473,1083,2054,0.28711816668510437
3474,1083,1546,0.28704872727394104
3475,1083,333,0.28703635931015015
3476,1083,2038,0.28694525361061096
3477,1083,1545,0.2868911921977997
3478,1083,3511,0.28679993748664856
3479,1083,2953,0.28664013743400574
3480,1083,3192,0.28662118315696716
3481,1083,1526,0.2865712642669678
3482,1083,3021,0.28652137517929077
3483,1083,1331,0.28626465797424316
3484,1083,392,0.2861167788505554
3485,1083,1440,0.28599509596824646
3486,1083,2840,0.2858361601829529
3487,1083,910,0.2857101261615753
3488,1083,2189,0.2850409150123596
3489,1083,2050,0.28492972254753113
3490,1083,2899,0.2848704159259796
3491,1083,1736,0.2848025858402252
3492,1083,3267,0.28476881980895996
3493,1083,1363,0.2846446931362152
3494,1083,157,0.28457629680633545
3495,1083,263,0.28454238176345825
3496,1083,3167,0.284487783908844
3497,1083,2901,0.28417786955833435
3498,1083,1498,0.28412798047065735
3499,1083,2891,0.28377100825309753
3500,1083,1957,0.28365087509155273
3501,1083,1443,0.2834812104701996
3502,1083,304,0.2831098139286041
3503,1083,1595,0.28302642703056335
3504,1083,332,0.2829411029815674
3505,1083,2688,0.28276902437210083
3506,1083,212,0.2826061248779297
3507,1083,204,0.2822028398513794
3508,1083,1532,0.2821334898471832
3509,1083,783,0.2820255756378174
3510,1083,326,0.2818373143672943
3511,1083,2140,0.28140267729759216
3512,1083,2267,0.28092166781425476
3513,1083,296,0.28087714314460754
3514,1083,1784,0.280381441116333
3515,1083,1372,0.2803499698638916
3516,1083,306,0.27991983294487
3517,1083,2809,0.27971741557121277
3518,1083,1945,0.2796947956085205
3519,1083,1691,0.2796785533428192
3520,1083,1808,0.27914664149284363
3521,1083,3491,0.2790358364582062
3522,1083,2637,0.27879446744918823
3523,1083,3105,0.27862077951431274
3524,1083,2551,0.27860772609710693
3525,1083,166,0.27837371826171875
3526,1083,2033,0.2783145308494568
3527,1083,1287,0.2781625986099243
3528,1083,290,0.27809038758277893
3529,1083,1876,0.27787134051322937
3530,1083,923,0.27781304717063904
3531,1083,361,0.2778122127056122
3532,1083,1551,0.277284175157547
3533,1083,1774,0.27689269185066223
3534,1083,198,0.2768443822860718
3535,1083,2665,0.2766830623149872
3536,1083,2609,0.27618837356567383
3537,1083,3195,0.2760038673877716
3538,1083,932,0.2755011320114136
3539,1083,264,0.27539652585983276
3540,1083,355,0.2753637433052063
3541,1083,2277,0.27530571818351746
3542,1083,816,0.2750817835330963
3543,1083,775,0.27470067143440247
3544,1083,2893,0.2745143473148346
3545,1083,2156,0.2742627263069153
3546,1083,3196,0.274051308631897
3547,1083,1961,0.27354127168655396
3548,1083,3107,0.2734532058238983
3549,1083,1353,0.2731126546859741
3550,1083,177,0.27292606234550476
3551,1083,1754,0.2727368474006653
3552,1083,2275,0.27248209714889526
3553,1083,3357,0.27232542634010315
3554,1083,863,0.2720825672149658
3555,1083,2261,0.271553099155426
3556,1083,2849,0.27118369936943054
3557,1083,2413,0.2710552215576172
3558,1083,2697,0.2707800567150116
3559,1083,1473,0.27071261405944824
3560,1083,1505,0.2706930637359619
3561,1083,144,0.2705298364162445
3562,1083,2268,0.2700948715209961
3563,1083,2842,0.2698723077774048
3564,1083,3104,0.26982852816581726
3565,1083,779,0.2694392502307892
3566,1083,2259,0.26872414350509644
3567,1083,341,0.2686334252357483
3568,1083,2254,0.2686241865158081
3569,1083,2804,0.2685403823852539
3570,1083,2995,0.26832595467567444
3571,1083,1135,0.26819926500320435
3572,1083,1540,0.26806050539016724
3573,1083,941,0.26761531829833984
3574,1083,2629,0.26661938428878784
3575,1083,1487,0.26641151309013367
3576,1083,1426,0.26596444845199585
3577,1083,1594,0.26591867208480835
3578,1083,3496,0.2658444046974182
3579,1083,1947,0.265553742647171
3580,1083,2639,0.2652376592159271
3581,1083,2999,0.26499658823013306
3582,1083,2281,0.2649868428707123
3583,1083,3484,0.26403486728668213
3584,1083,2915,0.26402971148490906
3585,1083,3506,0.2637001574039459
3586,1083,801,0.26336222887039185
3587,1083,1769,0.26314279437065125
3588,1083,3374,0.2628422975540161
3589,1083,398,0.2622617185115814
3590,1083,698,0.26218312978744507
3591,1083,1596,0.2620275616645813
3592,1083,276,0.2612994611263275
3593,1083,625,0.2611965537071228
3594,1083,2042,0.2610102593898773
3595,1083,785,0.26083073019981384
3596,1083,852,0.26030829548835754
3597,1083,3477,0.2601158618927002
3598,1083,2280,0.26002591848373413
3599,1083,1659,0.2597094774246216
3600,1083,1646,0.25947409868240356
3601,1083,793,0.2590780258178711
3602,1083,2642,0.25902852416038513
3603,1083,1541,0.25902843475341797
3604,1083,2789,0.2579894959926605
3605,1083,351,0.25775739550590515
3606,1083,1779,0.2564917802810669
3607,1083,1607,0.25595447421073914
3608,1083,2278,0.25577881932258606
3609,1083,3481,0.25561341643333435
3610,1083,2031,0.25523120164871216
3611,1083,2391,0.255203515291214
3612,1083,2157,0.2547365427017212
3613,1083,210,0.25353437662124634
3614,1083,871,0.25319910049438477
3615,1083,2284,0.2526589035987854
3616,1083,1509,0.252259224653244
3617,1083,1760,0.25222277641296387
3618,1083,664,0.2516917884349823
3619,1083,1402,0.25150755047798157
3620,1083,155,0.25100693106651306
3621,1083,329,0.25066888332366943
3622,1083,2270,0.24979335069656372
3623,1083,1771,0.24952289462089539
3624,1083,1438,0.24928462505340576
3625,1083,1826,0.2488122433423996
3626,1083,278,0.24854685366153717
3627,1083,3039,0.2477433681488037
3628,1083,1727,0.2475748360157013
3629,1083,292,0.24662475287914276
3630,1083,2542,0.24658243358135223
3631,1083,2279,0.24571549892425537
3632,1083,753,0.24527956545352936
3633,1083,784,0.2450842261314392
3634,1083,2364,0.24380381405353546
3635,1083,665,0.24355456233024597
3636,1083,291,0.2434408962726593
3637,1083,2441,0.24171264469623566
3638,1083,387,0.24147479236125946
3639,1083,2115,0.24072621762752533
3640,1083,1394,0.24053938686847687
3641,1083,1824,0.23914052546024323
3642,1083,2442,0.23705394566059113
3643,1083,2615,0.23685717582702637
3644,1083,912,0.23555505275726318
3645,1083,1489,0.23446977138519287
3646,1083,311,0.23397885262966156
3647,1083,2921,0.23315420746803284
3648,1083,3486,0.23044690489768982
3649,1083,1449,0.2283584326505661
3650,1083,1645,0.228004589676857
3651,1083,1507,0.2279704362154007
3652,1083,1670,0.22675852477550507
3653,1083,1511,0.22074845433235168
3654,1083,330,0.21875105798244476
3655,1083,1747,0.20914548635482788
3656,1083,1825,0.1946932077407837
